chr	start	end	name	NcpgMeasured	Nmcpg	mCpG_per_CpG	fracMeth	mnMeth	medMeth	sdMeth	stdErrMeth	maxMeth	minMeth
chr10	78574	86389	Amillepora16770	2	1	0.5	0.5	50	50	70.71067811865476	50	100	0
chr10	56203	78368	Amillepora16769	13	2	0.15384615384615385	0.15384615384615385	15.384615384615385	0	37.553380809940535	10.415433852097385	100	0
chr10	129293	169672	Amillepora16774	30	1	0.03333333333333333	0.03333333333333333	3.3333333333333335	0	18.257418583505544	3.333333333333333	100	0
chr10	116856	127301	Amillepora16773	7	1	0.14285714285714285	0.125	7.142857142857143	0	18.89822365046136	7.142857142857142	50	0
chr10	90029	110622	Amillepora16771	16	6	0.375	0.375	37.5	0	50	12.5	100	0
chr10	201101	205740	Amillepora16778	9	0	0	0	0	0	0	0	0	0
chr10	171170	197798	Amillepora16777	46	5	0.10869565217391304	0.10869565217391304	10.869565217391305	0	31.46963876899777	4.639945099589021	100	0
chr10	207171	226252	Amillepora16779	16	3	0.1875	0.1875	18.75	0	40.311288741492746	10.077822185373186	100	0
chr10	270177	271009	Amillepora16782	2	0	0	0	0	0	0	0	0	0
chr10	271174	271481	Amillepora16783	1	0	0	0	0	0	NA	NA	0	0
chr10	355437	358209	Amillepora16793	8	0	0	0	0	0	0	0	0	0
chr10	290446	301430	Amillepora16784	14	0	0	0	0	0	0	0	0	0
chr10	374803	377778	Amillepora16795	2	0	0	0	0	0	0	0	0	0
chr10	308237	314231	Amillepora16787	9	0	0	0	0	0	0	0	0	0
chr10	361003	374285	Amillepora16794	13	0	0	0	0	0	0	0	0	0
chr10	340754	348300	Amillepora16792	8	0	0	0	0	0	0	0	0	0
chr10	334969	340469	Amillepora16791	8	0	0	0	0	0	0	0	0	0
chr10	323999	326833	Amillepora16790	4	0	0	0	0	0	0	0	0	0
chr10	315180	319549	Amillepora16788	5	0	0	0	0	0	0	0	0	0
chr10	319560	321966	Amillepora16789	3	1	0.3333333333333333	0.3333333333333333	33.333333333333336	0	57.735026918962575	33.333333333333336	100	0
chr10	301858	307307	Amillepora16785	10	0	0	0	0	0	0	0	0	0
chr10	379820	394573	Amillepora16796	14	4	0.2857142857142857	0.2857142857142857	28.571428571428573	0	46.88072309384955	12.529400275814705	100	0
chr10	427276	433019	Amillepora16800	1	0	0	0	0	0	NA	NA	0	0
chr10	407702	418133	Amillepora16798	8	4	0.5	0.4444444444444444	50	50	53.45224838248488	18.89822365046136	100	0
chr10	402308	407282	Amillepora16797	3	0	0	0	0	0	0	0	0	0
chr10	447137	454446	Amillepora16801	3	0	0	0	0	0	0	0	0	0
chr10	499826	500605	Amillepora16804	6	0	0	0	0	0	0	0	0	0
chr10	552049	557208	Amillepora16812	2	0	0	0	0	0	0	0	0	0
chr10	524217	530628	Amillepora16808	1	0	0	0	0	0	NA	NA	0	0
chr10	578761	583442	Amillepora16815	3	0	0	0	0	0	0	0	0	0
chr10	509028	519995	Amillepora16806	1	0	0	0	0	0	NA	NA	0	0
chr10	557392	560593	Amillepora16813	1	0	0	0	0	0	NA	NA	0	0
chr10	520681	524138	Amillepora16807	1	0	0	0	0	0	NA	NA	0	0
chr10	561324	577819	Amillepora16814	21	0	0	0	0	0	0	0	0	0
chr10	543127	551955	Amillepora16811	8	3	0.375	0.375	37.5	0	51.75491695067657	18.298126367784995	100	0
chr10	502299	508613	Amillepora16805	13	1	0.07692307692307693	0.07692307692307693	7.6923076923076925	0	27.735009811261456	7.6923076923076925	100	0
chr10	530873	534770	Amillepora16809	2	0	0	0	0	0	0	0	0	0
chr10	461162	467337	Amillepora16802	3	1	0.3333333333333333	0.25	33.333333333333336	0	57.735026918962575	33.333333333333336	100	0
chr10	469024	498354	Amillepora16803	36	5	0.1388888888888889	0.1388888888888889	13.88888888888889	0	35.073618720610085	5.845603120101681	100	0
chr10	602618	606079	Amillepora16817	4	0	0	0	0	0	0	0	0	0
chr10	611089	613827	Amillepora16818	2	1	0.5	0.5	50	50	70.71067811865476	50	100	0
chr10	670412	676378	Amillepora16824	14	1	0.07142857142857142	0.07142857142857142	7.142857142857143	0	26.72612419124244	7.142857142857143	100	0
chr10	591800	593833	Amillepora16816	3	0	0	0	0	0	0	0	0	0
chr10	662767	668384	Amillepora16823	5	0	0	0	0	0	0	0	0	0
chr10	653785	660938	Amillepora16822	8	0	0	0	0	0	0	0	0	0
chr10	635745	650592	Amillepora16821	35	0	0	0	0	0	0	0	0	0
chr10	614392	617020	Amillepora16819	3	0	0	0	0	0	0	0	0	0
chr10	621996	631931	Amillepora16820	19	1	0.05263157894736842	0.05263157894736842	5.2631578947368425	0	22.941573387056177	5.263157894736841	100	0
chr10	699434	744377	Amillepora16826	16	4	0.25	0.25	25	0	44.721359549995796	11.180339887498949	100	0
chr10	677558	694941	Amillepora16825	6	5	0.8333333333333334	0.8333333333333334	83.33333333333333	100	40.8248290463863	16.66666666666667	100	0
chr10	809375	823674	Amillepora16830	2	0	0	0	0	0	0	0	0	0
chr10	817961	830244	Amillepora16831	2	2	1	1	100	100	0	0	100	100
chr10	801508	807448	Amillepora16829	4	2	0.5	0.5	50	50	57.735026918962575	28.867513459481287	100	0
chr10	843376	854059	Amillepora16833	2	1	0.5	0.5	50	50	70.71067811865476	50	100	0
chr10	908747	911709	Amillepora16840	1	1	1	1	100	100	NA	NA	100	100
chr10	958650	962761	Amillepora16844	5	4	0.8	0.8	80	100	44.721359549995796	20	100	0
chr10	876575	882033	Amillepora16836	7	1	0.14285714285714285	0.14285714285714285	14.285714285714286	0	37.79644730092272	14.285714285714285	100	0
chr10	862727	869790	Amillepora16834	5	0	0	0	0	0	0	0	0	0
chr10	893468	893845	Amillepora16838	3	0	0	0	0	0	0	0	0	0
chr10	899861	906171	Amillepora16839	8	1	0.125	0.125	12.5	0	35.35533905932738	12.5	100	0
chr10	884924	889458	Amillepora16837	3	0	0	0	0	0	0	0	0	0
chr10	1017819	1023926	Amillepora16849	7	0	0	0	0	0	0	0	0	0
chr10	985156	991593	Amillepora16846	8	0	0	0	0	0	0	0	0	0
chr10	1073221	1080690	Amillepora16852	17	0	0	0	0	0	0	0	0	0
chr10	1007914	1015920	Amillepora16848	15	1	0.06666666666666667	0.06666666666666667	6.666666666666667	0	25.819888974716115	6.666666666666666	100	0
chr10	997844	1003675	Amillepora16847	7	0	0	0	0	0	0	0	0	0
chr10	1026335	1038625	Amillepora16850	15	3	0.2	0.2	20	0	41.403933560541255	10.690449676496975	100	0
chr10	1040973	1072966	Amillepora16851	30	0	0	0	0	0	0	0	0	0
chr10	1128884	1134241	Amillepora16855	6	0	0	0	0	0	0	0	0	0
chr10	1160065	1166298	Amillepora16858	8	0	0	0	0	0	0	0	0	0
chr10	1166914	1173960	Amillepora16859	6	1	0.16666666666666666	0.16666666666666666	16.666666666666668	0	40.8248290463863	16.66666666666667	100	0
chr10	1089763	1090734	Amillepora16853	2	0	0	0	0	0	0	0	0	0
chr10	1136346	1145909	Amillepora16856	19	0	0	0	0	0	0	0	0	0
chr10	1108250	1127670	Amillepora16854	18	2	0.1111111111111111	0.1111111111111111	11.11111111111111	0	32.338083338177725	7.622159339667059	100	0
chr10	1175766	1186441	Amillepora16860	11	0	0	0	0	0	0	0	0	0
chr10	1146957	1156217	Amillepora16857	8	0	0	0	0	0	0	0	0	0
chr10	1268602	1271796	Amillepora16873	2	0	0	0	0	0	0	0	0	0
chr10	1259999	1266247	Amillepora16872	1	0	0	0	0	0	NA	NA	0	0
chr10	1187532	1191492	Amillepora16861	6	0	0	0	0	0	0	0	0	0
chr10	1201565	1207621	Amillepora16863	5	0	0	0	0	0	0	0	0	0
chr10	1193724	1201372	Amillepora16862	14	0	0	0	0	0	0	0	0	0
chr10	1235039	1235617	Amillepora16867	1	0	0	0	0	0	NA	NA	0	0
chr10	1210027	1217850	Amillepora16864	5	0	0	0	0	0	0	0	0	0
chr10	1251924	1253961	Amillepora16871	1	0	0	0	0	0	NA	NA	0	0
chr10	1329314	1343071	Amillepora16877	17	0	0	0	0	0	0	0	0	0
chr10	1311280	1322125	Amillepora16875	12	2	0.16666666666666666	0.16666666666666666	16.666666666666668	0	38.92494720807615	11.236664374387368	100	0
chr10	1327250	1328661	Amillepora16876	2	0	0	0	0	0	0	0	0	0
chr10	1277162	1302485	Amillepora16874	46	2	0.043478260869565216	0.043478260869565216	4.3478260869565215	0	20.618457094236234	3.0400256468700046	100	0
chr10	1480991	1489453	Amillepora16891	8	0	0	0	0	0	0	0	0	0
chr10	1468808	1471174	Amillepora16888	3	2	0.6666666666666666	0.6666666666666666	66.66666666666667	100	57.73502691896258	33.333333333333336	100	0
chr10	1464797	1467424	Amillepora16886	2	0	0	0	0	0	0	0	0	0
chr10	1471835	1472866	Amillepora16889	2	0	0	0	0	0	0	0	0	0
chr10	1362844	1434109	Amillepora16878	37	28	0.7567567567567568	0.7567567567567568	75.67567567567568	100	43.495883620084	7.1506792190934885	100	0
chr10	1441209	1443746	Amillepora16884	9	0	0	0	0	0	0	0	0	0
chr10	1443755	1447431	Amillepora16885	3	0	0	0	0	0	0	0	0	0
chr10	1543563	1557328	Amillepora16898	18	1	0.05555555555555555	0.05555555555555555	5.555555555555555	0	23.57022603955158	5.555555555555556	100	0
chr10	1492348	1493856	Amillepora16892	4	0	0	0	0	0	0	0	0	0
chr10	1495560	1500277	Amillepora16893	1	0	0	0	0	0	NA	NA	0	0
chr10	1558063	1578487	Amillepora16899	24	0	0	0	0	0	0	0	0	0
chr10	1529597	1543308	Amillepora16897	10	0	0	0	0	0	0	0	0	0
chr10	1520092	1526551	Amillepora16896	2	0	0	0	0	0	0	0	0	0
chr10	1517108	1519295	Amillepora16895	1	0	0	0	0	0	NA	NA	0	0
chr10	1594546	1631644	Amillepora16900	29	2	0.06896551724137931	0.06666666666666667	6.896551724137931	0	25.788071477756375	4.788724653995956	100	0
chr10	1635058	1659621	Amillepora16901	35	1	0.02857142857142857	0.02857142857142857	2.857142857142857	0	16.90308509457033	2.857142857142857	100	0
chr10	1663588	1677639	Amillepora16903	10	0	0	0	0	0	0	0	0	0
chr10	1720738	1741689	Amillepora16905	21	1	0.047619047619047616	0.047619047619047616	4.761904761904762	0	21.82178902359924	4.761904761904762	100	0
chr10	1682851	1715395	Amillepora16904	12	0	0	0	0	0	0	0	0	0
chr10	1747056	1756457	Amillepora16906	9	0	0	0	0	0	0	0	0	0
chr10	1829427	1837350	Amillepora16914	6	0	0	0	0	0	0	0	0	0
chr10	1819893	1828700	Amillepora16913	17	2	0.11764705882352941	0.11764705882352941	11.764705882352942	0	33.21055820775357	8.05474349272303	100	0
chr10	1774682	1799113	Amillepora16908	12	1	0.08333333333333333	0.08333333333333333	8.333333333333334	0	28.867513459481295	8.333333333333334	100	0
chr10	1763368	1773118	Amillepora16907	4	0	0	0	0	0	0	0	0	0
chr10	1851236	1854953	Amillepora16915	6	0	0	0	0	0	0	0	0	0
chr10	1883907	1884492	Amillepora16917	1	0	0	0	0	0	NA	NA	0	0
chr10	1935341	1937106	Amillepora16919	5	4	0.8	0.8	80	100	44.721359549995796	20	100	0
chr10	1992501	2003703	Amillepora16922	13	0	0	0	0	0	0	0	0	0
chr10	2048046	2071807	Amillepora16928	11	3	0.2727272727272727	0.2727272727272727	27.272727272727273	0	46.70993664969137	14.083575804390607	100	0
chr10	2026251	2045618	Amillepora16926	7	6	0.8571428571428571	0.8571428571428571	85.71428571428571	100	37.79644730092272	14.285714285714285	100	0
chr10	2021479	2025695	Amillepora16925	12	0	0	0	0	0	0	0	0	0
chr10	2007159	2018105	Amillepora16923	2	0	0	0	0	0	0	0	0	0
chr10	2073302	2077905	Amillepora16929	8	0	0	0	0	0	0	0	0	0
chr10	2095833	2112136	Amillepora16932	8	5	0.625	0.625	62.5	100	51.75491695067657	18.298126367784995	100	0
chr10	2082697	2084961	Amillepora16930	2	1	0.5	0.5	50	50	70.71067811865476	50	100	0
chr10	2112461	2127562	Amillepora16933	7	4	0.5714285714285714	0.5714285714285714	57.142857142857146	100	53.45224838248488	20.203050891044217	100	0
chr10	2130356	2145998	Amillepora16934	6	3	0.5	0.5	50	50	54.772255750516614	22.3606797749979	100	0
chr10	2169383	2182705	Amillepora16937	4	0	0	0	0	0	0	0	0	0
chr10	2249320	2251249	Amillepora16946	2	0	0	0	0	0	0	0	0	0
chr10	2190122	2204488	Amillepora16939	19	1	0.05263157894736842	0.05263157894736842	5.2631578947368425	0	22.941573387056177	5.263157894736841	100	0
chr10	2210509	2221906	Amillepora16941	1	1	1	1	100	100	NA	NA	100	100
chr10	2148874	2162506	Amillepora16936	24	0	0	0	0	0	0	0	0	0
chr10	2231833	2240923	Amillepora16944	7	0	0	0	0	0	0	0	0	0
chr10	2205919	2210439	Amillepora16940	3	0	0	0	0	0	0	0	0	0
chr10	2241694	2249302	Amillepora16945	9	1	0.1111111111111111	0.1111111111111111	11.11111111111111	0	33.333333333333336	11.111111111111112	100	0
chr10	2256993	2263971	Amillepora16948	13	0	0	0	0	0	0	0	0	0
chr10	2364411	2371316	Amillepora16958	12	0	0	0	0	0	0	0	0	0
chr10	2264930	2272038	Amillepora16949	3	0	0	0	0	0	0	0	0	0
chr10	2344139	2349159	Amillepora16956	10	0	0	0	0	0	0	0	0	0
chr10	2282515	2301395	Amillepora16952	31	2	0.06451612903225806	0.06451612903225806	6.451612903225806	0	24.973103811470743	4.485301852605207	100	0
chr10	2272960	2276812	Amillepora16950	1	1	1	1	100	100	NA	NA	100	100
chr10	2277099	2282404	Amillepora16951	1	0	0	0	0	0	NA	NA	0	0
chr10	2322232	2337002	Amillepora16954	2	0	0	0	0	0	0	0	0	0
chr10	2299488	2336587	Amillepora16953	41	2	0.04878048780487805	0.04878048780487805	4.878048780487805	0	21.80847899550909	3.405912205797303	100	0
chr10	2351942	2359093	Amillepora16957	12	0	0	0	0	0	0	0	0	0
chr10	2432115	2437328	Amillepora16964	2	1	0.5	0.5	50	50	70.71067811865476	50	100	0
chr10	2387585	2408683	Amillepora16961	3	2	0.6666666666666666	0.6666666666666666	66.66666666666667	100	57.735026918962575	33.333333333333336	100	0
chr10	2372993	2387315	Amillepora16959	44	3	0.06818181818181818	0.06818181818181818	6.818181818181818	0	25.497170592935262	3.843843094202264	100	0
chr10	2410406	2432155	Amillepora16962	26	1	0.038461538461538464	0.038461538461538464	3.8461538461538463	0	19.611613513818398	3.8461538461538467	100	0
chr10	2496949	2507124	Amillepora16972	25	0	0	0	0	0	0	0	0	0
chr10	2520879	2525372	Amillepora16974	8	0	0	0	0	0	0	0	0	0
chr10	2526496	2539042	Amillepora16975	1	0	0	0	0	0	NA	NA	0	0
chr10	2552255	2572092	Amillepora16979	17	0	0	0	0	0	0	0	0	0
chr10	2572280	2580758	Amillepora16980	14	1	0.07142857142857142	0.07142857142857142	7.142857142857143	0	26.72612419124244	7.142857142857143	100	0
chr10	2546984	2548927	Amillepora16978	1	0	0	0	0	0	NA	NA	0	0
chr10	2538169	2543235	Amillepora16976	2	1	0.5	0.5	50	50	70.71067811865476	50	100	0
chr10	2515072	2515797	Amillepora16973	2	0	0	0	0	0	0	0	0	0
chr10	2644233	2649255	Amillepora16985	4	2	0.5	0.5	50	50	57.735026918962575	28.867513459481287	100	0
chr10	2630050	2643072	Amillepora16984	40	0	0	0	0	0	0	0	0	0
chr10	2669627	2676122	Amillepora16988	1	1	1	1	100	100	NA	NA	100	100
chr10	2597475	2611037	Amillepora16982	4	3	0.75	0.75	75	100	50	25	100	0
chr10	2612129	2625392	Amillepora16983	6	0	0	0	0	0	0	0	0	0
chr10	2680343	2684011	Amillepora16991	1	0	0	0	0	0	NA	NA	0	0
chr10	2655373	2659673	Amillepora16987	2	0	0	0	0	0	0	0	0	0
chr10	2649324	2652208	Amillepora16986	2	0	0	0	0	0	0	0	0	0
chr10	2581127	2590420	Amillepora16981	18	1	0.05555555555555555	0.05555555555555555	5.555555555555555	0	23.570226039551578	5.555555555555556	100	0
chr10	2676664	2679250	Amillepora16989	1	0	0	0	0	0	NA	NA	0	0
chr10	2699056	2701502	Amillepora16993	2	1	0.5	0.5	50	50	70.71067811865476	50	100	0
chr10	2755363	2784751	Amillepora16999	16	3	0.1875	0.1875	18.75	0	40.311288741492746	10.077822185373186	100	0
chr10	2736448	2740601	Amillepora16997	2	1	0.5	0.5	50	50	70.71067811865476	50	100	0
chr10	2726870	2729653	Amillepora16996	4	1	0.25	0.25	25	0	50	25	100	0
chr10	2748793	2755322	Amillepora16998	6	3	0.5	0.5	50	50	54.772255750516614	22.3606797749979	100	0
chr10	2685933	2698043	Amillepora16992	16	2	0.125	0.125	12.5	0	34.15650255319866	8.539125638299666	100	0
chr10	2703038	2716234	Amillepora16994	3	2	0.6666666666666666	0.6666666666666666	66.66666666666667	100	57.735026918962575	33.333333333333336	100	0
chr10	2829435	2831933	Amillepora17006	3	0	0	0	0	0	0	0	0	0
chr10	2818022	2828668	Amillepora17005	7	0	0	0	0	0	0	0	0	0
chr10	2853773	2859131	Amillepora17007	12	0	0	0	0	0	0	0	0	0
chr10	2865468	2870035	Amillepora17009	2	0	0	0	0	0	0	0	0	0
chr10	2882514	2888637	Amillepora17010	11	0	0	0	0	0	0	0	0	0
chr10	2786659	2803282	Amillepora17001	16	2	0.125	0.125	12.5	0	34.15650255319866	8.539125638299666	100	0
chr10	2811141	2817631	Amillepora17004	1	1	1	1	100	100	NA	NA	100	100
chr10	2860748	2862387	Amillepora17008	4	1	0.25	0.25	25	0	50	25	100	0
chr10	2943018	2956828	Amillepora17016	16	0	0	0	0	0	0	0	0	0
chr10	2976822	2983500	Amillepora17021	2	2	1	1	100	100	0	0	100	100
chr10	2963673	2972457	Amillepora17018	10	1	0.1	0.1	10	0	31.622776601683793	10	100	0
chr10	2957442	2961742	Amillepora17017	11	1	0.09090909090909091	0.09090909090909091	9.090909090909092	0	30.15113445777636	9.09090909090909	100	0
chr10	2930818	2935245	Amillepora17015	4	0	0	0	0	0	0	0	0	0
chr10	2908541	2914146	Amillepora17013	10	1	0.1	0.1	10	0	31.622776601683793	10	100	0
chr10	2919396	2923013	Amillepora17014	2	0	0	0	0	0	0	0	0	0
chr10	2894651	2899612	Amillepora17012	6	0	0	0	0	0	0	0	0	0
chr10	3030333	3031777	Amillepora17028	8	0	0	0	0	0	0	0	0	0
chr10	2972541	2976562	Amillepora17019	2	2	1	1	100	100	0	0	100	100
chr10	3013827	3019964	Amillepora17025	3	2	0.6666666666666666	0.6666666666666666	66.66666666666667	100	57.735026918962575	33.333333333333336	100	0
chr10	2980664	3004522	Amillepora17022	22	1	0.045454545454545456	0.045454545454545456	4.545454545454546	0	21.32007163556104	4.545454545454545	100	0
chr10	3004526	3013574	Amillepora17023	15	0	0	0	0	0	0	0	0	0
chr10	3020149	3045184	Amillepora17026	34	0	0	0	0	0	0	0	0	0
chr10	3056101	3058727	Amillepora17030	7	0	0	0	0	0	0	0	0	0
chr10	3047048	3055302	Amillepora17029	12	0	0	0	0	0	0	0	0	0
chr10	3151460	3155716	Amillepora17036	8	0	0	0	0	0	0	0	0	0
chr10	3165364	3186369	Amillepora17037	40	4	0.1	0.1	10	0	30.38218101251	4.803844614152614	100	0
chr10	3135649	3149089	Amillepora17035	6	0	0	0	0	0	0	0	0	0
chr10	3111548	3124290	Amillepora17033	10	1	0.1	0.1	10	0	31.622776601683793	10	100	0
chr10	3133873	3142725	Amillepora17034	6	0	0	0	0	0	0	0	0	0
chr10	3073153	3095196	Amillepora17031	32	2	0.0625	0.0625	6.25	0	24.593468841898236	4.3475521477515775	100	0
chr10	3248906	3265778	Amillepora17044	26	2	0.07692307692307693	0.07692307692307693	7.6923076923076925	0	27.1746488194703	5.329387100211931	100	0
chr10	3213999	3215793	Amillepora17041	1	1	1	1	100	100	NA	NA	100	100
chr10	3204196	3211850	Amillepora17040	3	1	0.3333333333333333	0.3333333333333333	33.333333333333336	0	57.735026918962575	33.333333333333336	100	0
chr10	3186546	3194652	Amillepora17038	12	1	0.08333333333333333	0.08333333333333333	8.333333333333334	0	28.867513459481295	8.333333333333334	100	0
chr10	3216293	3221638	Amillepora17042	2	1	0.5	0.5	50	50	70.71067811865476	50	100	0
chr10	3203594	3211306	Amillepora17039	3	1	0.3333333333333333	0.3333333333333333	33.333333333333336	0	57.735026918962575	33.333333333333336	100	0
chr10	3222318	3235175	Amillepora17043	8	0	0	0	0	0	0	0	0	0
chr10	3267959	3273878	Amillepora17045	4	0	0	0	0	0	0	0	0	0
chr10	3314135	3314929	Amillepora17047	1	0	0	0	0	0	NA	NA	0	0
chr10	3328236	3328947	Amillepora17049	1	0	0	0	0	0	NA	NA	0	0
chr10	3326957	3327456	Amillepora17048	2	0	0	0	0	0	0	0	0	0
chr10	3480889	3486827	Amillepora17058	13	1	0.07692307692307693	0.07692307692307693	7.6923076923076925	0	27.735009811261456	7.6923076923076925	100	0
chr10	3408341	3418210	Amillepora17054	12	1	0.08333333333333333	0.08333333333333333	8.333333333333334	0	28.8675134594813	8.333333333333334	100	0
chr10	3474797	3476345	Amillepora17057	4	0	0	0	0	0	0	0	0	0
chr10	3437961	3443622	Amillepora17055	13	0	0	0	0	0	0	0	0	0
chr10	3355447	3362361	Amillepora17050	1	1	1	1	100	100	NA	NA	100	100
chr10	3363922	3394961	Amillepora17051	13	7	0.5384615384615384	0.5384615384615384	53.84615384615385	100	51.887452166277086	14.390989949130546	100	0
chr10	3398559	3402886	Amillepora17053	2	0	0	0	0	0	0	0	0	0
chr10	3510833	3519576	Amillepora17060	10	0	0	0	0	0	0	0	0	0
chr10	3532784	3548963	Amillepora17064	17	1	0.058823529411764705	0.058823529411764705	5.882352941176471	0	24.253562503633294	5.88235294117647	100	0
chr10	3558754	3568079	Amillepora17066	8	0	0	0	0	0	0	0	0	0
chr10	3553294	3557612	Amillepora17065	2	0	0	0	0	0	0	0	0	0
chr10	3570863	3576199	Amillepora17067	2	0	0	0	0	0	0	0	0	0
chr10	3524096	3525753	Amillepora17062	1	0	0	0	0	0	NA	NA	0	0
chr10	3610969	3614813	Amillepora17068	9	0	0	0	0	0	0	0	0	0
chr10	3618263	3620826	Amillepora17069	1	0	0	0	0	0	NA	NA	0	0
chr10	3781162	3785072	Amillepora17072	7	0	0	0	0	0	0	0	0	0
chr10	3779694	3780701	Amillepora17071	2	0	0	0	0	0	0	0	0	0
chr10	3762648	3773178	Amillepora17070	9	2	0.2222222222222222	0.2222222222222222	22.22222222222222	0	44.09585518440984	14.698618394803281	100	0
chr10	3840225	3853214	Amillepora17077	6	0	0	0	0	0	0	0	0	0
chr10	3832964	3839995	Amillepora17076	3	0	0	0	0	0	0	0	0	0
chr10	3791470	3792688	Amillepora17074	3	0	0	0	0	0	0	0	0	0
chr10	3785466	3788249	Amillepora17073	6	0	0	0	0	0	0	0	0	0
chr10	3933694	3938416	Amillepora17084	3	1	0.3333333333333333	0.3333333333333333	33.333333333333336	0	57.735026918962575	33.333333333333336	100	0
chr10	3948249	3950757	Amillepora17088	6	0	0	0	0	0	0	0	0	0
chr10	3918869	3922921	Amillepora17082	1	0	0	0	0	0	NA	NA	0	0
chr10	3944752	3946731	Amillepora17087	2	1	0.5	0.5	50	50	70.71067811865476	50	100	0
chr10	3939568	3943334	Amillepora17086	2	0	0	0	0	0	0	0	0	0
chr10	3970072	3972814	Amillepora17091	1	0	0	0	0	0	NA	NA	0	0
chr10	3927126	3930575	Amillepora17083	3	1	0.3333333333333333	0.3333333333333333	33.333333333333336	0	57.735026918962575	33.333333333333336	100	0
chr10	3871208	3893628	Amillepora17081	22	0	0	0	0	0	0	0	0	0
chr10	3950919	3957773	Amillepora17089	7	1	0.14285714285714285	0.14285714285714285	14.285714285714286	0	37.79644730092272	14.285714285714285	100	0
chr10	3960316	3968584	Amillepora17090	5	2	0.4	0.4	40	0	54.772255750516614	24.49489742783178	100	0
chr10	4069777	4070890	Amillepora17099	2	0	0	0	0	0	0	0	0	0
chr10	4077027	4079291	Amillepora17100	2	0	0	0	0	0	0	0	0	0
chr10	4080956	4084735	Amillepora17101	7	0	0	0	0	0	0	0	0	0
chr10	4064752	4066676	Amillepora17098	2	0	0	0	0	0	0	0	0	0
chr10	3998189	3999674	Amillepora17092	2	0	0	0	0	0	0	0	0	0
chr10	4038390	4039769	Amillepora17096	12	0	0	0	0	0	0	0	0	0
chr10	4013132	4036127	Amillepora17095	16	4	0.25	0.25	25	0	44.721359549995796	11.180339887498949	100	0
chr10	4048200	4054112	Amillepora17097	1	1	1	1	100	100	NA	NA	100	100
chr10	4132379	4136057	Amillepora17106	2	1	0.5	0.5	50	50	70.71067811865476	50	100	0
chr10	4167654	4179598	Amillepora17110	14	0	0	0	0	0	0	0	0	0
chr10	4106423	4107431	Amillepora17103	1	0	0	0	0	0	NA	NA	0	0
chr10	4148079	4149070	Amillepora17108	1	0	0	0	0	0	NA	NA	0	0
chr10	4126341	4131207	Amillepora17105	1	1	1	1	100	100	NA	NA	100	100
chr10	4086528	4098966	Amillepora17102	10	0	0	0	0	0	0	0	0	0
chr10	4136109	4138811	Amillepora17107	1	0	0	0	0	0	NA	NA	0	0
chr10	4161107	4167509	Amillepora17109	9	0	0	0	0	0	0	0	0	0
chr10	4274397	4278600	Amillepora17117	3	2	0.6666666666666666	0.6666666666666666	66.66666666666667	100	57.735026918962575	33.333333333333336	100	0
chr10	4255100	4256664	Amillepora17115	2	0	0	0	0	0	0	0	0	0
chr10	4269268	4271795	Amillepora17116	3	0	0	0	0	0	0	0	0	0
chr10	4247133	4253139	Amillepora17114	4	0	0	0	0	0	0	0	0	0
chr10	4222011	4240950	Amillepora17113	22	0	0	0	0	0	0	0	0	0
chr10	4183400	4192579	Amillepora17111	8	3	0.375	0.375	37.5	0	51.75491695067657	18.298126367784995	100	0
chr10	4202235	4213505	Amillepora17112	13	0	0	0	0	0	0	0	0	0
chr10	4313431	4314255	Amillepora17121	3	3	1	1	100	100	0	0	100	100
chr10	4418546	4420636	Amillepora17130	6	0	0	0	0	0	0	0	0	0
chr10	4404755	4414677	Amillepora17129	4	0	0	0	0	0	0	0	0	0
chr10	4434375	4442684	Amillepora17131	4	1	0.25	0.25	25	0	50	25	100	0
chr10	4379806	4381805	Amillepora17127	1	0	0	0	0	0	NA	NA	0	0
chr10	4341968	4343955	Amillepora17124	1	0	0	0	0	0	NA	NA	0	0
chr10	4322365	4323251	Amillepora17122	4	0	0	0	0	0	0	0	0	0
chr10	4389008	4391723	Amillepora17128	1	0	0	0	0	0	NA	NA	0	0
chr10	4439551	4441113	Amillepora17132	2	1	0.5	0.5	50	50	70.71067811865476	50	100	0
chr10	4527503	4528350	Amillepora17139	2	0	0	0	0	0	0	0	0	0
chr10	4502687	4505073	Amillepora17135	1	0	0	0	0	0	NA	NA	0	0
chr10	4509917	4517677	Amillepora17136	4	0	0	0	0	0	0	0	0	0
chr10	4531552	4533205	Amillepora17140	2	0	0	0	0	0	0	0	0	0
chr10	4520972	4522629	Amillepora17137	1	0	0	0	0	0	NA	NA	0	0
chr10	4523247	4523606	Amillepora17138	2	0	0	0	0	0	0	0	0	0
chr10	4653344	4665625	Amillepora17146	5	2	0.4	0.4	40	0	54.772255750516614	24.49489742783178	100	0
chr10	4598484	4600471	Amillepora17144	3	0	0	0	0	0	0	0	0	0
chr10	4576742	4597367	Amillepora17143	32	3	0.09375	0.09375	9.375	0	29.614458108029904	5.23514603733822	100	0
chr10	4537135	4555083	Amillepora17141	13	0	0	0	0	0	0	0	0	0
chr10	4558028	4574754	Amillepora17142	15	0	0	0	0	0	0	0	0	0
chr10	4667899	4671155	Amillepora17147	7	1	0.14285714285714285	0.14285714285714285	14.285714285714286	0	37.79644730092272	14.285714285714285	100	0
chr10	4756962	4760758	Amillepora17156	2	0	0	0	0	0	0	0	0	0
chr10	4729001	4740061	Amillepora17153	5	1	0.2	0.16666666666666666	20	0	44.721359549995796	20	100	0
chr10	4745973	4750451	Amillepora17154	7	1	0.14285714285714285	0.14285714285714285	14.285714285714286	0	37.79644730092272	14.285714285714285	100	0
chr10	4751064	4751876	Amillepora17155	2	0	0	0	0	0	0	0	0	0
chr10	4687165	4728809	Amillepora17150	23	7	0.30434782608695654	0.30434782608695654	30.434782608695652	0	47.047196889696465	9.810018692482892	100	0
chr10	4803105	4811906	Amillepora17161	11	2	0.18181818181818182	0.18181818181818182	18.181818181818183	0	40.45199174779452	12.196734422726125	100	0
chr10	4786528	4797149	Amillepora17159	5	1	0.2	0.2	20	0	44.721359549995796	20	100	0
chr10	4774341	4779773	Amillepora17158	3	2	0.6666666666666666	0.6666666666666666	66.66666666666667	100	57.735026918962575	33.333333333333336	100	0
chr10	4964813	4980841	Amillepora17187	8	1	0.125	0.125	12.5	0	35.35533905932738	12.5	100	0
chr10	4858747	4905640	Amillepora17162	16	0	0	0	0	0	0	0	0	0
chr10	5009360	5010745	Amillepora17193	2	0	0	0	0	0	0	0	0	0
chr10	5160365	5164399	Amillepora17200	9	0	0	0	0	0	0	0	0	0
chr10	5290833	5309242	Amillepora17201	13	0	0	0	0	0	0	0	0	0
chr10	5379605	5385969	Amillepora17204	9	6	0.6666666666666666	0.6666666666666666	66.66666666666667	100	50.00000000000001	16.666666666666668	100	0
chr10	5458401	5468225	Amillepora17208	3	0	0	0	0	0	0	0	0	0
chr10	5654904	5672177	Amillepora17218	2	0	0	0	0	0	0	0	0	0
chr10	5672247	5673710	Amillepora17219	1	0	0	0	0	0	NA	NA	0	0
chr10	5679821	5740724	Amillepora17222	15	2	0.13333333333333333	0.13333333333333333	13.333333333333334	0	35.18657752744984	9.085135251589959	100	0
chr10	5746281	5749212	Amillepora17224	1	0	0	0	0	0	NA	NA	0	0
chr10	5822572	5823675	Amillepora17233	2	2	1	1	100	100	0	0	100	100
chr10	5810302	5813518	Amillepora17232	1	0	0	0	0	0	NA	NA	0	0
chr10	5856068	5857448	Amillepora17235	2	0	0	0	0	0	0	0	0	0
chr10	5930585	5932429	Amillepora17241	4	1	0.25	0.25	25	0	50	25	100	0
chr10	5891984	5893709	Amillepora17237	1	0	0	0	0	0	NA	NA	0	0
chr10	6050726	6053137	Amillepora17250	1	0	0	0	0	0	NA	NA	0	0
chr10	6014873	6016420	Amillepora17245	1	0	0	0	0	0	NA	NA	0	0
chr10	6074775	6078948	Amillepora17253	4	2	0.5	0.5	50	50	57.735026918962575	28.867513459481287	100	0
chr10	6045540	6047900	Amillepora17249	1	0	0	0	0	0	NA	NA	0	0
chr10	6266335	6268394	Amillepora17262	2	0	0	0	0	0	0	0	0	0
chr10	6366160	6382387	Amillepora17269	2	1	0.5	0.5	50	50	70.71067811865476	50	100	0
chr10	6302478	6305693	Amillepora17263	1	1	1	1	100	100	NA	NA	100	100
chr10	6400888	6417954	Amillepora17270	7	1	0.14285714285714285	0.14285714285714285	14.285714285714286	0	37.79644730092272	14.285714285714285	100	0
chr10	6512779	6525940	Amillepora17278	10	4	0.4	0.4	40	0	51.63977794943222	16.329931618554518	100	0
chr10	6495956	6498927	Amillepora17273	5	0	0	0	0	0	0	0	0	0
chr10	6505588	6507629	Amillepora17276	4	0	0	0	0	0	0	0	0	0
chr10	6504166	6505560	Amillepora17275	1	0	0	0	0	0	NA	NA	0	0
chr10	6613143	6616951	Amillepora17280	3	0	0	0	0	0	0	0	0	0
chr10	6621794	6623014	Amillepora17281	3	0	0	0	0	0	0	0	0	0
chr10	6738644	6739678	Amillepora17296	6	2	0.3333333333333333	0.3333333333333333	33.333333333333336	0	51.63977794943222	21.081851067789195	100	0
chr10	6744345	6744662	Amillepora17299	3	1	0.3333333333333333	0.3333333333333333	33.333333333333336	0	57.735026918962575	33.333333333333336	100	0
chr10	6743972	6744338	Amillepora17298	3	1	0.3333333333333333	0.3333333333333333	33.333333333333336	0	57.735026918962575	33.333333333333336	100	0
chr10	6714196	6717507	Amillepora17294	1	0	0	0	0	0	NA	NA	0	0
chr10	6747995	6748751	Amillepora17300	1	0	0	0	0	0	NA	NA	0	0
chr10	6748770	6750449	Amillepora17301	2	1	0.5	0.5	50	50	70.71067811865476	50	100	0
chr10	6739874	6742252	Amillepora17297	5	2	0.4	0.4	40	0	54.772255750516614	24.49489742783178	100	0
chr10	6807751	6835759	Amillepora17315	21	1	0.047619047619047616	0.047619047619047616	4.761904761904762	0	21.82178902359924	4.761904761904762	100	0
chr10	6845836	6854491	Amillepora17317	17	1	0.058823529411764705	0.058823529411764705	5.882352941176471	0	24.253562503633297	5.88235294117647	100	0
chr10	6872646	6877206	Amillepora17319	4	0	0	0	0	0	0	0	0	0
chr10	6894243	6902834	Amillepora17320	4	0	0	0	0	0	0	0	0	0
chr10	7027746	7031513	Amillepora17322	2	1	0.5	0.5	50	50	70.71067811865476	50	100	0
chr10	7073734	7084522	Amillepora17327	7	4	0.5714285714285714	0.625	57.142857142857146	100	53.452248382484875	20.203050891044217	100	0
chr10	7046477	7054044	Amillepora17323	7	1	0.14285714285714285	0.14285714285714285	14.285714285714286	0	37.79644730092272	14.285714285714285	100	0
chr10	7141313	7142600	Amillepora17334	1	0	0	0	0	0	NA	NA	0	0
chr10	7099873	7110418	Amillepora17331	11	4	0.36363636363636365	0.36363636363636365	36.36363636363637	0	50.4524979109513	15.212000482437738	100	0
chr10	7116174	7116618	Amillepora17332	1	0	0	0	0	0	NA	NA	0	0
chr10	7233550	7236024	Amillepora17342	3	1	0.3333333333333333	0.3333333333333333	33.333333333333336	0	57.735026918962575	33.333333333333336	100	0
chr10	7416811	7418881	Amillepora17370	2	2	1	1	100	100	0	0	100	100
chr10	7475592	7479780	Amillepora17376	3	1	0.3333333333333333	0.3333333333333333	33.333333333333336	0	57.735026918962575	33.333333333333336	100	0
chr10	7388004	7388873	Amillepora17367	1	0	0	0	0	0	NA	NA	0	0
chr10	7466511	7468182	Amillepora17375	1	0	0	0	0	0	NA	NA	0	0
chr10	7534763	7537555	Amillepora17378	2	0	0	0	0	0	0	0	0	0
chr10	7490761	7492161	Amillepora17377	2	0	0	0	0	0	0	0	0	0
chr10	7649353	7655049	Amillepora17383	13	0	0	0	0	0	0	0	0	0
chr10	7670938	7709584	Amillepora17387	63	1	0.015873015873015872	0.015625	1.5873015873015872	0	12.598815766974237	1.5873015873015872	100	0
chr10	7666476	7668540	Amillepora17384	12	0	0	0	0	0	0	0	0	0
chr10	7668649	7669929	Amillepora17385	3	0	0	0	0	0	0	0	0	0
chr10	7669978	7670738	Amillepora17386	3	0	0	0	0	0	0	0	0	0
chr10	7806266	7806874	Amillepora17391	3	0	0	0	0	0	0	0	0	0
chr10	7839513	7845243	Amillepora17393	10	0	0	0	0	0	0	0	0	0
chr10	7868853	7870363	Amillepora17395	4	0	0	0	0	0	0	0	0	0
chr10	7865195	7868832	Amillepora17394	3	0	0	0	0	0	0	0	0	0
chr10	7934899	7956474	Amillepora17400	9	1	0.1111111111111111	0.1111111111111111	11.11111111111111	0	33.333333333333336	11.111111111111112	100	0
chr10	7959846	7962224	Amillepora17402	6	1	0.16666666666666666	0.16666666666666666	16.666666666666668	0	40.8248290463863	16.66666666666667	100	0
chr10	7885629	7909638	Amillepora17396	4	0	0	0	0	0	0	0	0	0
chr10	7967911	7969164	Amillepora17403	1	1	1	1	100	100	NA	NA	100	100
chr10	7919334	7922015	Amillepora17398	1	0	0	0	0	0	NA	NA	0	0
chr10	7910058	7919302	Amillepora17397	2	1	0.5	0.5	50	50	70.71067811865476	50	100	0
chr10	8004361	8024729	Amillepora17405	13	1	0.07692307692307693	0.07692307692307693	7.6923076923076925	0	27.735009811261456	7.6923076923076925	100	0
chr10	8024760	8025487	Amillepora17406	1	0	0	0	0	0	NA	NA	0	0
chr10	8129823	8135609	Amillepora17463	3	0	0	0	0	0	0	0	0	0
chr10	8087132	8092344	Amillepora17418	2	0	0	0	0	0	0	0	0	0
chr10	8156800	8165771	Amillepora17472	29	5	0.1724137931034483	0.1724137931034483	17.24137931034483	0	38.442587221924484	7.138609234576079	100	0
chr10	8166388	8168159	Amillepora17474	1	0	0	0	0	0	NA	NA	0	0
chr10	8240068	8241675	Amillepora17483	2	2	1	1	100	100	0	0	100	100
chr10	8258431	8259417	Amillepora17492	1	0	0	0	0	0	NA	NA	0	0
chr10	8238562	8239980	Amillepora17482	1	0	0	0	0	0	NA	NA	0	0
chr10	8207464	8208195	Amillepora17478	1	0	0	0	0	0	NA	NA	0	0
chr10	8360140	8363514	Amillepora17499	6	0	0	0	0	0	0	0	0	0
chr10	8352794	8357158	Amillepora17498	4	1	0.25	0.25	25	0	50	25	100	0
chr10	8286386	8335264	Amillepora17493	24	11	0.4583333333333333	0.4583333333333333	45.833333333333336	0	50.89773777040516	10.389457216622949	100	0
chr10	8414835	8435422	Amillepora17504	12	7	0.5833333333333334	0.5833333333333334	58.333333333333336	100	51.49286505444372	14.864709750264078	100	0
chr10	8441232	8442561	Amillepora17506	1	0	0	0	0	0	NA	NA	0	0
chr10	8438260	8439981	Amillepora17505	6	0	0	0	0	0	0	0	0	0
chr10	8444893	8469115	Amillepora17507	6	4	0.6666666666666666	0.6666666666666666	66.66666666666667	100	51.63977794943223	21.081851067789195	100	0
chr10	8372137	8405646	Amillepora17500	25	2	0.08	0.08	8	0	27.688746209726915	5.537749241945383	100	0
chr10	8546409	8548799	Amillepora17586	1	0	0	0	0	0	NA	NA	0	0
chr10	8773939	8777850	Amillepora17606	2	0	0	0	0	0	0	0	0	0
chr10	8727424	8730780	Amillepora17602	2	0	0	0	0	0	0	0	0	0
chr10	8853080	8853763	Amillepora17609	1	0	0	0	0	0	NA	NA	0	0
chr10	8963034	8966595	Amillepora17616	2	0	0	0	0	0	0	0	0	0
chr10	8907954	8909065	Amillepora17612	1	0	0	0	0	0	NA	NA	0	0
chr10	9091180	9124204	Amillepora17690	9	0	0	0	0	0	0	0	0	0
chr10	9167713	9169336	Amillepora17694	2	0	0	0	0	0	0	0	0	0
chr10	9282323	9283048	Amillepora17702	3	0	0	0	0	0	0	0	0	0
chr10	9347861	9349423	Amillepora17706	1	0	0	0	0	0	NA	NA	0	0
chr10	9425850	9434481	Amillepora17714	7	0	0	0	0	0	0	0	0	0
chr10	9399154	9425290	Amillepora17711	7	1	0.14285714285714285	0.14285714285714285	14.285714285714286	0	37.79644730092272	14.285714285714285	100	0
chr10	9440631	9450951	Amillepora17715	5	0	0	0	0	0	0	0	0	0
chr10	9561780	9566708	Amillepora17725	1	0	0	0	0	0	NA	NA	0	0
chr10	9581425	9586557	Amillepora17726	5	0	0	0	0	0	0	0	0	0
chr10	9643838	9645490	Amillepora17728	2	0	0	0	0	0	0	0	0	0
chr10	9602674	9616178	Amillepora17727	11	2	0.18181818181818182	0.18181818181818182	18.181818181818183	0	40.45199174779453	12.196734422726125	100	0
chr10	9732245	9733321	Amillepora17731	1	0	0	0	0	0	NA	NA	0	0
chr10	9800631	9810855	Amillepora17743	1	1	1	1	100	100	NA	NA	100	100
chr10	9792321	9793823	Amillepora17742	1	0	0	0	0	0	NA	NA	0	0
chr10	9858782	9866030	Amillepora17746	1	0	0	0	0	0	NA	NA	0	0
chr10	9790166	9791257	Amillepora17739	1	0	0	0	0	0	NA	NA	0	0
chr10	9886671	9887618	Amillepora17751	1	0	0	0	0	0	NA	NA	0	0
chr10	9953347	9955304	Amillepora17754	2	0	0	0	0	0	0	0	0	0
chr10	9873400	9876897	Amillepora17749	2	0	0	0	0	0	0	0	0	0
chr10	9887766	9890102	Amillepora17752	1	0	0	0	0	0	NA	NA	0	0
chr10	10044287	10045463	Amillepora17758	1	0	0	0	0	0	NA	NA	0	0
chr10	10038032	10042256	Amillepora17757	3	1	0.3333333333333333	0.3333333333333333	33.333333333333336	0	57.735026918962575	33.333333333333336	100	0
chr10	10131682	10132569	Amillepora17763	7	0	0	0	0	0	0	0	0	0
chr10	10110625	10125484	Amillepora17762	21	0	0	0	0	0	0	0	0	0
chr10	10102993	10104867	Amillepora17761	1	0	0	0	0	0	NA	NA	0	0
chr10	10054710	10096712	Amillepora17759	91	2	0.02197802197802198	0.02197802197802198	2.197802197802198	0	14.7423952374849	1.545422938441684	100	0
chr10	10144994	10162834	Amillepora17764	1	0	0	0	0	0	NA	NA	0	0
chr10	10222633	10237428	Amillepora17771	16	0	0	0	0	0	0	0	0	0
chr10	10259971	10265735	Amillepora17773	4	0	0	0	0	0	0	0	0	0
chr10	10176533	10202812	Amillepora17767	21	0	0	0	0	0	0	0	0	0
chr10	10241473	10258655	Amillepora17772	5	0	0	0	0	0	0	0	0	0
chr10	10304675	10317897	Amillepora17778	15	0	0	0	0	0	0	0	0	0
chr10	10356030	10368066	Amillepora17783	10	0	0	0	0	0	0	0	0	0
chr10	10346595	10348424	Amillepora17782	1	0	0	0	0	0	NA	NA	0	0
chr10	10327762	10328478	Amillepora17780	2	0	0	0	0	0	0	0	0	0
chr10	10333961	10340345	Amillepora17781	7	0	0	0	0	0	0	0	0	0
chr10	10425088	10427552	Amillepora17792	1	1	1	1	100	100	NA	NA	100	100
chr10	10409224	10412128	Amillepora17790	8	4	0.5	0.5	50	50	53.45224838248488	18.89822365046136	100	0
chr10	10432435	10433220	Amillepora17793	1	0	0	0	0	0	NA	NA	0	0
chr10	10371227	10383940	Amillepora17784	5	2	0.4	0.4	40	0	54.772255750516614	24.49489742783178	100	0
chr10	10464217	10476655	Amillepora17794	8	5	0.625	0.625	62.5	100	51.75491695067657	18.298126367784995	100	0
chr10	10490814	10492243	Amillepora17797	1	1	1	1	100	100	NA	NA	100	100
chr10	10495918	10503189	Amillepora17799	1	0	0	0	0	0	NA	NA	0	0
chr10	10492424	10495736	Amillepora17798	1	1	1	1	100	100	NA	NA	100	100
chr10	10525975	10526516	Amillepora17800	1	1	1	1	100	100	NA	NA	100	100
chr10	10630529	10631655	Amillepora17808	1	0	0	0	0	0	NA	NA	0	0
chr10	10673168	10678740	Amillepora17811	4	0	0	0	0	0	0	0	0	0
chr10	10622362	10627187	Amillepora17807	8	0	0	0	0	0	0	0	0	0
chr10	10727494	10742375	Amillepora17814	23	0	0	0	0	0	0	0	0	0
chr10	10757151	10759740	Amillepora17816	2	1	0.5	0.5	50	50	70.71067811865476	50	100	0
chr10	10681525	10713514	Amillepora17812	26	3	0.11538461538461539	0.11538461538461539	11.538461538461538	0	32.581259360842104	6.389710663783134	100	0
chr10	10880427	10884242	Amillepora17824	1	0	0	0	0	0	NA	NA	0	0
chr10	10769752	10815755	Amillepora17817	23	8	0.34782608695652173	0.34782608695652173	34.78260869565217	0	48.6984753557674	10.154334054280735	100	0
chr10	10900278	10903619	Amillepora17825	2	2	1	1	100	100	0	0	100	100
chr10	10944726	10955086	Amillepora17827	15	0	0	0	0	0	0	0	0	0
chr10	10942367	10943778	Amillepora17826	2	1	0.5	0.5	50	50	70.71067811865476	50	100	0
chr10	10983058	11001242	Amillepora17828	8	6	0.75	0.75	75	100	46.29100498862757	16.366341767699428	100	0
chr10	11028929	11035730	Amillepora17833	4	3	0.75	0.75	75	100	50	25	100	0
chr10	11054025	11058488	Amillepora17835	5	4	0.8	0.8	80	100	44.721359549995796	20	100	0
chr10	11019815	11026574	Amillepora17832	1	1	1	1	100	100	NA	NA	100	100
chr10	11058705	11059606	Amillepora17837	1	1	1	1	100	100	NA	NA	100	100
chr10	11059840	11061455	Amillepora17838	4	3	0.75	0.75	75	100	50	25	100	0
chr10	11065129	11067725	Amillepora17839	3	3	1	1	100	100	0	0	100	100
chr10	11014633	11017514	Amillepora17829	4	4	1	1	100	100	0	0	100	100
chr10	11018027	11018780	Amillepora17831	1	1	1	1	100	100	NA	NA	100	100
chr10	11070485	11096075	Amillepora17840	30	0	0	0	0	0	0	0	0	0
chr10	11176726	11180650	Amillepora17847	1	0	0	0	0	0	NA	NA	0	0
chr10	11166107	11167197	Amillepora17845	1	0	0	0	0	0	NA	NA	0	0
chr10	11100363	11107874	Amillepora17843	7	0	0	0	0	0	0	0	0	0
chr10	11168292	11168756	Amillepora17846	1	0	0	0	0	0	NA	NA	0	0
chr10	11209331	11211172	Amillepora17852	1	0	0	0	0	0	NA	NA	0	0
chr10	11234128	11242035	Amillepora17856	6	0	0	0	0	0	0	0	0	0
chr10	11212795	11213541	Amillepora17855	1	1	1	1	100	100	NA	NA	100	100
chr10	11248974	11254459	Amillepora17857	4	0	0	0	0	0	0	0	0	0
chr10	11182235	11187840	Amillepora17848	25	2	0.08	0.07692307692307693	8	0	27.688746209726915	5.537749241945383	100	0
chr10	11284122	11309832	Amillepora17860	18	0	0	0	0	0	0	0	0	0
chr10	11377160	11380623	Amillepora17864	1	0	0	0	0	0	NA	NA	0	0
chr10	11453903	11476216	Amillepora17870	19	1	0.05263157894736842	0.05263157894736842	5.2631578947368425	0	22.941573387056177	5.263157894736841	100	0
chr10	11424094	11425359	Amillepora17867	1	0	0	0	0	0	NA	NA	0	0
chr10	11415526	11422357	Amillepora17866	4	0	0	0	0	0	0	0	0	0
chr10	11413897	11414959	Amillepora17865	1	0	0	0	0	0	NA	NA	0	0
chr10	11444426	11453790	Amillepora17868	6	1	0.16666666666666666	0.16666666666666666	16.666666666666668	0	40.8248290463863	16.66666666666667	100	0
chr10	11479878	11481050	Amillepora17872	2	1	0.5	0.5	50	50	70.71067811865476	50	100	0
chr10	11485562	11489606	Amillepora17874	5	0	0	0	0	0	0	0	0	0
chr10	11481145	11483044	Amillepora17873	1	0	0	0	0	0	NA	NA	0	0
chr10	11572932	11579883	Amillepora17882	10	0	0	0	0	0	0	0	0	0
chr10	11550301	11552010	Amillepora17878	4	0	0	0	0	0	0	0	0	0
chr10	11555137	11555749	Amillepora17879	1	0	0	0	0	0	NA	NA	0	0
chr10	11557867	11559968	Amillepora17881	4	0	0	0	0	0	0	0	0	0
chr10	11555756	11557610	Amillepora17880	2	0	0	0	0	0	0	0	0	0
chr10	11582783	11585967	Amillepora17883	2	0	0	0	0	0	0	0	0	0
chr10	11622583	11626907	Amillepora17887	8	0	0	0	0	0	0	0	0	0
chr10	11641766	11647954	Amillepora17889	7	0	0	0	0	0	0	0	0	0
chr10	11657648	11675411	Amillepora17890	10	8	0.8	0.8	80	100	42.16370213557839	13.333333333333332	100	0
chr10	11629413	11633132	Amillepora17888	2	1	0.5	0.5	50	50	70.71067811865476	50	100	0
chr10	11612788	11614040	Amillepora17886	3	0	0	0	0	0	0	0	0	0
chr10	11700736	11716541	Amillepora17893	11	1	0.09090909090909091	0.09090909090909091	9.090909090909092	0	30.151134457776354	9.09090909090909	100	0
chr10	11728461	11729370	Amillepora17895	1	0	0	0	0	0	NA	NA	0	0
chr10	11696168	11700620	Amillepora17892	2	1	0.5	0.5	50	50	70.71067811865476	50	100	0
chr10	11741173	11742132	Amillepora17896	3	0	0	0	0	0	0	0	0	0
chr10	11780588	11781267	Amillepora17903	1	0	0	0	0	0	NA	NA	0	0
chr10	11871814	11873365	Amillepora17919	2	0	0	0	0	0	0	0	0	0
chr10	11849461	11862812	Amillepora17918	22	1	0.045454545454545456	0.045454545454545456	4.545454545454546	0	21.320071635561042	4.545454545454545	100	0
chr10	11836511	11837290	Amillepora17914	1	0	0	0	0	0	NA	NA	0	0
chr10	11789272	11790030	Amillepora17906	1	0	0	0	0	0	NA	NA	0	0
chr10	11778222	11778561	Amillepora17902	1	0	0	0	0	0	NA	NA	0	0
chr10	11770613	11772388	Amillepora17900	1	0	0	0	0	0	NA	NA	0	0
chr10	11798863	11799947	Amillepora17908	3	0	0	0	0	0	0	0	0	0
chr10	11780841	11782679	Amillepora17904	2	0	0	0	0	0	0	0	0	0
chr10	11775467	11776267	Amillepora17901	1	0	0	0	0	0	NA	NA	0	0
chr10	11805503	11806276	Amillepora17909	1	0	0	0	0	0	NA	NA	0	0
chr10	11808401	11809207	Amillepora17910	3	0	0	0	0	0	0	0	0	0
chr10	11765820	11768151	Amillepora17897	1	0	0	0	0	0	NA	NA	0	0
chr10	11842897	11843475	Amillepora17916	1	0	0	0	0	0	NA	NA	0	0
chr10	11875169	11877356	Amillepora17920	3	1	0.3333333333333333	0.3333333333333333	33.333333333333336	0	57.735026918962575	33.333333333333336	100	0
chr10	11810105	11817471	Amillepora17911	9	0	0	0	0	0	0	0	0	0
chr10	11877676	11917863	Amillepora17921	35	0	0	0	0	0	0	0	0	0
chr10	11949254	11951222	Amillepora17928	1	0	0	0	0	0	NA	NA	0	0
chr10	11926793	11929340	Amillepora17925	5	0	0	0	0	0	0	0	0	0
chr10	11899015	11904506	Amillepora17923	5	0	0	0	0	0	0	0	0	0
chr10	11935534	11938147	Amillepora17927	7	0	0	0	0	0	0	0	0	0
chr10	11930637	11933306	Amillepora17926	3	0	0	0	0	0	0	0	0	0
chr10	12030550	12042706	Amillepora17932	14	0	0	0	0	0	0	0	0	0
chr10	12015390	12019115	Amillepora17930	2	0	0	0	0	0	0	0	0	0
chr10	12043510	12075599	Amillepora17933	21	4	0.19047619047619047	0.19047619047619047	19.047619047619047	0	40.23739080814782	8.780518530755131	100	0
chr10	12075874	12077016	Amillepora17935	19	0	0	0	0	0	0	0	0	0
chr10	12009631	12012300	Amillepora17929	3	0	0	0	0	0	0	0	0	0
chr10	12154906	12160015	Amillepora17939	5	0	0	0	0	0	0	0	0	0
chr10	12095777	12108644	Amillepora17936	11	0	0	0	0	0	0	0	0	0
chr10	12172339	12174532	Amillepora17940	1	0	0	0	0	0	NA	NA	0	0
chr10	12111193	12132708	Amillepora17937	28	0	0	0	0	0	0	0	0	0
chr10	12137785	12147726	Amillepora17938	10	0	0	0	0	0	0	0	0	0
chr10	12175205	12178505	Amillepora17941	3	0	0	0	0	0	0	0	0	0
chr10	12257124	12272325	Amillepora17946	10	0	0	0	0	0	0	0	0	0
chr10	12192697	12215437	Amillepora17943	18	1	0.05555555555555555	0.05555555555555555	5.555555555555555	0	23.570226039551574	5.555555555555556	100	0
chr10	12216376	12231678	Amillepora17944	23	0	0	0	0	0	0	0	0	0
chr10	12238263	12246808	Amillepora17945	13	0	0	0	0	0	0	0	0	0
chr10	12301418	12303145	Amillepora17950	4	0	0	0	0	0	0	0	0	0
chr10	12374108	12380134	Amillepora17952	5	0	0	0	0	0	0	0	0	0
chr10	12350736	12373443	Amillepora17951	13	1	0.07692307692307693	0.07692307692307693	7.6923076923076925	0	27.735009811261456	7.6923076923076925	100	0
chr10	12272300	12295484	Amillepora17947	13	0	0	0	0	0	0	0	0	0
chr10	12395701	12401729	Amillepora17953	6	2	0.3333333333333333	0.3333333333333333	33.333333333333336	0	51.63977794943222	21.081851067789195	100	0
chr10	12417679	12462168	Amillepora17954	54	0	0	0	0	0	0	0	0	0
chr10	12730834	12742634	Amillepora17966	17	0	0	0	0	0	0	0	0	0
chr10	12679005	12683917	Amillepora17963	1	0	0	0	0	0	NA	NA	0	0
chr10	12774224	12780899	Amillepora17969	29	0	0	0	0	0	0	0	0	0
chr10	12714913	12730675	Amillepora17965	7	0	0	0	0	0	0	0	0	0
chr10	12746197	12764584	Amillepora17967	20	2	0.1	0.1	10	0	30.779350562554622	6.882472016116853	100	0
chr10	12844478	12848236	Amillepora17974	5	3	0.6	0.6	60	100	54.772255750516614	24.49489742783178	100	0
chr10	12864450	12869436	Amillepora17977	6	0	0	0	0	0	0	0	0	0
chr10	12871487	12878671	Amillepora17978	7	0	0	0	0	0	0	0	0	0
chr10	12848780	12850008	Amillepora17975	2	0	0	0	0	0	0	0	0	0
chr10	12804975	12842395	Amillepora17972	27	0	0	0	0	0	0	0	0	0
chr10	12799363	12803719	Amillepora17970	1	1	1	1	100	100	NA	NA	100	100
chr10	12855126	12863683	Amillepora17976	7	0	0	0	0	0	0	0	0	0
chr10	13066816	13074164	Amillepora17990	9	0	0	0	0	0	0	0	0	0
chr10	13004089	13020275	Amillepora17985	10	0	0	0	0	0	0	0	0	0
chr10	13076520	13083630	Amillepora17991	3	0	0	0	0	0	0	0	0	0
chr10	13177026	13182416	Amillepora17994	12	1	0.08333333333333333	0.08333333333333333	8.333333333333334	0	28.867513459481298	8.333333333333334	100	0
chr10	13166060	13170795	Amillepora17993	6	0	0	0	0	0	0	0	0	0
chr10	13207859	13226646	Amillepora17998	22	4	0.18181818181818182	0.18181818181818182	18.181818181818183	0	39.47710169758613	8.41654636156865	100	0
chr10	13193781	13207251	Amillepora17996	15	0	0	0	0	0	0	0	0	0
chr10	13251268	13269511	Amillepora17999	4	0	0	0	0	0	0	0	0	0
chr10	13187180	13190968	Amillepora17995	9	0	0	0	0	0	0	0	0	0
chr10	13296639	13305404	Amillepora18004	3	0	0	0	0	0	0	0	0	0
chr10	13355697	13359934	Amillepora18007	8	0	0	0	0	0	0	0	0	0
chr10	13374831	13386097	Amillepora18008	8	3	0.375	0.375	37.5	0	51.75491695067657	18.298126367784995	100	0
chr10	13284411	13290404	Amillepora18001	2	0	0	0	0	0	0	0	0	0
chr10	13341005	13350059	Amillepora18006	5	4	0.8	0.8	80	100	44.721359549995796	20	100	0
chr10	13403462	13429636	Amillepora18011	34	1	0.029411764705882353	0.029411764705882353	2.9411764705882355	0	17.149858514250884	2.941176470588235	100	0
chr10	13389623	13401602	Amillepora18010	19	0	0	0	0	0	0	0	0	0
chr10	13430536	13458302	Amillepora18012	22	1	0.045454545454545456	0.045454545454545456	4.545454545454546	0	21.320071635561042	4.545454545454545	100	0
chr10	13469430	13476996	Amillepora18013	2	0	0	0	0	0	0	0	0	0
chr10	13578016	13580577	Amillepora18018	1	0	0	0	0	0	NA	NA	0	0
chr10	13604359	13606497	Amillepora18020	1	0	0	0	0	0	NA	NA	0	0
chr10	13679567	13702395	Amillepora18024	4	1	0.25	0.25	25	0	50	25	100	0
chr10	13943297	13949041	Amillepora18041	1	0	0	0	0	0	NA	NA	0	0
chr10	14042806	14049343	Amillepora18046	2	0	0	0	0	0	0	0	0	0
chr10	13968080	13977079	Amillepora18042	12	1	0.08333333333333333	0.08333333333333333	8.333333333333334	0	28.867513459481305	8.333333333333334	100	0
chr10	14005169	14011105	Amillepora18043	2	0	0	0	0	0	0	0	0	0
chr10	14165743	14171963	Amillepora18055	5	0	0	0	0	0	0	0	0	0
chr10	14063378	14068704	Amillepora18047	1	1	1	1	100	100	NA	NA	100	100
chr10	14149371	14156706	Amillepora18054	1	0	0	0	0	0	NA	NA	0	0
chr10	14120785	14125887	Amillepora18052	1	0	0	0	0	0	NA	NA	0	0
chr10	14212935	14218229	Amillepora18056	3	0	0	0	0	0	0	0	0	0
chr10	14240363	14240988	Amillepora18058	1	0	0	0	0	0	NA	NA	0	0
chr10	14342042	14357922	Amillepora18064	12	0	0	0	0	0	0	0	0	0
chr10	14305688	14324243	Amillepora18061	9	0	0	0	0	0	0	0	0	0
chr10	14369970	14374832	Amillepora18067	12	0	0	0	0	0	0	0	0	0
chr10	14357989	14363225	Amillepora18065	3	0	0	0	0	0	0	0	0	0
chr10	14367069	14368704	Amillepora18066	3	0	0	0	0	0	0	0	0	0
chr10	14419430	14439127	Amillepora18069	32	2	0.0625	0.0625	6.25	0	24.593468841898236	4.3475521477515775	100	0
chr10	14400719	14406398	Amillepora18068	11	0	0	0	0	0	0	0	0	0
chr10	14493236	14503169	Amillepora18076	28	0	0	0	0	0	0	0	0	0
chr10	14487770	14490754	Amillepora18075	1	0	0	0	0	0	NA	NA	0	0
chr10	14476670	14485483	Amillepora18074	1	1	1	1	100	100	NA	NA	100	100
chr10	14561392	14566270	Amillepora18081	6	0	0	0	0	0	0	0	0	0
chr10	14465351	14475850	Amillepora18072	7	4	0.5714285714285714	0.5714285714285714	57.142857142857146	100	53.452248382484875	20.203050891044217	100	0
chr10	14539801	14546082	Amillepora18079	10	2	0.2	0.2	20	0	42.16370213557839	13.333333333333332	100	0
chr10	14522364	14538125	Amillepora18078	3	1	0.3333333333333333	0.3333333333333333	33.333333333333336	0	57.735026918962575	33.333333333333336	100	0
chr10	14502676	14520714	Amillepora18077	25	3	0.12	0.12	12	0	33.166247903554	6.6332495807108005	100	0
chr10	14553232	14558388	Amillepora18080	9	0	0	0	0	0	0	0	0	0
chr10	14443647	14451151	Amillepora18070	3	2	0.6666666666666666	0.6666666666666666	66.66666666666667	100	57.73502691896258	33.333333333333336	100	0
chr10	14458898	14463365	Amillepora18071	8	0	0	0	0	0	0	0	0	0
chr10	14655886	14677094	Amillepora18085	30	1	0.03333333333333333	0.03333333333333333	3.3333333333333335	0	18.25741858350554	3.333333333333333	100	0
chr10	14586449	14594928	Amillepora18083	6	0	0	0	0	0	0	0	0	0
chr10	14695230	14703655	Amillepora18087	11	2	0.18181818181818182	0.18181818181818182	18.181818181818183	0	40.45199174779453	12.196734422726125	100	0
chr10	14748213	14750008	Amillepora18090	2	0	0	0	0	0	0	0	0	0
chr10	14703900	14714502	Amillepora18088	14	1	0.07142857142857142	0.07142857142857142	7.142857142857143	0	26.72612419124244	7.142857142857143	100	0
chr10	14758959	14761649	Amillepora18091	1	0	0	0	0	0	NA	NA	0	0
chr10	14766281	14768971	Amillepora18094	1	0	0	0	0	0	NA	NA	0	0
chr10	14830785	14839664	Amillepora18099	3	0	0	0	0	0	0	0	0	0
chr10	14826349	14828851	Amillepora18098	7	1	0.14285714285714285	0.14285714285714285	14.285714285714286	0	37.79644730092272	14.285714285714285	100	0
chr10	14822643	14824226	Amillepora18097	4	1	0.25	0.25	25	0	50	25	100	0
chr10	14950658	14957565	Amillepora18108	2	0	0	0	0	0	0	0	0	0
chr10	14976158	14986281	Amillepora18111	1	0	0	0	0	0	NA	NA	0	0
chr10	14913703	14916584	Amillepora18106	1	0	0	0	0	0	NA	NA	0	0
chr10	15039175	15043248	Amillepora18115	1	0	0	0	0	0	NA	NA	0	0
chr10	14978309	15027223	Amillepora18112	9	3	0.3333333333333333	0.3	33.333333333333336	0	50	16.666666666666668	100	0
chr10	15047218	15064831	Amillepora18116	6	2	0.3333333333333333	0.3333333333333333	33.333333333333336	0	51.63977794943222	21.081851067789195	100	0
chr10	15259095	15262663	Amillepora18124	4	0	0	0	0	0	0	0	0	0
chr10	15268937	15274687	Amillepora18125	5	1	0.2	0.16666666666666666	20	0	44.721359549995796	20	100	0
chr10	15319186	15321976	Amillepora18133	7	0	0	0	0	0	0	0	0	0
chr10	15349775	15355646	Amillepora18135	6	2	0.3333333333333333	0.3333333333333333	33.333333333333336	0	51.63977794943222	21.081851067789195	100	0
chr10	15275502	15280826	Amillepora18126	7	1	0.14285714285714285	0.14285714285714285	14.285714285714286	0	37.79644730092272	14.285714285714285	100	0
chr10	15302907	15310232	Amillepora18130	12	0	0	0	0	0	0	0	0	0
chr10	15285035	15289833	Amillepora18127	12	0	0	0	0	0	0	0	0	0
chr10	15310347	15316916	Amillepora18131	2	1	0.5	0.5	50	50	70.71067811865476	50	100	0
chr10	15323067	15336952	Amillepora18134	16	3	0.1875	0.1875	18.75	0	40.311288741492746	10.077822185373186	100	0
chr10	15289888	15299427	Amillepora18128	5	1	0.2	0.2	20	0	44.721359549995796	20	100	0
chr10	15380923	15385997	Amillepora18137	8	0	0	0	0	0	0	0	0	0
chr10	15360774	15372473	Amillepora18136	28	1	0.03571428571428571	0.034482758620689655	3.5714285714285716	0	18.89822365046134	3.571428571428571	100	0
chr10	15401363	15414575	Amillepora18139	24	0	0	0	0	0	0	0	0	0
chr10	15439051	15447840	Amillepora18143	8	0	0	0	0	0	0	0	0	0
chr10	15430080	15434651	Amillepora18142	4	0	0	0	0	0	0	0	0	0
chr10	15420749	15422757	Amillepora18141	2	0	0	0	0	0	0	0	0	0
chr10	15418059	15419294	Amillepora18140	1	0	0	0	0	0	NA	NA	0	0
chr10	15569257	15575442	Amillepora18154	9	0	0	0	0	0	0	0	0	0
chr10	15526180	15535963	Amillepora18150	22	0	0	0	0	0	0	0	0	0
chr10	15539775	15544632	Amillepora18151	8	0	0	0	0	0	0	0	0	0
chr10	15554540	15566972	Amillepora18152	16	0	0	0	0	0	0	0	0	0
chr10	15521219	15525727	Amillepora18148	3	1	0.3333333333333333	0.3333333333333333	33.333333333333336	0	57.735026918962575	33.333333333333336	100	0
chr10	15481779	15491211	Amillepora18145	11	0	0	0	0	0	0	0	0	0
chr10	15463732	15470843	Amillepora18144	9	0	0	0	0	0	0	0	0	0
chr10	15503744	15516707	Amillepora18146	17	0	0	0	0	0	0	0	0	0
chr10	15665872	15673986	Amillepora18166	29	0	0	0	0	0	0	0	0	0
chr10	15613888	15633098	Amillepora18162	15	0	0	0	0	0	0	0	0	0
chr10	15657890	15661075	Amillepora18165	4	1	0.25	0.25	25	0	50	25	100	0
chr10	15603649	15612192	Amillepora18159	4	2	0.5	0.5	50	50	57.735026918962575	28.867513459481287	100	0
chr10	15596480	15598196	Amillepora18158	6	0	0	0	0	0	0	0	0	0
chr10	15576178	15592714	Amillepora18157	19	4	0.21052631578947367	0.21052631578947367	21.05263157894737	0	41.885390829169545	9.60916767552923	100	0
chr10	15635637	15645606	Amillepora18164	10	1	0.1	0.1	10	0	31.622776601683793	10	100	0
chr10	15700144	15714871	Amillepora18169	10	0	0	0	0	0	0	0	0	0
chr10	15675334	15692781	Amillepora18167	20	0	0	0	0	0	0	0	0	0
chr10	15696364	15698297	Amillepora18168	5	0	0	0	0	0	0	0	0	0
chr10	15728077	15750436	Amillepora18172	7	1	0.14285714285714285	0.14285714285714285	14.285714285714286	0	37.79644730092272	14.285714285714285	100	0
chr10	15845407	15853473	Amillepora18180	5	2	0.4	0.4	40	0	54.772255750516614	24.49489742783178	100	0
chr10	15757397	15758405	Amillepora18174	2	0	0	0	0	0	0	0	0	0
chr10	15835794	15842046	Amillepora18179	5	2	0.4	0.4	40	0	54.772255750516614	24.49489742783178	100	0
chr10	15869967	15879075	Amillepora18183	4	2	0.5	0.5	50	50	57.735026918962575	28.867513459481287	100	0
chr10	15811232	15831881	Amillepora18176	24	1	0.041666666666666664	0.041666666666666664	4.166666666666667	0	20.412414523193153	4.166666666666668	100	0
chr10	15853648	15867049	Amillepora18182	3	1	0.3333333333333333	0.3333333333333333	33.333333333333336	0	57.735026918962575	33.333333333333336	100	0
chr10	15779297	15793148	Amillepora18175	7	1	0.14285714285714285	0.14285714285714285	14.285714285714286	0	37.79644730092272	14.285714285714285	100	0
chr10	15957985	15968355	Amillepora18189	3	1	0.3333333333333333	0.3333333333333333	33.333333333333336	0	57.735026918962575	33.333333333333336	100	0
chr10	15931596	15942125	Amillepora18186	12	3	0.25	0.25	25	0	45.22670168666454	13.055824196677337	100	0
chr10	15942542	15947387	Amillepora18187	8	0	0	0	0	0	0	0	0	0
chr10	15949256	15957870	Amillepora18188	2	1	0.5	0.5	50	50	70.71067811865476	50	100	0
chr10	15892138	15897908	Amillepora18184	7	0	0	0	0	0	0	0	0	0
chr10	15910274	15929788	Amillepora18185	26	1	0.038461538461538464	0.038461538461538464	3.8461538461538463	0	19.611613513818387	3.8461538461538467	100	0
chr10	16012269	16022144	Amillepora18195	2	2	1	1	100	100	0	0	100	100
chr10	16026598	16030760	Amillepora18196	4	0	0	0	0	0	0	0	0	0
chr10	16006548	16009515	Amillepora18194	8	0	0	0	0	0	0	0	0	0
chr10	15996166	16005899	Amillepora18191	13	2	0.15384615384615385	0.15384615384615385	15.384615384615385	0	37.553380809940535	10.415433852097385	100	0
chr10	16098867	16111385	Amillepora18199	11	0	0	0	0	0	0	0	0	0
chr10	16089150	16091317	Amillepora18198	4	0	0	0	0	0	0	0	0	0
chr10	16280055	16282760	Amillepora18211	1	0	0	0	0	0	NA	NA	0	0
chr10	16216449	16219104	Amillepora18208	5	2	0.4	0.4	40	0	54.772255750516614	24.49489742783178	100	0
chr10	16235769	16269423	Amillepora18210	4	0	0	0	0	0	0	0	0	0
chr10	16210106	16212007	Amillepora18207	1	0	0	0	0	0	NA	NA	0	0
chr10	16399993	16408098	Amillepora18240	3	2	0.6666666666666666	0.6666666666666666	66.66666666666667	100	57.735026918962575	33.333333333333336	100	0
chr10	16432392	16456481	Amillepora18242	15	6	0.4	0.4	40	0	50.709255283710995	13.093073414159543	100	0
chr10	16328526	16330887	Amillepora18219	1	0	0	0	0	0	NA	NA	0	0
chr10	16407803	16425449	Amillepora18241	15	2	0.13333333333333333	0.13333333333333333	13.333333333333334	0	35.18657752744984	9.085135251589959	100	0
chr10	16563992	16577085	Amillepora18247	18	0	0	0	0	0	0	0	0	0
chr10	16506321	16546963	Amillepora18245	42	1	0.023809523809523808	0.023255813953488372	2.380952380952381	0	15.43033499620918	2.380952380952381	100	0
chr10	16473793	16502822	Amillepora18244	31	6	0.1935483870967742	0.1935483870967742	19.35483870967742	0	40.16096644512494	7.213122508063838	100	0
chr10	16662030	16676910	Amillepora18258	14	0	0	0	0	0	0	0	0	0
chr10	16623358	16633238	Amillepora18254	3	0	0	0	0	0	0	0	0	0
chr10	16686570	16689722	Amillepora18259	8	0	0	0	0	0	0	0	0	0
chr10	16599645	16604863	Amillepora18249	5	1	0.2	0.2	20	0	44.721359549995796	20	100	0
chr10	16582302	16594710	Amillepora18248	10	1	0.1	0.1	10	0	31.622776601683793	10	100	0
chr10	16613181	16618661	Amillepora18253	6	0	0	0	0	0	0	0	0	0
chr10	16637539	16639146	Amillepora18256	2	0	0	0	0	0	0	0	0	0
chr10	16698392	16707364	Amillepora18261	5	3	0.6	0.6	60	100	54.772255750516614	24.49489742783178	100	0
chr10	16695743	16698306	Amillepora18260	1	0	0	0	0	0	NA	NA	0	0
chr10	16794447	16811508	Amillepora18269	5	0	0	0	0	0	0	0	0	0
chr10	16934314	16937232	Amillepora18278	2	0	0	0	0	0	0	0	0	0
chr10	16947405	16955985	Amillepora18279	3	0	0	0	0	0	0	0	0	0
chr10	16931358	16932995	Amillepora18276	2	2	1	1	100	100	0	0	100	100
chr10	16986371	16993934	Amillepora18285	1	1	1	1	100	100	NA	NA	100	100
chr10	17067561	17075308	Amillepora18291	2	0	0	0	0	0	0	0	0	0
chr10	17026359	17036380	Amillepora18288	4	0	0	0	0	0	0	0	0	0
chr10	17120516	17136101	Amillepora18293	15	2	0.13333333333333333	0.13333333333333333	13.333333333333334	0	35.18657752744984	9.085135251589959	100	0
chr10	17152113	17155825	Amillepora18297	1	0	0	0	0	0	NA	NA	0	0
chr10	17176588	17180406	Amillepora18301	1	0	0	0	0	0	NA	NA	0	0
chr10	17084674	17108691	Amillepora18292	13	8	0.6153846153846154	0.6153846153846154	61.53846153846154	100	50.63696835418333	14.044168141158107	100	0
chr10	17144963	17146786	Amillepora18296	3	0	0	0	0	0	0	0	0	0
chr10	17138990	17140999	Amillepora18295	1	0	0	0	0	0	NA	NA	0	0
chr10	17173493	17175018	Amillepora18300	1	0	0	0	0	0	NA	NA	0	0
chr10	17264815	17268455	Amillepora18310	3	1	0.3333333333333333	0.3333333333333333	33.333333333333336	0	57.735026918962575	33.333333333333336	100	0
chr10	17189918	17197764	Amillepora18302	6	0	0	0	0	0	0	0	0	0
chr10	17348351	17349970	Amillepora18317	2	0	0	0	0	0	0	0	0	0
chr10	17327826	17335532	Amillepora18315	4	0	0	0	0	0	0	0	0	0
chr10	17309017	17316785	Amillepora18313	1	0	0	0	0	0	NA	NA	0	0
chr10	17295273	17296000	Amillepora18312	1	0	0	0	0	0	NA	NA	0	0
chr10	17448391	17462409	Amillepora18324	6	0	0	0	0	0	0	0	0	0
chr10	17434592	17442414	Amillepora18322	13	0	0	0	0	0	0	0	0	0
chr10	17383829	17390514	Amillepora18319	8	0	0	0	0	0	0	0	0	0
chr10	17398647	17407445	Amillepora18320	7	1	0.14285714285714285	0.14285714285714285	14.285714285714286	0	37.79644730092272	14.285714285714285	100	0
chr10	17442164	17454044	Amillepora18323	13	0	0	0	0	0	0	0	0	0
chr10	17410059	17417040	Amillepora18321	7	0	0	0	0	0	0	0	0	0
chr10	17507126	17543639	Amillepora18329	24	0	0	0	0	0	0	0	0	0
chr10	17488761	17497645	Amillepora18327	6	1	0.16666666666666666	0.16666666666666666	16.666666666666668	0	40.82482904638629	16.66666666666667	100	0
chr10	17474134	17482486	Amillepora18326	8	0	0	0	0	0	0	0	0	0
chr10	17499481	17504125	Amillepora18328	2	1	0.5	0.5	50	50	70.71067811865476	50	100	0
chr10	17578698	17591917	Amillepora18334	15	1	0.06666666666666667	0.06666666666666667	6.666666666666667	0	25.81988897471612	6.666666666666666	100	0
chr10	17593073	17602069	Amillepora18335	9	1	0.1111111111111111	0.1111111111111111	11.11111111111111	0	33.333333333333336	11.111111111111112	100	0
chr10	17607743	17623876	Amillepora18340	15	0	0	0	0	0	0	0	0	0
chr10	17710004	17727991	Amillepora18342	8	0	0	0	0	0	0	0	0	0
chr10	17841403	17849922	Amillepora18349	9	2	0.2222222222222222	0.2222222222222222	22.22222222222222	0	44.09585518440984	14.698618394803281	100	0
chr10	17833384	17841111	Amillepora18348	10	1	0.1	0.1	10	0	31.622776601683793	10	100	0
chr10	17963036	17979675	Amillepora18353	20	2	0.1	0.1	10	0	30.779350562554622	6.882472016116853	100	0
chr10	17987696	17989435	Amillepora18357	1	0	0	0	0	0	NA	NA	0	0
chr10	17982182	17983909	Amillepora18356	2	0	0	0	0	0	0	0	0	0
chr10	17928934	17938641	Amillepora18351	13	2	0.15384615384615385	0.15384615384615385	15.384615384615385	0	37.553380809940535	10.415433852097385	100	0
chr10	17942835	17962522	Amillepora18352	19	0	0	0	0	0	0	0	0	0
chr10	18016160	18017890	Amillepora18360	3	0	0	0	0	0	0	0	0	0
chr10	18019735	18021471	Amillepora18361	2	1	0.5	0.5	50	50	70.71067811865476	50	100	0
chr10	17996346	17997934	Amillepora18358	9	0	0	0	0	0	0	0	0	0
chr10	18042633	18044657	Amillepora18363	1	0	0	0	0	0	NA	NA	0	0
chr10	18093086	18094816	Amillepora18368	1	0	0	0	0	0	NA	NA	0	0
chr10	18090745	18091206	Amillepora18367	3	1	0.3333333333333333	0.3333333333333333	33.333333333333336	0	57.735026918962575	33.333333333333336	100	0
chr10	18087166	18090726	Amillepora18366	6	6	1	1	100	100	0	0	100	100
chr10	18179295	18184173	Amillepora18380	1	0	0	0	0	0	NA	NA	0	0
chr10	18176649	18178382	Amillepora18379	1	1	1	1	100	100	NA	NA	100	100
chr10	18252770	18257212	Amillepora18385	1	0	0	0	0	0	NA	NA	0	0
chr10	18232832	18234749	Amillepora18384	1	0	0	0	0	0	NA	NA	0	0
chr10	18356838	18383760	Amillepora18398	50	0	0	0	0	0	0	0	0	0
chr10	18341949	18346440	Amillepora18396	8	0	0	0	0	0	0	0	0	0
chr10	18325136	18337850	Amillepora18395	11	0	0	0	0	0	0	0	0	0
chr10	18277409	18292310	Amillepora18390	3	0	0	0	0	0	0	0	0	0
chr10	18415132	18425742	Amillepora18402	8	0	0	0	0	0	0	0	0	0
chr10	18435869	18439575	Amillepora18404	1	0	0	0	0	0	NA	NA	0	0
chr10	18392396	18401706	Amillepora18401	8	0	0	0	0	0	0	0	0	0
chr10	18431015	18431974	Amillepora18403	1	0	0	0	0	0	NA	NA	0	0
chr10	18456549	18457956	Amillepora18406	3	0	0	0	0	0	0	0	0	0
chr10	18469880	18471174	Amillepora18408	1	0	0	0	0	0	NA	NA	0	0
chr10	18385057	18391707	Amillepora18400	3	1	0.3333333333333333	0.3333333333333333	33.333333333333336	0	57.735026918962575	33.333333333333336	100	0
chr10	18459193	18465936	Amillepora18407	2	0	0	0	0	0	0	0	0	0
chr10	18570806	18576682	Amillepora18418	11	0	0	0	0	0	0	0	0	0
chr10	18511501	18519405	Amillepora18412	20	0	0	0	0	0	0	0	0	0
chr10	18493859	18503928	Amillepora18409	8	0	0	0	0	0	0	0	0	0
chr10	18551079	18570085	Amillepora18417	17	0	0	0	0	0	0	0	0	0
chr10	18538768	18541841	Amillepora18415	1	0	0	0	0	0	NA	NA	0	0
chr10	18546526	18549588	Amillepora18416	1	0	0	0	0	0	NA	NA	0	0
chr10	18523610	18524827	Amillepora18414	2	0	0	0	0	0	0	0	0	0
chr10	18519824	18522361	Amillepora18413	4	1	0.25	0.25	25	0	50	25	100	0
chr10	18663378	18685900	Amillepora18422	39	3	0.07692307692307693	0.07692307692307693	7.6923076923076925	0	26.99527623995085	4.322703745761664	100	0
chr10	18622471	18656661	Amillepora18420	5	0	0	0	0	0	0	0	0	0
chr10	18698271	18699284	Amillepora18423	2	0	0	0	0	0	0	0	0	0
chr10	18755560	18762284	Amillepora18428	3	0	0	0	0	0	0	0	0	0
chr10	18711141	18711965	Amillepora18424	1	0	0	0	0	0	NA	NA	0	0
chr10	18770208	18781897	Amillepora18429	3	0	0	0	0	0	0	0	0	0
chr10	18850239	18867305	Amillepora18438	18	0	0	0	0	0	0	0	0	0
chr10	18819991	18835095	Amillepora18436	6	0	0	0	0	0	0	0	0	0
chr10	18805989	18811821	Amillepora18433	1	0	0	0	0	0	NA	NA	0	0
chr10	18840083	18841958	Amillepora18437	1	0	0	0	0	0	NA	NA	0	0
chr10	18798560	18800939	Amillepora18432	1	0	0	0	0	0	NA	NA	0	0
chr10	18963125	18978258	Amillepora18446	5	4	0.8	0.8	80	100	44.721359549995796	20	100	0
chr10	18937271	18945879	Amillepora18444	11	3	0.2727272727272727	0.2727272727272727	27.272727272727273	0	46.70993664969137	14.083575804390607	100	0
chr10	18912026	18925049	Amillepora18442	6	2	0.3333333333333333	0.3333333333333333	33.333333333333336	0	51.63977794943222	21.081851067789195	100	0
chr10	18890286	18895402	Amillepora18440	7	1	0.14285714285714285	0.14285714285714285	14.285714285714286	0	37.79644730092272	14.285714285714285	100	0
chr10	18925781	18927208	Amillepora18443	5	0	0	0	0	0	0	0	0	0
chr10	18950566	18980351	Amillepora18445	12	4	0.3333333333333333	0.3333333333333333	33.333333333333336	0	49.23659639173309	14.213381090374028	100	0
chr10	18900672	18901193	Amillepora18441	5	0	0	0	0	0	0	0	0	0
chr10	18882895	18886167	Amillepora18439	5	0	0	0	0	0	0	0	0	0
chr10	19004351	19007629	Amillepora18450	4	1	0.25	0.25	25	0	50	25	100	0
chr10	19079844	19086109	Amillepora18457	2	1	0.5	0.5	50	50	70.71067811865476	50	100	0
chr10	19019473	19051790	Amillepora18452	74	1	0.013513513513513514	0.013513513513513514	1.3513513513513513	0	11.624763874381918	1.3513513513513513	100	0
chr10	19073128	19075430	Amillepora18456	2	1	0.5	0.5	50	50	70.71067811865476	50	100	0
chr10	19057308	19066586	Amillepora18454	9	0	0	0	0	0	0	0	0	0
chr10	19053587	19057154	Amillepora18453	1	0	0	0	0	0	NA	NA	0	0
chr10	18982096	18996558	Amillepora18447	25	0	0	0	0	0	0	0	0	0
chr10	19007663	19018101	Amillepora18451	11	1	0.09090909090909091	0.08333333333333333	9.090909090909092	0	30.151134457776358	9.09090909090909	100	0
chr10	19104611	19113046	Amillepora18461	4	1	0.25	0.25	25	0	50	25	100	0
chr10	19086601	19095692	Amillepora18458	12	1	0.08333333333333333	0.08333333333333333	8.333333333333334	0	28.867513459481305	8.333333333333334	100	0
chr10	19133006	19134520	Amillepora18463	2	0	0	0	0	0	0	0	0	0
chr10	19113562	19125808	Amillepora18462	21	0	0	0	0	0	0	0	0	0
chr10	19167984	19178664	Amillepora18466	1	0	0	0	0	0	NA	NA	0	0
chr10	19136305	19139607	Amillepora18464	1	1	1	1	100	100	NA	NA	100	100
chr10	19157515	19161539	Amillepora18465	2	0	0	0	0	0	0	0	0	0
chr10	19196816	19200203	Amillepora18468	1	0	0	0	0	0	NA	NA	0	0
chr10	19205038	19220811	Amillepora18469	13	0	0	0	0	0	0	0	0	0
chr10	19250904	19251740	Amillepora18470	1	0	0	0	0	0	NA	NA	0	0
chr10	19258808	19260374	Amillepora18471	1	0	0	0	0	0	NA	NA	0	0
chr10	19355095	19366750	Amillepora18479	4	0	0	0	0	0	0	0	0	0
chr10	19304856	19306214	Amillepora18474	1	0	0	0	0	0	NA	NA	0	0
chr10	19342515	19345763	Amillepora18478	2	0	0	0	0	0	0	0	0	0
chr10	19327975	19330167	Amillepora18477	2	0	0	0	0	0	0	0	0	0
chr10	19287303	19297802	Amillepora18473	8	0	0	0	0	0	0	0	0	0
chr10	19324701	19326002	Amillepora18476	3	0	0	0	0	0	0	0	0	0
chr10	19404336	19416474	Amillepora18486	1	0	0	0	0	0	NA	NA	0	0
chr10	19472855	19480698	Amillepora18489	2	1	0.5	0.5	50	50	70.71067811865476	50	100	0
chr10	19401836	19404152	Amillepora18485	1	0	0	0	0	0	NA	NA	0	0
chr10	19449699	19455611	Amillepora18487	3	1	0.3333333333333333	0.3333333333333333	33.333333333333336	0	57.735026918962575	33.333333333333336	100	0
chr10	19457484	19472725	Amillepora18488	20	1	0.05	0.05	5	0	22.360679774997898	5	100	0
chr10	19482824	19483909	Amillepora18490	1	1	1	1	100	100	NA	NA	100	100
chr10	19579260	19589446	Amillepora18506	10	0	0	0	0	0	0	0	0	0
chr10	19485324	19487423	Amillepora18491	1	1	1	1	100	100	NA	NA	100	100
chr10	19542510	19549673	Amillepora18500	14	0	0	0	0	0	0	0	0	0
chr10	19496797	19505889	Amillepora18493	14	1	0.07142857142857142	0.07142857142857142	7.142857142857143	0	26.72612419124244	7.142857142857143	100	0
chr10	19551372	19559561	Amillepora18501	7	1	0.14285714285714285	0.14285714285714285	14.285714285714286	0	37.79644730092272	14.285714285714285	100	0
chr10	19488786	19496778	Amillepora18492	2	2	1	1	100	100	0	0	100	100
chr10	19561459	19573999	Amillepora18502	12	0	0	0	0	0	0	0	0	0
chr10	19532579	19542363	Amillepora18499	3	2	0.6666666666666666	0.6666666666666666	66.66666666666667	100	57.735026918962575	33.333333333333336	100	0
chr10	19518490	19522584	Amillepora18496	3	0	0	0	0	0	0	0	0	0
chr10	19614496	19625720	Amillepora18514	14	1	0.07142857142857142	0.07142857142857142	7.142857142857143	0	26.726124191242445	7.142857142857143	100	0
chr10	19650060	19656497	Amillepora18515	8	0	0	0	0	0	0	0	0	0
chr10	19661664	19668029	Amillepora18516	10	3	0.3	0.3	30	0	48.3045891539648	15.275252316519467	100	0
chr10	19605857	19613945	Amillepora18508	5	1	0.2	0.2	20	0	44.721359549995796	20	100	0
chr10	19591106	19593641	Amillepora18507	9	0	0	0	0	0	0	0	0	0
chr10	19752994	19761360	Amillepora18525	4	2	0.5	0.5	50	50	57.735026918962575	28.867513459481287	100	0
chr10	19738444	19752960	Amillepora18524	17	1	0.058823529411764705	0.05555555555555555	5.882352941176471	0	24.253562503633297	5.88235294117647	100	0
chr10	19704464	19712112	Amillepora18521	8	0	0	0	0	0	0	0	0	0
chr10	19724387	19731427	Amillepora18523	13	1	0.07692307692307693	0.07692307692307693	7.6923076923076925	0	27.735009811261456	7.6923076923076925	100	0
chr10	19686832	19692929	Amillepora18518	2	0	0	0	0	0	0	0	0	0
chr10	19850116	19852950	Amillepora18532	3	0	0	0	0	0	0	0	0	0
chr10	19800789	19812989	Amillepora18527	17	1	0.058823529411764705	0.058823529411764705	5.882352941176471	0	24.253562503633294	5.88235294117647	100	0
chr10	19775343	19790792	Amillepora18526	9	2	0.2222222222222222	0.2222222222222222	22.22222222222222	0	44.09585518440984	14.698618394803281	100	0
chr10	19824942	19833619	Amillepora18529	6	2	0.3333333333333333	0.3333333333333333	33.333333333333336	0	51.63977794943222	21.081851067789195	100	0
chr10	19815464	19820227	Amillepora18528	4	0	0	0	0	0	0	0	0	0
chr10	19854373	19857115	Amillepora18533	2	1	0.5	0.5	50	50	70.71067811865476	50	100	0
chr10	19840597	19842315	Amillepora18530	5	0	0	0	0	0	0	0	0	0
chr10	19875249	19877134	Amillepora18534	2	0	0	0	0	0	0	0	0	0
chr10	19846010	19847992	Amillepora18531	7	0	0	0	0	0	0	0	0	0
chr10	19899227	19908318	Amillepora18536	1	0	0	0	0	0	NA	NA	0	0
chr10	19931280	19937864	Amillepora18537	6	1	0.16666666666666666	0.16666666666666666	16.666666666666668	0	40.82482904638629	16.66666666666667	100	0
chr10	19939154	19958553	Amillepora18538	37	0	0	0	0	0	0	0	0	0
chr10	19888731	19899063	Amillepora18535	5	0	0	0	0	0	0	0	0	0
chr10	20028694	20033308	Amillepora18542	4	0	0	0	0	0	0	0	0	0
chr10	20034660	20053285	Amillepora18543	6	2	0.3333333333333333	0.3333333333333333	33.333333333333336	0	51.63977794943222	21.081851067789195	100	0
chr10	19963281	20000875	Amillepora18539	59	0	0	0	0	0	0	0	0	0
chr10	20003545	20023630	Amillepora18541	34	3	0.08823529411764706	0.08823529411764706	8.823529411764707	0	28.790224128123665	4.937482703908927	100	0
chr10	20002420	20003205	Amillepora18540	2	0	0	0	0	0	0	0	0	0
chr10	20055954	20062085	Amillepora18545	5	1	0.2	0.2	20	0	44.721359549995796	20	100	0
chr10	20131698	20142570	Amillepora18550	3	0	0	0	0	0	0	0	0	0
chr10	20120368	20130121	Amillepora18549	5	1	0.2	0.2	20	0	44.721359549995796	20	100	0
chr10	20172421	20175614	Amillepora18553	1	1	1	1	100	100	NA	NA	100	100
chr10	20079827	20096948	Amillepora18546	21	1	0.047619047619047616	0.047619047619047616	4.761904761904762	0	21.821789023599244	4.761904761904762	100	0
chr10	20100464	20113524	Amillepora18547	10	1	0.1	0.1	10	0	31.622776601683793	10	100	0
chr10	20177074	20178333	Amillepora18554	1	0	0	0	0	0	NA	NA	0	0
chr10	20217475	20219577	Amillepora18557	5	0	0	0	0	0	0	0	0	0
chr10	20207688	20215600	Amillepora18556	2	2	1	1	100	100	0	0	100	100
chr10	20200633	20206813	Amillepora18555	5	0	0	0	0	0	0	0	0	0
chr10	20242972	20277017	Amillepora18558	25	0	0	0	0	0	0	0	0	0
chr10	20280161	20283116	Amillepora18560	1	0	0	0	0	0	NA	NA	0	0
chr10	20283510	20293387	Amillepora18561	18	1	0.05555555555555555	0.05263157894736842	5.555555555555555	0	23.570226039551585	5.555555555555556	100	0
chr10	20312945	20330198	Amillepora18563	15	2	0.13333333333333333	0.13333333333333333	13.333333333333334	0	35.18657752744984	9.085135251589959	100	0
chr10	20295733	20310339	Amillepora18562	23	0	0	0	0	0	0	0	0	0
chr10	20356598	20383558	Amillepora18570	6	1	0.16666666666666666	0.16666666666666666	16.666666666666668	0	40.8248290463863	16.66666666666667	100	0
chr10	20465215	20467380	Amillepora18584	4	0	0	0	0	0	0	0	0	0
chr10	20439224	20444766	Amillepora18580	1	0	0	0	0	0	NA	NA	0	0
chr10	20348564	20349630	Amillepora18567	2	0	0	0	0	0	0	0	0	0
chr10	20397559	20406401	Amillepora18574	3	0	0	0	0	0	0	0	0	0
chr10	20429987	20437415	Amillepora18579	6	0	0	0	0	0	0	0	0	0
chr10	20340162	20344989	Amillepora18566	6	0	0	0	0	0	0	0	0	0
chr10	20335621	20339243	Amillepora18565	4	0	0	0	0	0	0	0	0	0
chr10	20334316	20334998	Amillepora18564	2	0	0	0	0	0	0	0	0	0
chr10	20354074	20354897	Amillepora18569	3	0	0	0	0	0	0	0	0	0
chr10	20666254	20667927	Amillepora18597	9	1	0.1111111111111111	0.1111111111111111	11.11111111111111	0	33.333333333333336	11.111111111111112	100	0
chr10	20642556	20643816	Amillepora18595	4	1	0.25	0.25	25	0	50	25	100	0
chr10	20665040	20665810	Amillepora18596	3	1	0.3333333333333333	0.25	33.333333333333336	0	57.735026918962575	33.333333333333336	100	0
chr10	20745620	20751100	Amillepora18608	1	0	0	0	0	0	NA	NA	0	0
chr10	20773888	20783036	Amillepora18613	1	0	0	0	0	0	NA	NA	0	0
chr10	20878407	20882951	Amillepora18627	1	1	1	1	100	100	NA	NA	100	100
chr10	20837365	20852217	Amillepora18621	4	2	0.5	0.5	50	50	57.735026918962575	28.867513459481287	100	0
chr10	20852270	20853658	Amillepora18623	1	0	0	0	0	0	NA	NA	0	0
chr10	20782360	20798092	Amillepora18614	2	0	0	0	0	0	0	0	0	0
chr10	20800272	20802877	Amillepora18616	3	1	0.3333333333333333	0.3333333333333333	33.333333333333336	0	57.735026918962575	33.333333333333336	100	0
chr10	20972584	20985268	Amillepora18635	16	0	0	0	0	0	0	0	0	0
chr10	20930284	20943432	Amillepora18632	1	0	0	0	0	0	NA	NA	0	0
chr10	20953656	20959367	Amillepora18634	1	1	1	1	100	100	NA	NA	100	100
chr10	20977017	20980070	Amillepora18636	1	0	0	0	0	0	NA	NA	0	0
chr10	21021918	21030065	Amillepora18638	8	0	0	0	0	0	0	0	0	0
chr10	20995123	21012935	Amillepora18637	8	2	0.25	0.25	25	0	46.29100498862757	16.366341767699428	100	0
chr10	21306263	21306862	Amillepora18650	1	0	0	0	0	0	NA	NA	0	0
chr10	21671046	21695525	Amillepora18670	4	1	0.25	0.25	25	0	50	25	100	0
chr11	5419	11637	Amillepora26258	2	0	0	0	0	0	0	0	0	0
chr11	150723	151319	Amillepora26276	1	0	0	0	0	0	NA	NA	0	0
chr11	148308	149417	Amillepora26274	2	0	0	0	0	0	0	0	0	0
chr11	168917	170062	Amillepora26279	2	0	0	0	0	0	0	0	0	0
chr11	173068	180498	Amillepora26281	17	0	0	0	0	0	0	0	0	0
chr11	170089	170841	Amillepora26280	3	0	0	0	0	0	0	0	0	0
chr11	95433	100265	Amillepora26269	12	0	0	0	0	0	0	0	0	0
chr11	152961	155005	Amillepora26278	2	0	0	0	0	0	0	0	0	0
chr11	138845	140471	Amillepora26273	2	1	0.5	0.5	50	50	70.71067811865476	50	100	0
chr11	15663	48402	Amillepora26259	53	1	0.018867924528301886	0.018867924528301886	1.8867924528301887	0	13.73605639486891	1.886792452830189	100	0
chr11	101064	105705	Amillepora26270	8	0	0	0	0	0	0	0	0	0
chr11	48867	63354	Amillepora26261	6	0	0	0	0	0	0	0	0	0
chr11	92775	94920	Amillepora26268	8	0	0	0	0	0	0	0	0	0
chr11	74316	84704	Amillepora26266	3	0	0	0	0	0	0	0	0	0
chr11	123846	134370	Amillepora26272	14	0	0	0	0	0	0	0	0	0
chr11	278356	285049	Amillepora26290	1	0	0	0	0	0	NA	NA	0	0
chr11	197921	217567	Amillepora26283	15	0	0	0	0	0	0	0	0	0
chr11	183977	193835	Amillepora26282	8	1	0.125	0.125	12.5	0	35.35533905932738	12.5	100	0
chr11	223355	230649	Amillepora26285	2	0	0	0	0	0	0	0	0	0
chr11	324175	325797	Amillepora26292	1	0	0	0	0	0	NA	NA	0	0
chr11	359812	361434	Amillepora26295	1	0	0	0	0	0	NA	NA	0	0
chr11	327754	333950	Amillepora26293	1	1	1	1	100	100	NA	NA	100	100
chr11	363362	369587	Amillepora26296	1	0	0	0	0	0	NA	NA	0	0
chr11	287863	321320	Amillepora26291	24	6	0.25	0.28	25	0	44.23258684646914	9.02893898143269	100	0
chr11	345997	356927	Amillepora26294	2	1	0.5	0.5	50	50	70.71067811865476	50	100	0
chr11	372944	411617	Amillepora26297	31	2	0.06451612903225806	0.06451612903225806	6.451612903225806	0	24.973103811470743	4.485301852605207	100	0
chr11	429831	456613	Amillepora26299	29	2	0.06896551724137931	0.06896551724137931	6.896551724137931	0	25.78807147775638	4.788724653995956	100	0
chr11	412827	424699	Amillepora26298	18	0	0	0	0	0	0	0	0	0
chr11	460700	472111	Amillepora26301	7	0	0	0	0	0	0	0	0	0
chr11	456540	458658	Amillepora26300	3	0	0	0	0	0	0	0	0	0
chr11	567453	569527	Amillepora26316	1	0	0	0	0	0	NA	NA	0	0
chr11	478236	478679	Amillepora26305	1	0	0	0	0	0	NA	NA	0	0
chr11	481917	492971	Amillepora26306	3	2	0.6666666666666666	0.6666666666666666	66.66666666666667	100	57.735026918962575	33.333333333333336	100	0
chr11	513957	515747	Amillepora26312	2	2	1	1	100	100	0	0	100	100
chr11	518917	533392	Amillepora26313	5	2	0.4	0.4	40	0	54.772255750516614	24.49489742783178	100	0
chr11	501108	516470	Amillepora26311	5	3	0.6	0.6	60	100	54.772255750516614	24.49489742783178	100	0
chr11	494956	498887	Amillepora26310	2	0	0	0	0	0	0	0	0	0
chr11	541588	556797	Amillepora26314	3	0	0	0	0	0	0	0	0	0
chr11	623320	624048	Amillepora26320	1	0	0	0	0	0	NA	NA	0	0
chr11	625309	627176	Amillepora26322	1	0	0	0	0	0	NA	NA	0	0
chr11	624620	625087	Amillepora26321	1	0	0	0	0	0	NA	NA	0	0
chr11	736493	742054	Amillepora26329	3	2	0.6666666666666666	0.6666666666666666	66.66666666666667	100	57.73502691896258	33.333333333333336	100	0
chr11	706483	708036	Amillepora26326	2	0	0	0	0	0	0	0	0	0
chr11	700766	723348	Amillepora26325	24	4	0.16666666666666666	0.16666666666666666	16.666666666666668	0	38.069349381344054	7.770873402002615	100	0
chr11	748981	774206	Amillepora26332	12	2	0.16666666666666666	0.16666666666666666	16.666666666666668	0	38.92494720807614	11.236664374387368	100	0
chr11	774315	796094	Amillepora26337	15	1	0.06666666666666667	0.06666666666666667	6.666666666666667	0	25.819888974716115	6.666666666666666	100	0
chr11	829767	871712	Amillepora26352	33	13	0.3939393939393939	0.3939393939393939	39.39393939393939	0	49.61976634488733	8.63769261438741	100	0
chr11	883524	886033	Amillepora26355	3	0	0	0	0	0	0	0	0	0
chr11	1013717	1016596	Amillepora26389	1	1	1	1	100	100	NA	NA	100	100
chr11	1063901	1066007	Amillepora26395	2	0	0	0	0	0	0	0	0	0
chr11	1081325	1094640	Amillepora26398	4	2	0.5	0.5	50	50	57.735026918962575	28.867513459481287	100	0
chr11	1101521	1102330	Amillepora26399	1	0	0	0	0	0	NA	NA	0	0
chr11	1171423	1178053	Amillepora26407	1	0	0	0	0	0	NA	NA	0	0
chr11	1258442	1263225	Amillepora26416	9	9	1	1	100	100	0	0	100	100
chr11	1256998	1258113	Amillepora26415	3	2	0.6666666666666666	0.6666666666666666	66.66666666666667	100	57.73502691896258	33.333333333333336	100	0
chr11	1167562	1169410	Amillepora26406	4	2	0.5	0.5	50	50	57.735026918962575	28.867513459481287	100	0
chr11	1253933	1256400	Amillepora26414	2	2	1	1	100	100	0	0	100	100
chr11	1198378	1199163	Amillepora26410	1	0	0	0	0	0	NA	NA	0	0
chr11	1209731	1211510	Amillepora26411	1	0	0	0	0	0	NA	NA	0	0
chr11	1223684	1229406	Amillepora26413	2	2	1	1	100	100	0	0	100	100
chr11	1183689	1196533	Amillepora26409	3	3	1	1	100	100	0	0	100	100
chr11	1332460	1334031	Amillepora26420	1	1	1	1	100	100	NA	NA	100	100
chr11	1308403	1310220	Amillepora26418	6	6	1	1	100	100	0	0	100	100
chr11	1390176	1394598	Amillepora26426	7	0	0	0	0	0	0	0	0	0
chr11	1461556	1462664	Amillepora26433	1	1	1	1	100	100	NA	NA	100	100
chr11	1399760	1400887	Amillepora26428	1	0	0	0	0	0	NA	NA	0	0
chr11	1400914	1403191	Amillepora26429	1	0	0	0	0	0	NA	NA	0	0
chr11	1523221	1526233	Amillepora26442	1	0	0	0	0	0	NA	NA	0	0
chr11	1503336	1504565	Amillepora26439	1	1	1	1	100	100	NA	NA	100	100
chr11	1573766	1575391	Amillepora26452	1	1	1	1	100	100	NA	NA	100	100
chr11	1568857	1570089	Amillepora26451	2	2	1	1	100	100	0	0	100	100
chr11	1534087	1539361	Amillepora26443	10	7	0.7	0.7	70	100	48.3045891539648	15.275252316519467	100	0
chr11	1556832	1565675	Amillepora26450	2	2	1	1	100	100	0	0	100	100
chr11	1474133	1481185	Amillepora26436	5	1	0.2	0.2	20	0	44.721359549995796	20	100	0
chr11	1501781	1525895	Amillepora26438	10	6	0.6	0.6	60	100	51.63977794943222	16.329931618554518	100	0
chr11	1552065	1552954	Amillepora26447	1	0	0	0	0	0	NA	NA	0	0
chr11	1670881	1673304	Amillepora26463	4	0	0	0	0	0	0	0	0	0
chr11	1665683	1667023	Amillepora26462	1	1	1	1	100	100	NA	NA	100	100
chr11	1607662	1645269	Amillepora26455	12	9	0.75	0.75	75	100	45.22670168666454	13.055824196677337	100	0
chr11	1677768	1679351	Amillepora26464	1	1	1	1	100	100	NA	NA	100	100
chr11	1664330	1665340	Amillepora26461	1	1	1	1	100	100	NA	NA	100	100
chr11	1711253	1712022	Amillepora26469	1	1	1	1	100	100	NA	NA	100	100
chr11	1683057	1683530	Amillepora26465	1	0	0	0	0	0	NA	NA	0	0
chr11	1709462	1709701	Amillepora26468	1	1	1	1	100	100	NA	NA	100	100
chr11	1835276	1852620	Amillepora26478	11	1	0.09090909090909091	0.09090909090909091	9.090909090909092	0	30.151134457776358	9.09090909090909	100	0
chr11	1807949	1825920	Amillepora26477	22	2	0.09090909090909091	0.09090909090909091	9.090909090909092	0	29.42449431682498	6.273323266748674	100	0
chr11	1875667	1879065	Amillepora26483	1	0	0	0	0	0	NA	NA	0	0
chr11	1854984	1863249	Amillepora26480	8	2	0.25	0.25	25	0	46.29100498862757	16.366341767699428	100	0
chr11	1806924	1807817	Amillepora26476	1	0	0	0	0	0	NA	NA	0	0
chr11	1853268	1854763	Amillepora26479	1	0	0	0	0	0	NA	NA	0	0
chr11	1925111	1930252	Amillepora26488	1	0	0	0	0	0	NA	NA	0	0
chr11	1886544	1889749	Amillepora26485	2	0	0	0	0	0	0	0	0	0
chr11	1936963	1948007	Amillepora26489	4	1	0.25	0.25	25	0	50	25	100	0
chr11	1879348	1886409	Amillepora26484	2	0	0	0	0	0	0	0	0	0
chr11	1864559	1872736	Amillepora26482	7	0	0	0	0	0	0	0	0	0
chr11	1891606	1911116	Amillepora26487	6	3	0.5	0.5	50	50	54.772255750516614	22.3606797749979	100	0
chr11	1966886	1967488	Amillepora26492	3	0	0	0	0	0	0	0	0	0
chr11	1968017	1970915	Amillepora26493	21	3	0.14285714285714285	0.13636363636363635	14.285714285714286	0	35.856858280031815	7.824607964359516	100	0
chr11	2069073	2070167	Amillepora26499	1	0	0	0	0	0	NA	NA	0	0
chr11	2057852	2065825	Amillepora26498	3	0	0	0	0	0	0	0	0	0
chr11	1977190	1990668	Amillepora26494	1	0	0	0	0	0	NA	NA	0	0
chr11	2130654	2137284	Amillepora26500	7	1	0.14285714285714285	0.14285714285714285	14.285714285714286	0	37.79644730092272	14.285714285714285	100	0
chr11	2139825	2163605	Amillepora26501	14	0	0	0	0	0	0	0	0	0
chr11	2205333	2218772	Amillepora26502	5	0	0	0	0	0	0	0	0	0
chr11	2225348	2230604	Amillepora26504	1	0	0	0	0	0	NA	NA	0	0
chr11	2261505	2264514	Amillepora26509	1	0	0	0	0	0	NA	NA	0	0
chr11	2244599	2255415	Amillepora26507	12	1	0.08333333333333333	0.08333333333333333	8.333333333333334	0	28.86751345948129	8.333333333333334	100	0
chr11	2267628	2270488	Amillepora26510	1	0	0	0	0	0	NA	NA	0	0
chr11	2299327	2311158	Amillepora26513	14	7	0.5	0.5	50	50	51.887452166277086	13.86750490563073	100	0
chr11	2291397	2296511	Amillepora26512	2	0	0	0	0	0	0	0	0	0
chr11	2376258	2382698	Amillepora26521	14	0	0	0	0	0	0	0	0	0
chr11	2256413	2257663	Amillepora26508	1	0	0	0	0	0	NA	NA	0	0
chr11	2338334	2344117	Amillepora26517	4	4	1	1	100	100	0	0	100	100
chr11	2319382	2334680	Amillepora26516	11	0	0	0	0	0	0	0	0	0
chr11	2220414	2221181	Amillepora26503	1	0	0	0	0	0	NA	NA	0	0
chr11	2271064	2291274	Amillepora26511	12	1	0.08333333333333333	0.08333333333333333	8.333333333333334	0	28.867513459481295	8.333333333333334	100	0
chr11	2348219	2375124	Amillepora26519	30	5	0.16666666666666666	0.16666666666666666	16.666666666666668	0	37.90490217894517	6.920456654478331	100	0
chr11	2344826	2348064	Amillepora26518	6	0	0	0	0	0	0	0	0	0
chr11	2405771	2413360	Amillepora26528	3	1	0.3333333333333333	0.3333333333333333	33.333333333333336	0	57.735026918962575	33.333333333333336	100	0
chr11	2420433	2465979	Amillepora26529	56	3	0.05357142857142857	0.05357142857142857	5.357142857142857	0	22.720778292870325	3.036191711884685	100	0
chr11	2393109	2395045	Amillepora26523	2	0	0	0	0	0	0	0	0	0
chr11	2399603	2402855	Amillepora26526	2	0	0	0	0	0	0	0	0	0
chr11	2466899	2481449	Amillepora26530	9	2	0.2222222222222222	0.2222222222222222	22.22222222222222	0	44.09585518440984	14.698618394803281	100	0
chr11	2383218	2392526	Amillepora26522	10	2	0.2	0.2	20	0	42.16370213557839	13.333333333333332	100	0
chr11	2491017	2509417	Amillepora26531	7	3	0.42857142857142855	0.42857142857142855	42.857142857142854	0	53.45224838248488	20.203050891044217	100	0
chr11	2628028	2632093	Amillepora26541	3	0	0	0	0	0	0	0	0	0
chr11	2580050	2582614	Amillepora26537	2	0	0	0	0	0	0	0	0	0
chr11	2633285	2640672	Amillepora26542	3	1	0.3333333333333333	0.3333333333333333	33.333333333333336	0	57.735026918962575	33.333333333333336	100	0
chr11	2660676	2662615	Amillepora26544	12	0	0	0	0	0	0	0	0	0
chr11	2512416	2513978	Amillepora26532	4	1	0.25	0.25	25	0	50	25	100	0
chr11	2641605	2644929	Amillepora26543	1	0	0	0	0	0	NA	NA	0	0
chr11	2687464	2689527	Amillepora26545	11	0	0	0	0	0	0	0	0	0
chr11	2575813	2579200	Amillepora26536	3	2	0.6666666666666666	0.6666666666666666	66.66666666666667	100	57.735026918962575	33.333333333333336	100	0
chr11	2615921	2627995	Amillepora26540	5	3	0.6	0.6	60	100	54.772255750516614	24.49489742783178	100	0
chr11	2546925	2570326	Amillepora26533	8	2	0.25	0.25	25	0	46.29100498862757	16.366341767699428	100	0
chr11	2583845	2607510	Amillepora26538	3	2	0.6666666666666666	0.6666666666666666	66.66666666666667	100	57.735026918962575	33.333333333333336	100	0
chr11	2742982	2747283	Amillepora26551	12	0	0	0	0	0	0	0	0	0
chr11	2706568	2719319	Amillepora26546	5	1	0.2	0.2	20	0	44.721359549995796	20	100	0
chr11	2726393	2742713	Amillepora26549	12	1	0.08333333333333333	0.08333333333333333	8.333333333333334	0	28.867513459481298	8.333333333333334	100	0
chr11	2723708	2724664	Amillepora26547	3	0	0	0	0	0	0	0	0	0
chr11	2748337	2756423	Amillepora26552	1	0	0	0	0	0	NA	NA	0	0
chr11	2803033	2823961	Amillepora26557	6	0	0	0	0	0	0	0	0	0
chr11	2774486	2790119	Amillepora26555	17	0	0	0	0	0	0	0	0	0
chr11	2829867	2841388	Amillepora26558	6	1	0.16666666666666666	0.16666666666666666	16.666666666666668	0	40.8248290463863	16.66666666666667	100	0
chr11	2865000	2878311	Amillepora26561	3	0	0	0	0	0	0	0	0	0
chr11	2766802	2774260	Amillepora26554	8	0	0	0	0	0	0	0	0	0
chr11	2846765	2862608	Amillepora26560	3	0	0	0	0	0	0	0	0	0
chr11	2841763	2844129	Amillepora26559	2	0	0	0	0	0	0	0	0	0
chr11	2900036	2916916	Amillepora26563	2	1	0.5	0.5	50	50	70.71067811865476	50	100	0
chr11	2865805	2897192	Amillepora26562	13	0	0	0	0	0	0	0	0	0
chr11	2920926	2927424	Amillepora26565	5	0	0	0	0	0	0	0	0	0
chr11	2938054	2946460	Amillepora26567	3	2	0.6666666666666666	0.6666666666666666	66.66666666666667	100	57.73502691896258	33.333333333333336	100	0
chr11	2947494	2961210	Amillepora26568	5	2	0.4	0.4	40	0	54.772255750516614	24.49489742783178	100	0
chr11	3025629	3056827	Amillepora26570	15	2	0.13333333333333333	0.13333333333333333	13.333333333333334	0	35.18657752744984	9.085135251589959	100	0
chr11	2974453	3006025	Amillepora26569	26	0	0	0	0	0	0	0	0	0
chr11	3169948	3175942	Amillepora26581	9	0	0	0	0	0	0	0	0	0
chr11	3109531	3112414	Amillepora26577	3	0	0	0	0	0	0	0	0	0
chr11	3156410	3158892	Amillepora26580	8	1	0.125	0.125	12.5	0	35.35533905932738	12.5	100	0
chr11	3126163	3131318	Amillepora26578	4	0	0	0	0	0	0	0	0	0
chr11	3147125	3152404	Amillepora26579	8	1	0.125	0.125	12.5	0	35.35533905932738	12.5	100	0
chr11	3076038	3101105	Amillepora26574	16	5	0.3125	0.3125	31.25	0	47.871355387816905	11.967838846954226	100	0
chr11	3238833	3245861	Amillepora26585	8	0	0	0	0	0	0	0	0	0
chr11	3183963	3191195	Amillepora26582	7	0	0	0	0	0	0	0	0	0
chr11	3262807	3270764	Amillepora26586	1	0	0	0	0	0	NA	NA	0	0
chr11	3192430	3193737	Amillepora26583	5	0	0	0	0	0	0	0	0	0
chr11	3208304	3216726	Amillepora26584	2	0	0	0	0	0	0	0	0	0
chr11	3376414	3389057	Amillepora26597	21	0	0	0	0	0	0	0	0	0
chr11	3353066	3367654	Amillepora26596	12	1	0.08333333333333333	0.08333333333333333	8.333333333333334	0	28.867513459481298	8.333333333333334	100	0
chr11	3320871	3341556	Amillepora26594	6	1	0.16666666666666666	0.16666666666666666	16.666666666666668	0	40.82482904638629	16.66666666666667	100	0
chr11	3307361	3318863	Amillepora26593	6	4	0.6666666666666666	0.6666666666666666	66.66666666666667	100	51.63977794943223	21.081851067789195	100	0
chr11	3341534	3342626	Amillepora26595	1	0	0	0	0	0	NA	NA	0	0
chr11	3294545	3305565	Amillepora26591	3	0	0	0	0	0	0	0	0	0
chr11	3283765	3290775	Amillepora26590	4	1	0.25	0.25	25	0	50	25	100	0
chr11	3394745	3411046	Amillepora26599	15	0	0	0	0	0	0	0	0	0
chr11	3442547	3482319	Amillepora26603	6	3	0.5	0.5	50	50	54.772255750516614	22.3606797749979	100	0
chr11	3390203	3397428	Amillepora26598	7	0	0	0	0	0	0	0	0	0
chr11	3412923	3432590	Amillepora26600	10	2	0.2	0.2	20	0	42.16370213557839	13.333333333333332	100	0
chr11	3492629	3497328	Amillepora26607	4	0	0	0	0	0	0	0	0	0
chr11	3535129	3538155	Amillepora26611	2	0	0	0	0	0	0	0	0	0
chr11	3517401	3528872	Amillepora26609	2	2	1	1	100	100	0	0	100	100
chr11	3544227	3545929	Amillepora26613	6	0	0	0	0	0	0	0	0	0
chr11	3498623	3502172	Amillepora26608	1	0	0	0	0	0	NA	NA	0	0
chr11	3537532	3540766	Amillepora26612	2	0	0	0	0	0	0	0	0	0
chr11	3529279	3534934	Amillepora26610	2	1	0.5	0.5	50	50	70.71067811865476	50	100	0
chr11	3485615	3492324	Amillepora26606	10	0	0	0	0	0	0	0	0	0
chr11	3547034	3557251	Amillepora26614	3	0	0	0	0	0	0	0	0	0
chr11	3558511	3560271	Amillepora26615	3	0	0	0	0	0	0	0	0	0
chr11	3574323	3574949	Amillepora26616	6	0	0	0	0	0	0	0	0	0
chr11	3604576	3613955	Amillepora26620	14	2	0.14285714285714285	0.14285714285714285	14.285714285714286	0	36.313651960128155	9.705231721239393	100	0
chr11	3579011	3598825	Amillepora26618	8	2	0.25	0.25	25	0	46.29100498862757	16.366341767699428	100	0
chr11	3625504	3636088	Amillepora26622	17	0	0	0	0	0	0	0	0	0
chr11	3600302	3602732	Amillepora26619	3	0	0	0	0	0	0	0	0	0
chr11	3575436	3578945	Amillepora26617	3	2	0.6666666666666666	0.6666666666666666	66.66666666666667	100	57.73502691896258	33.333333333333336	100	0
chr11	3656131	3690820	Amillepora26623	9	5	0.5555555555555556	0.5555555555555556	55.55555555555556	100	52.70462766947299	17.568209223157663	100	0
chr11	3700036	3736566	Amillepora26625	13	9	0.6923076923076923	0.6923076923076923	69.23076923076923	100	48.03844614152614	13.323467750529826	100	0
chr11	3690792	3695326	Amillepora26624	2	0	0	0	0	0	0	0	0	0
chr11	3702532	3779757	Amillepora26626	11	9	0.8181818181818182	0.8181818181818182	81.81818181818181	100	40.45199174779453	12.196734422726125	100	0
chr11	3797662	3800700	Amillepora26631	5	0	0	0	0	0	0	0	0	0
chr11	3973844	3984369	Amillepora26634	6	0	0	0	0	0	0	0	0	0
chr11	3987082	4007106	Amillepora26635	16	4	0.25	0.25	25	0	44.721359549995796	11.180339887498949	100	0
chr11	4044799	4048446	Amillepora26640	1	0	0	0	0	0	NA	NA	0	0
chr11	4013862	4016327	Amillepora26637	3	1	0.3333333333333333	0.3333333333333333	33.333333333333336	0	57.735026918962575	33.333333333333336	100	0
chr11	4018970	4035558	Amillepora26638	21	1	0.047619047619047616	0.047619047619047616	4.761904761904762	0	21.82178902359924	4.761904761904762	100	0
chr11	4178867	4181145	Amillepora26654	1	1	1	1	100	100	NA	NA	100	100
chr11	4144881	4148528	Amillepora26650	1	0	0	0	0	0	NA	NA	0	0
chr11	4139259	4142861	Amillepora26649	5	2	0.4	0.4	40	0	54.772255750516614	24.49489742783178	100	0
chr11	4088512	4116669	Amillepora26645	10	0	0	0	0	0	0	0	0	0
chr11	4159412	4163882	Amillepora26652	2	0	0	0	0	0	0	0	0	0
chr11	4129078	4134064	Amillepora26647	1	1	1	1	100	100	NA	NA	100	100
chr11	4136584	4139209	Amillepora26648	2	1	0.5	0.5	50	50	70.71067811865476	50	100	0
chr11	4126675	4128123	Amillepora26646	1	0	0	0	0	0	NA	NA	0	0
chr11	4242582	4247291	Amillepora26661	2	1	0.5	0.5	50	50	70.71067811865476	50	100	0
chr11	4190264	4192552	Amillepora26656	2	0	0	0	0	0	0	0	0	0
chr11	4194463	4216438	Amillepora26657	27	1	0.037037037037037035	0.037037037037037035	3.7037037037037037	0	19.245008972987527	3.703703703703704	100	0
chr11	4228897	4231428	Amillepora26660	1	0	0	0	0	0	NA	NA	0	0
chr11	4333606	4334619	Amillepora26669	2	0	0	0	0	0	0	0	0	0
chr11	4310793	4315523	Amillepora26666	4	0	0	0	0	0	0	0	0	0
chr11	4345260	4346866	Amillepora26670	1	0	0	0	0	0	NA	NA	0	0
chr11	4379782	4386270	Amillepora26674	2	0	0	0	0	0	0	0	0	0
chr11	4385807	4411698	Amillepora26677	44	1	0.022727272727272728	0.022727272727272728	2.272727272727273	0	15.07556722888818	2.2727272727272725	100	0
chr11	4429693	4431539	Amillepora26678	1	0	0	0	0	0	NA	NA	0	0
chr11	4514039	4544273	Amillepora26686	30	1	0.03333333333333333	0.03333333333333333	3.3333333333333335	0	18.25741858350554	3.333333333333333	100	0
chr11	4511071	4511809	Amillepora26685	1	0	0	0	0	0	NA	NA	0	0
chr11	4729790	4730269	Amillepora26689	1	0	0	0	0	0	NA	NA	0	0
chr11	4751352	4754841	Amillepora26693	2	1	0.5	0.5	50	50	70.71067811865476	50	100	0
chr11	4684179	4685871	Amillepora26687	2	0	0	0	0	0	0	0	0	0
chr11	4758288	4791293	Amillepora26695	16	0	0	0	0	0	0	0	0	0
chr11	4820202	4857402	Amillepora26699	5	0	0	0	0	0	0	0	0	0
chr11	4858128	4873150	Amillepora26700	7	0	0	0	0	0	0	0	0	0
chr11	4873989	4880262	Amillepora26701	2	0	0	0	0	0	0	0	0	0
chr11	4799978	4813833	Amillepora26697	5	0	0	0	0	0	0	0	0	0
chr11	4816584	4818768	Amillepora26698	1	0	0	0	0	0	NA	NA	0	0
chr11	4738861	4740965	Amillepora26691	2	0	0	0	0	0	0	0	0	0
chr11	4945107	4946450	Amillepora26705	1	0	0	0	0	0	NA	NA	0	0
chr11	5026306	5027958	Amillepora26708	1	0	0	0	0	0	NA	NA	0	0
chr11	5093208	5094863	Amillepora26714	4	0	0	0	0	0	0	0	0	0
chr11	5108604	5138642	Amillepora26715	5	0	0	0	0	0	0	0	0	0
chr11	5046876	5078453	Amillepora26713	13	2	0.15384615384615385	0.15384615384615385	15.384615384615385	0	37.553380809940535	10.415433852097385	100	0
chr11	5142303	5152749	Amillepora26716	5	0	0	0	0	0	0	0	0	0
chr11	5155559	5158940	Amillepora26718	4	0	0	0	0	0	0	0	0	0
chr11	5174988	5177639	Amillepora26722	3	0	0	0	0	0	0	0	0	0
chr11	5173858	5174271	Amillepora26720	1	0	0	0	0	0	NA	NA	0	0
chr11	5163560	5165691	Amillepora26719	2	0	0	0	0	0	0	0	0	0
chr11	5182867	5183949	Amillepora26723	3	1	0.3333333333333333	0.3333333333333333	33.333333333333336	0	57.735026918962575	33.333333333333336	100	0
chr11	5242178	5243776	Amillepora26727	2	0	0	0	0	0	0	0	0	0
chr11	5276743	5279244	Amillepora26730	1	0	0	0	0	0	NA	NA	0	0
chr11	5225723	5227742	Amillepora26725	1	0	0	0	0	0	NA	NA	0	0
chr11	5266081	5269244	Amillepora26729	3	0	0	0	0	0	0	0	0	0
chr11	5249951	5260390	Amillepora26728	13	0	0	0	0	0	0	0	0	0
chr11	5184039	5185464	Amillepora26724	3	0	0	0	0	0	0	0	0	0
chr11	5341748	5344108	Amillepora26737	2	0	0	0	0	0	0	0	0	0
chr11	5307074	5309447	Amillepora26733	3	0	0	0	0	0	0	0	0	0
chr11	5327202	5330480	Amillepora26735	1	0	0	0	0	0	NA	NA	0	0
chr11	5314199	5320778	Amillepora26734	7	0	0	0	0	0	0	0	0	0
chr11	5392100	5394012	Amillepora26740	1	0	0	0	0	0	NA	NA	0	0
chr11	5455552	5460444	Amillepora26742	5	0	0	0	0	0	0	0	0	0
chr11	5418025	5424331	Amillepora26741	6	2	0.3333333333333333	0.3333333333333333	33.333333333333336	0	51.63977794943222	21.081851067789195	100	0
chr11	5478588	5481418	Amillepora26746	1	0	0	0	0	0	NA	NA	0	0
chr11	5497833	5503090	Amillepora26747	1	0	0	0	0	0	NA	NA	0	0
chr11	5576368	5577995	Amillepora26755	1	0	0	0	0	0	NA	NA	0	0
chr11	5518878	5538690	Amillepora26751	18	0	0	0	0	0	0	0	0	0
chr11	5582699	5584501	Amillepora26756	1	0	0	0	0	0	NA	NA	0	0
chr11	5504385	5511351	Amillepora26748	1	0	0	0	0	0	NA	NA	0	0
chr11	5659641	5677493	Amillepora26765	19	0	0	0	0	0	0	0	0	0
chr11	5631635	5644327	Amillepora26762	12	0	0	0	0	0	0	0	0	0
chr11	5616971	5629446	Amillepora26761	11	2	0.18181818181818182	0.18181818181818182	18.181818181818183	0	40.45199174779453	12.196734422726125	100	0
chr11	5596756	5598385	Amillepora26757	1	0	0	0	0	0	NA	NA	0	0
chr11	5603196	5606621	Amillepora26758	2	0	0	0	0	0	0	0	0	0
chr11	5764282	5766864	Amillepora26775	1	0	0	0	0	0	NA	NA	0	0
chr11	5734249	5737849	Amillepora26770	2	1	0.5	0.5	50	50	70.71067811865476	50	100	0
chr11	5851737	5857193	Amillepora26778	2	0	0	0	0	0	0	0	0	0
chr11	5868250	5870418	Amillepora26782	1	0	0	0	0	0	NA	NA	0	0
chr11	5804214	5825925	Amillepora26776	2	0	0	0	0	0	0	0	0	0
chr11	5827194	5839884	Amillepora26777	2	0	0	0	0	0	0	0	0	0
chr11	5905275	5913362	Amillepora26787	2	0	0	0	0	0	0	0	0	0
chr11	5928627	5930363	Amillepora26789	2	0	0	0	0	0	0	0	0	0
chr11	5964257	5972071	Amillepora26792	4	0	0	0	0	0	0	0	0	0
chr11	5881412	5883967	Amillepora26784	4	0	0	0	0	0	0	0	0	0
chr11	5891754	5894261	Amillepora26785	3	0	0	0	0	0	0	0	0	0
chr11	6077943	6079409	Amillepora26804	1	0	0	0	0	0	NA	NA	0	0
chr11	6017752	6019164	Amillepora26798	1	0	0	0	0	0	NA	NA	0	0
chr11	5989054	5991615	Amillepora26795	2	0	0	0	0	0	0	0	0	0
chr11	6009693	6012242	Amillepora26797	2	0	0	0	0	0	0	0	0	0
chr11	6066650	6075900	Amillepora26803	12	0	0	0	0	0	0	0	0	0
chr11	6037212	6040865	Amillepora26800	1	0	0	0	0	0	NA	NA	0	0
chr11	6020904	6028151	Amillepora26799	4	1	0.25	0.25	25	0	50	25	100	0
chr11	6132095	6138072	Amillepora26808	8	0	0	0	0	0	0	0	0	0
chr11	6121072	6131867	Amillepora26807	14	3	0.21428571428571427	0.21428571428571427	21.428571428571427	0	42.581531362632006	11.380392954509878	100	0
chr11	6097017	6109537	Amillepora26806	21	1	0.047619047619047616	0.047619047619047616	4.761904761904762	0	21.82178902359924	4.761904761904762	100	0
chr11	6139320	6173392	Amillepora26809	34	5	0.14705882352941177	0.14705882352941177	14.705882352941176	0	35.949062795357094	6.165213406602945	100	0
chr11	6081964	6094517	Amillepora26805	1	1	1	1	100	100	NA	NA	100	100
chr11	6173544	6175682	Amillepora26810	1	0	0	0	0	0	NA	NA	0	0
chr11	6176535	6180359	Amillepora26811	3	0	0	0	0	0	0	0	0	0
chr11	6258735	6270376	Amillepora26817	10	0	0	0	0	0	0	0	0	0
chr11	6234389	6237144	Amillepora26815	9	0	0	0	0	0	0	0	0	0
chr11	6204162	6208498	Amillepora26813	5	1	0.2	0.2	20	0	44.721359549995796	20	100	0
chr11	6182856	6201819	Amillepora26812	17	2	0.11764705882352941	0.11764705882352941	11.764705882352942	0	33.210558207753564	8.05474349272303	100	0
chr11	6240168	6258081	Amillepora26816	11	1	0.09090909090909091	0.09090909090909091	9.090909090909092	0	30.15113445777636	9.09090909090909	100	0
chr11	6209163	6230687	Amillepora26814	36	2	0.05555555555555555	0.05555555555555555	5.555555555555555	0	23.23106841457232	3.8718447357620533	100	0
chr11	6345218	6357998	Amillepora26824	16	0	0	0	0	0	0	0	0	0
chr11	6282198	6338161	Amillepora26819	40	0	0	0	0	0	0	0	0	0
chr11	6427191	6435754	Amillepora26827	3	0	0	0	0	0	0	0	0	0
chr11	6470320	6487028	Amillepora26832	9	1	0.1111111111111111	0.1111111111111111	11.11111111111111	0	33.333333333333336	11.111111111111112	100	0
chr11	6438231	6441150	Amillepora26828	1	0	0	0	0	0	NA	NA	0	0
chr11	6400615	6410676	Amillepora26825	9	3	0.3333333333333333	0.3333333333333333	33.333333333333336	0	50	16.666666666666668	100	0
chr11	6416991	6426876	Amillepora26826	8	2	0.25	0.25	25	0	46.29100498862757	16.366341767699428	100	0
chr11	6442914	6446919	Amillepora26829	6	0	0	0	0	0	0	0	0	0
chr11	6450885	6465016	Amillepora26830	17	1	0.058823529411764705	0.058823529411764705	5.882352941176471	0	24.253562503633297	5.88235294117647	100	0
chr11	6570225	6578992	Amillepora26838	15	0	0	0	0	0	0	0	0	0
chr11	6502407	6510924	Amillepora26835	12	0	0	0	0	0	0	0	0	0
chr11	6533381	6544815	Amillepora26837	20	0	0	0	0	0	0	0	0	0
chr11	6492575	6500097	Amillepora26834	9	0	0	0	0	0	0	0	0	0
chr11	6580483	6592663	Amillepora26839	5	1	0.2	0.2	20	0	44.721359549995796	20	100	0
chr11	6656549	6662686	Amillepora26843	4	0	0	0	0	0	0	0	0	0
chr11	6642600	6655115	Amillepora26841	6	0	0	0	0	0	0	0	0	0
chr11	6668701	6674757	Amillepora26844	13	0	0	0	0	0	0	0	0	0
chr11	6597172	6607085	Amillepora26840	1	1	1	1	100	100	NA	NA	100	100
chr11	6769810	6778958	Amillepora26850	1	1	1	1	100	100	NA	NA	100	100
chr11	6707750	6720075	Amillepora26848	12	0	0	0	0	0	0	0	0	0
chr11	6693882	6702083	Amillepora26847	10	0	0	0	0	0	0	0	0	0
chr11	6782640	6784730	Amillepora26851	1	0	0	0	0	0	NA	NA	0	0
chr11	6755272	6762256	Amillepora26849	1	0	0	0	0	0	NA	NA	0	0
chr11	6689313	6692266	Amillepora26846	10	0	0	0	0	0	0	0	0	0
chr11	6789574	6794709	Amillepora26852	2	1	0.5	0.5	50	50	70.71067811865476	50	100	0
chr11	6861929	6880618	Amillepora26858	1	0	0	0	0	0	NA	NA	0	0
chr11	6850775	6855714	Amillepora26856	1	0	0	0	0	0	NA	NA	0	0
chr11	6898302	6913043	Amillepora26860	4	0	0	0	0	0	0	0	0	0
chr11	6925555	6932100	Amillepora26863	1	0	0	0	0	0	NA	NA	0	0
chr11	6978438	6987092	Amillepora26867	11	1	0.09090909090909091	0.09090909090909091	9.090909090909092	0	30.151134457776354	9.09090909090909	100	0
chr11	6952806	6960576	Amillepora26865	1	0	0	0	0	0	NA	NA	0	0
chr11	6931256	6940194	Amillepora26864	1	0	0	0	0	0	NA	NA	0	0
chr11	7028888	7033964	Amillepora26871	1	0	0	0	0	0	NA	NA	0	0
chr11	6966715	6975357	Amillepora26866	2	0	0	0	0	0	0	0	0	0
chr11	7076618	7086502	Amillepora26874	5	0	0	0	0	0	0	0	0	0
chr11	7049779	7071803	Amillepora26873	2	0	0	0	0	0	0	0	0	0
chr11	7087879	7104865	Amillepora26875	4	0	0	0	0	0	0	0	0	0
chr11	7124117	7124995	Amillepora26878	1	0	0	0	0	0	NA	NA	0	0
chr11	7130022	7142473	Amillepora26879	2	0	0	0	0	0	0	0	0	0
chr11	7316137	7337321	Amillepora26890	13	1	0.07692307692307693	0.07692307692307693	7.6923076923076925	0	27.735009811261456	7.6923076923076925	100	0
chr11	7345830	7349531	Amillepora26891	3	1	0.3333333333333333	0.3333333333333333	33.333333333333336	0	57.735026918962575	33.333333333333336	100	0
chr11	7357542	7373444	Amillepora26893	6	3	0.5	0.5	50	50	54.772255750516614	22.3606797749979	100	0
chr11	7388116	7452669	Amillepora26897	77	4	0.05194805194805195	0.05194805194805195	5.194805194805195	0	22.337741817404567	2.5456219343179867	100	0
chr11	7378694	7384028	Amillepora26896	2	1	0.5	0.5	50	50	70.71067811865476	50	100	0
chr11	7567328	7568826	Amillepora26904	3	0	0	0	0	0	0	0	0	0
chr11	7494032	7497250	Amillepora26900	1	0	0	0	0	0	NA	NA	0	0
chr11	7557780	7558781	Amillepora26903	1	0	0	0	0	0	NA	NA	0	0
chr11	7679201	7682859	Amillepora26913	5	0	0	0	0	0	0	0	0	0
chr11	7662159	7666187	Amillepora26911	7	1	0.14285714285714285	0.14285714285714285	14.285714285714286	0	37.79644730092272	14.285714285714285	100	0
chr11	7675213	7678371	Amillepora26912	5	1	0.2	0.2	20	0	44.721359549995796	20	100	0
chr11	7587380	7587661	Amillepora26907	2	2	1	1	100	100	0	0	100	100
chr11	7751295	7751924	Amillepora26918	3	0	0	0	0	0	0	0	0	0
chr11	7741885	7750767	Amillepora26917	10	0	0	0	0	0	0	0	0	0
chr11	7768698	7772704	Amillepora26922	3	0	0	0	0	0	0	0	0	0
chr11	7713426	7717458	Amillepora26915	7	0	0	0	0	0	0	0	0	0
chr11	7740641	7740895	Amillepora26916	4	0	0	0	0	0	0	0	0	0
chr11	7699136	7700056	Amillepora26914	1	0	0	0	0	0	NA	NA	0	0
chr11	7755009	7761956	Amillepora26920	9	0	0	0	0	0	0	0	0	0
chr11	7882826	7883155	Amillepora26929	1	0	0	0	0	0	NA	NA	0	0
chr11	7803178	7804582	Amillepora26925	1	0	0	0	0	0	NA	NA	0	0
chr11	7812601	7813323	Amillepora26926	1	0	0	0	0	0	NA	NA	0	0
chr11	7835112	7844170	Amillepora26927	5	0	0	0	0	0	0	0	0	0
chr11	7848799	7854225	Amillepora26928	20	0	0	0	0	0	0	0	0	0
chr11	7772672	7777408	Amillepora26923	4	1	0.25	0.25	25	0	50	25	100	0
chr11	7908035	7908871	Amillepora26932	4	0	0	0	0	0	0	0	0	0
chr11	7976803	7978442	Amillepora26940	4	0	0	0	0	0	0	0	0	0
chr11	7894012	7894848	Amillepora26930	3	1	0.3333333333333333	0.3333333333333333	33.333333333333336	0	57.735026918962575	33.333333333333336	100	0
chr11	8051605	8053307	Amillepora26946	2	0	0	0	0	0	0	0	0	0
chr11	8066905	8085485	Amillepora26947	27	1	0.037037037037037035	0.037037037037037035	3.7037037037037037	0	19.24500897298754	3.703703703703704	100	0
chr11	8025755	8049597	Amillepora26945	33	1	0.030303030303030304	0.030303030303030304	3.0303030303030303	0	17.407765595569778	3.03030303030303	100	0
chr11	8085723	8110631	Amillepora26948	24	5	0.20833333333333334	0.2	20.833333333333332	0	41.485111699905346	8.468112965594381	100	0
chr11	8144142	8161927	Amillepora26951	7	0	0	0	0	0	0	0	0	0
chr11	8196248	8213500	Amillepora26954	21	2	0.09523809523809523	0.09523809523809523	9.523809523809524	0	30.079260375911918	6.563832739090582	100	0
chr11	8179966	8195475	Amillepora26953	14	1	0.07142857142857142	0.06666666666666667	7.142857142857143	0	26.72612419124244	7.142857142857143	100	0
chr11	8257200	8257397	Amillepora26962	1	0	0	0	0	0	NA	NA	0	0
chr11	8220640	8222105	Amillepora26957	1	0	0	0	0	0	NA	NA	0	0
chr11	8277383	8288904	Amillepora26965	7	0	0	0	0	0	0	0	0	0
chr11	8216420	8217539	Amillepora26956	6	0	0	0	0	0	0	0	0	0
chr11	8262609	8263237	Amillepora26963	1	0	0	0	0	0	NA	NA	0	0
chr11	8270322	8270865	Amillepora26964	1	0	0	0	0	0	NA	NA	0	0
chr11	8339820	8372032	Amillepora26969	27	2	0.07407407407407407	0.07407407407407407	7.407407407407407	0	26.688025634181184	5.13611292801138	100	0
chr11	8334197	8335672	Amillepora26968	4	0	0	0	0	0	0	0	0	0
chr11	8293446	8300098	Amillepora26967	4	0	0	0	0	0	0	0	0	0
chr11	8412695	8413570	Amillepora26975	1	0	0	0	0	0	NA	NA	0	0
chr11	8459834	8466324	Amillepora26978	3	0	0	0	0	0	0	0	0	0
chr11	8440839	8447129	Amillepora26976	6	0	0	0	0	0	0	0	0	0
chr11	8397048	8402725	Amillepora26974	3	0	0	0	0	0	0	0	0	0
chr11	8511447	8513093	Amillepora26981	5	0	0	0	0	0	0	0	0	0
chr11	8505843	8508615	Amillepora26980	10	1	0.1	0.1	10	0	31.622776601683793	10	100	0
chr11	8517923	8545811	Amillepora26982	22	2	0.09090909090909091	0.09090909090909091	9.090909090909092	0	29.42449431682498	6.273323266748674	100	0
chr11	8475867	8489501	Amillepora26979	7	2	0.2857142857142857	0.2857142857142857	28.571428571428573	0	48.79500364742666	18.442777839082936	100	0
chr11	8579415	8581250	Amillepora26985	2	0	0	0	0	0	0	0	0	0
chr11	8581730	8586186	Amillepora26986	1	0	0	0	0	0	NA	NA	0	0
chr11	8586923	8593520	Amillepora26987	21	0	0	0	0	0	0	0	0	0
chr11	8766652	8767494	Amillepora26992	1	1	1	1	100	100	NA	NA	100	100
chr11	8789944	8795901	Amillepora26996	8	0	0	0	0	0	0	0	0	0
chr11	8837032	8844030	Amillepora27000	3	0	0	0	0	0	0	0	0	0
chr11	8854312	8857158	Amillepora27002	5	0	0	0	0	0	0	0	0	0
chr11	8832069	8833231	Amillepora26999	1	0	0	0	0	0	NA	NA	0	0
chr11	8849108	8854290	Amillepora27001	9	1	0.1111111111111111	0.1111111111111111	11.11111111111111	0	33.333333333333336	11.111111111111112	100	0
chr11	8809934	8812978	Amillepora26997	1	0	0	0	0	0	NA	NA	0	0
chr11	8821037	8822009	Amillepora26998	1	0	0	0	0	0	NA	NA	0	0
chr11	8864978	8867277	Amillepora27003	5	0	0	0	0	0	0	0	0	0
chr11	8872583	8883812	Amillepora27004	10	0	0	0	0	0	0	0	0	0
chr11	9045189	9049665	Amillepora27006	5	0	0	0	0	0	0	0	0	0
chr11	9052034	9072706	Amillepora27007	29	0	0	0	0	0	0	0	0	0
chr11	9042019	9043347	Amillepora27005	2	0	0	0	0	0	0	0	0	0
chr11	9083660	9094435	Amillepora27010	22	0	0	0	0	0	0	0	0	0
chr11	9073803	9079826	Amillepora27008	6	0	0	0	0	0	0	0	0	0
chr11	9137115	9170000	Amillepora27012	29	0	0	0	0	0	0	0	0	0
chr11	9188752	9192864	Amillepora27015	2	0	0	0	0	0	0	0	0	0
chr11	9183209	9184689	Amillepora27014	3	0	0	0	0	0	0	0	0	0
chr11	9353210	9372255	Amillepora27027	15	4	0.26666666666666666	0.26666666666666666	26.666666666666668	0	45.77377082170634	11.818736805705578	100	0
chr11	9299576	9337274	Amillepora27025	31	1	0.03225806451612903	0.03225806451612903	3.225806451612903	0	17.960530202677514	3.2258064516129035	100	0
chr11	9262431	9263961	Amillepora27020	2	0	0	0	0	0	0	0	0	0
chr11	9288393	9292855	Amillepora27023	9	0	0	0	0	0	0	0	0	0
chr11	9268616	9270346	Amillepora27021	3	0	0	0	0	0	0	0	0	0
chr11	9241363	9246040	Amillepora27018	6	0	0	0	0	0	0	0	0	0
chr11	9274428	9282399	Amillepora27022	6	0	0	0	0	0	0	0	0	0
chr11	9247379	9262352	Amillepora27019	15	0	0	0	0	0	0	0	0	0
chr11	9444964	9454365	Amillepora27037	1	1	1	1	100	100	NA	NA	100	100
chr11	9420105	9429615	Amillepora27035	3	0	0	0	0	0	0	0	0	0
chr11	9374242	9376944	Amillepora27029	1	1	1	1	100	100	NA	NA	100	100
chr11	9433699	9444772	Amillepora27036	1	0	0	0	0	0	NA	NA	0	0
chr11	9470291	9474322	Amillepora27041	1	0	0	0	0	0	NA	NA	0	0
chr11	9474705	9477362	Amillepora27042	4	1	0.25	0.25	25	0	50	25	100	0
chr11	9482511	9487398	Amillepora27045	5	0	0	0	0	0	0	0	0	0
chr11	9504948	9507845	Amillepora27047	1	1	1	1	100	100	NA	NA	100	100
chr11	9556355	9559873	Amillepora27056	1	0	0	0	0	0	NA	NA	0	0
chr11	9570796	9579400	Amillepora27059	2	0	0	0	0	0	0	0	0	0
chr11	9519775	9523560	Amillepora27048	1	0	0	0	0	0	NA	NA	0	0
chr11	9635970	9650001	Amillepora27061	10	4	0.4	0.4	40	0	51.63977794943222	16.329931618554518	100	0
chr11	9653118	9654164	Amillepora27062	3	0	0	0	0	0	0	0	0	0
chr11	9673453	9679961	Amillepora27065	1	0	0	0	0	0	NA	NA	0	0
chr11	9656245	9661602	Amillepora27063	2	2	1	1	100	100	0	0	100	100
chr11	9665204	9672539	Amillepora27064	10	1	0.1	0.1	10	0	31.622776601683793	10	100	0
chr11	9681187	9682051	Amillepora27067	1	0	0	0	0	0	NA	NA	0	0
chr11	9692529	9702863	Amillepora27068	4	1	0.25	0.25	25	0	50	25	100	0
chr11	9720182	9736804	Amillepora27074	5	5	1	0.8333333333333334	90	100	22.360679774997898	10	100	50
chr11	9703957	9713327	Amillepora27073	5	0	0	0	0	0	0	0	0	0
chr11	9737082	9752743	Amillepora27075	8	1	0.125	0.125	12.5	0	35.35533905932738	12.5	100	0
chr11	9836335	9840742	Amillepora27078	1	0	0	0	0	0	NA	NA	0	0
chr11	9802153	9805755	Amillepora27076	1	0	0	0	0	0	NA	NA	0	0
chr11	9843572	9884970	Amillepora27079	11	0	0	0	0	0	0	0	0	0
chr11	9971804	9975195	Amillepora27088	1	0	0	0	0	0	NA	NA	0	0
chr11	9957029	9957529	Amillepora27086	1	0	0	0	0	0	NA	NA	0	0
chr11	9948994	9956844	Amillepora27085	5	0	0	0	0	0	0	0	0	0
chr11	10158928	10160505	Amillepora27123	1	1	1	1	100	100	NA	NA	100	100
chr11	10184036	10195338	Amillepora27124	5	2	0.4	0.4	40	0	54.772255750516614	24.49489742783178	100	0
chr11	10274943	10276138	Amillepora27126	1	0	0	0	0	0	NA	NA	0	0
chr11	10317979	10321192	Amillepora27130	2	1	0.5	0.5	50	50	70.71067811865476	50	100	0
chr11	10322222	10323272	Amillepora27132	2	1	0.5	0.5	50	50	70.71067811865476	50	100	0
chr11	10467008	10470110	Amillepora27140	1	0	0	0	0	0	NA	NA	0	0
chr11	10395815	10398457	Amillepora27135	2	0	0	0	0	0	0	0	0	0
chr11	10536271	10540079	Amillepora27143	3	2	0.6666666666666666	0.6666666666666666	66.66666666666667	100	57.73502691896258	33.333333333333336	100	0
chr11	10545992	10555404	Amillepora27146	4	0	0	0	0	0	0	0	0	0
chr11	10580757	10587028	Amillepora27148	2	2	1	1	100	100	0	0	100	100
chr11	10630793	10634389	Amillepora27155	1	1	1	1	100	100	NA	NA	100	100
chr11	10605987	10622978	Amillepora27150	4	3	0.75	0.75	75	100	50	25	100	0
chr11	10722380	10727086	Amillepora27170	9	0	0	0	0	0	0	0	0	0
chr11	10720831	10722327	Amillepora27169	8	0	0	0	0	0	0	0	0	0
chr11	10691212	10697075	Amillepora27167	4	0	0	0	0	0	0	0	0	0
chr11	10735906	10748033	Amillepora27171	5	1	0.2	0.2	20	0	44.721359549995796	20	100	0
chr11	10854869	10861839	Amillepora27179	13	0	0	0	0	0	0	0	0	0
chr11	10806688	10810064	Amillepora27175	4	2	0.5	0.4	37.5	25	47.871355387816905	23.935677693908453	100	0
chr11	10827815	10828096	Amillepora27176	1	0	0	0	0	0	NA	NA	0	0
chr11	10938738	10958116	Amillepora27184	33	0	0	0	0	0	0	0	0	0
chr11	10900512	10907125	Amillepora27182	1	0	0	0	0	0	NA	NA	0	0
chr11	11043919	11048959	Amillepora27192	1	1	1	1	100	100	NA	NA	100	100
chr11	11021985	11023490	Amillepora27189	6	0	0	0	0	0	0	0	0	0
chr11	11024814	11031034	Amillepora27190	1	0	0	0	0	0	NA	NA	0	0
chr11	11058915	11061998	Amillepora27194	5	0	0	0	0	0	0	0	0	0
chr11	11065759	11073939	Amillepora27195	10	1	0.1	0.1	10	0	31.622776601683793	10	100	0
chr11	11019328	11021972	Amillepora27188	3	0	0	0	0	0	0	0	0	0
chr11	11092597	11093388	Amillepora27197	2	0	0	0	0	0	0	0	0	0
chr11	11179029	11188574	Amillepora27201	3	0	0	0	0	0	0	0	0	0
chr11	11123942	11131086	Amillepora27198	2	1	0.5	0.5	50	50	70.71067811865476	50	100	0
chr11	11151624	11167114	Amillepora27200	7	0	0	0	0	0	0	0	0	0
chr11	11260611	11275067	Amillepora27205	18	2	0.1111111111111111	0.1111111111111111	11.11111111111111	0	32.33808333817772	7.622159339667059	100	0
chr11	11224149	11233988	Amillepora27203	24	0	0	0	0	0	0	0	0	0
chr11	11196463	11207877	Amillepora27202	7	0	0	0	0	0	0	0	0	0
chr11	11235785	11263888	Amillepora27204	49	0	0	0	0	0	0	0	0	0
chr11	11284632	11293408	Amillepora27206	8	1	0.125	0.125	12.5	0	35.35533905932738	12.5	100	0
chr11	11296911	11310335	Amillepora27207	26	0	0	0	0	0	0	0	0	0
chr11	11332864	11336422	Amillepora27209	2	0	0	0	0	0	0	0	0	0
chr11	11347496	11358404	Amillepora27210	5	4	0.8	0.8	80	100	44.721359549995796	20	100	0
chr11	11316626	11326818	Amillepora27208	6	3	0.5	0.42857142857142855	50	50	54.772255750516614	22.3606797749979	100	0
chr11	11395478	11422096	Amillepora27214	32	1	0.03125	0.03125	3.125	0	17.67766952966369	3.125	100	0
chr11	11378248	11379069	Amillepora27212	3	0	0	0	0	0	0	0	0	0
chr11	11383199	11384023	Amillepora27213	1	0	0	0	0	0	NA	NA	0	0
chr11	11433152	11439465	Amillepora27215	2	0	0	0	0	0	0	0	0	0
chr11	11473628	11491392	Amillepora27218	5	4	0.8	0.8	80	100	44.721359549995796	20	100	0
chr11	11441962	11465203	Amillepora27216	27	3	0.1111111111111111	0.10714285714285714	11.11111111111111	0	32.02563076101741	6.1633355136136565	100	0
chr11	11465533	11471231	Amillepora27217	3	1	0.3333333333333333	0.3333333333333333	33.333333333333336	0	57.735026918962575	33.333333333333336	100	0
chr11	11545137	11554133	Amillepora27223	3	2	0.6666666666666666	0.6666666666666666	66.66666666666667	100	57.73502691896258	33.333333333333336	100	0
chr11	11510814	11523710	Amillepora27221	6	1	0.16666666666666666	0.16666666666666666	16.666666666666668	0	40.8248290463863	16.66666666666667	100	0
chr11	11492683	11501985	Amillepora27220	1	1	1	1	100	100	NA	NA	100	100
chr11	11554339	11590008	Amillepora27224	40	1	0.025	0.025	2.5	0	15.811388300841896	2.5	100	0
chr11	11523722	11544872	Amillepora27222	4	1	0.25	0.25	25	0	50	25	100	0
chr11	11590400	11597550	Amillepora27226	10	0	0	0	0	0	0	0	0	0
chr11	11677315	11684791	Amillepora27229	7	0	0	0	0	0	0	0	0	0
chr11	11748833	11764415	Amillepora27232	11	1	0.09090909090909091	0.09090909090909091	9.090909090909092	0	30.151134457776354	9.09090909090909	100	0
chr11	11652342	11725093	Amillepora27228	87	1	0.011494252873563218	0.011494252873563218	1.1494252873563218	0	10.721125348377953	1.1494252873563218	100	0
chr11	11726844	11731323	Amillepora27230	2	0	0	0	0	0	0	0	0	0
chr11	11606905	11614092	Amillepora27227	5	0	0	0	0	0	0	0	0	0
chr11	11741476	11745847	Amillepora27231	1	0	0	0	0	0	NA	NA	0	0
chr11	11765550	11800465	Amillepora27233	4	1	0.25	0.25	25	0	50	25	100	0
chr11	11842411	11860633	Amillepora27239	1	0	0	0	0	0	NA	NA	0	0
chr11	11801643	11807406	Amillepora27235	3	0	0	0	0	0	0	0	0	0
chr11	11937129	11941492	Amillepora27245	1	0	0	0	0	0	NA	NA	0	0
chr11	11918129	11934143	Amillepora27242	4	0	0	0	0	0	0	0	0	0
chr11	11880503	11917033	Amillepora27241	4	2	0.5	0.5	50	50	57.735026918962575	28.867513459481287	100	0
chr11	11957364	11969745	Amillepora27247	1	0	0	0	0	0	NA	NA	0	0
chr11	11825649	11837874	Amillepora27238	1	0	0	0	0	0	NA	NA	0	0
chr11	11951954	11955810	Amillepora27246	2	0	0	0	0	0	0	0	0	0
chr11	11972089	11978840	Amillepora27248	1	0	0	0	0	0	NA	NA	0	0
chr11	12036874	12047983	Amillepora27250	27	0	0	0	0	0	0	0	0	0
chr11	12051682	12065156	Amillepora27251	6	3	0.5	0.5	50	50	54.772255750516614	22.3606797749979	100	0
chr11	12145946	12149215	Amillepora27254	5	0	0	0	0	0	0	0	0	0
chr11	12155922	12161970	Amillepora27255	11	0	0	0	0	0	0	0	0	0
chr11	12173522	12180257	Amillepora27257	5	0	0	0	0	0	0	0	0	0
chr11	12112554	12119235	Amillepora27252	6	1	0.16666666666666666	0.16666666666666666	16.666666666666668	0	40.82482904638629	16.66666666666667	100	0
chr11	12167032	12172299	Amillepora27256	9	0	0	0	0	0	0	0	0	0
chr11	12224305	12234631	Amillepora27261	23	1	0.043478260869565216	0.043478260869565216	4.3478260869565215	0	20.851441405707476	4.347826086956522	100	0
chr11	12181711	12189931	Amillepora27258	9	1	0.1111111111111111	0.1111111111111111	11.11111111111111	0	33.333333333333336	11.111111111111112	100	0
chr11	12269410	12280753	Amillepora27265	6	2	0.3333333333333333	0.3333333333333333	33.333333333333336	0	51.63977794943222	21.081851067789195	100	0
chr11	12190714	12195692	Amillepora27260	7	1	0.14285714285714285	0.14285714285714285	14.285714285714286	0	37.79644730092272	14.285714285714285	100	0
chr11	12256866	12269354	Amillepora27264	14	1	0.07142857142857142	0.07142857142857142	7.142857142857143	0	26.726124191242445	7.142857142857143	100	0
chr11	12235993	12255596	Amillepora27263	10	1	0.1	0.1	10	0	31.622776601683793	10	100	0
chr11	12285662	12290502	Amillepora27266	8	0	0	0	0	0	0	0	0	0
chr11	12293418	12312837	Amillepora27267	16	0	0	0	0	0	0	0	0	0
chr11	12399235	12403464	Amillepora27271	2	0	0	0	0	0	0	0	0	0
chr11	12435509	12438677	Amillepora27276	1	1	1	1	100	100	NA	NA	100	100
chr11	12403515	12411741	Amillepora27272	1	0	0	0	0	0	NA	NA	0	0
chr11	12424153	12427320	Amillepora27274	1	0	0	0	0	0	NA	NA	0	0
chr11	12429224	12430445	Amillepora27275	1	0	0	0	0	0	NA	NA	0	0
chr11	12520201	12526606	Amillepora27277	8	1	0.125	0.125	12.5	0	35.35533905932738	12.5	100	0
chr11	12527554	12530208	Amillepora27278	3	0	0	0	0	0	0	0	0	0
chr11	12545415	12549660	Amillepora27279	4	0	0	0	0	0	0	0	0	0
chr11	12695429	12702649	Amillepora27283	1	0	0	0	0	0	NA	NA	0	0
chr11	12708909	12718012	Amillepora27284	4	1	0.25	0.25	25	0	50	25	100	0
chr11	12777295	12781143	Amillepora27286	1	0	0	0	0	0	NA	NA	0	0
chr11	13082547	13087976	Amillepora27305	13	1	0.07692307692307693	0.07692307692307693	7.6923076923076925	0	27.735009811261456	7.6923076923076925	100	0
chr11	12992542	13011621	Amillepora27294	7	0	0	0	0	0	0	0	0	0
chr11	13029224	13037064	Amillepora27299	3	0	0	0	0	0	0	0	0	0
chr11	13053464	13059684	Amillepora27303	3	0	0	0	0	0	0	0	0	0
chr11	13052039	13052638	Amillepora27302	1	0	0	0	0	0	NA	NA	0	0
chr11	13064443	13069189	Amillepora27304	6	0	0	0	0	0	0	0	0	0
chr11	13106024	13114061	Amillepora27307	11	0	0	0	0	0	0	0	0	0
chr11	13145374	13152139	Amillepora27312	7	0	0	0	0	0	0	0	0	0
chr11	13126214	13137615	Amillepora27310	16	0	0	0	0	0	0	0	0	0
chr11	13180468	13184997	Amillepora27314	1	0	0	0	0	0	NA	NA	0	0
chr11	13096850	13097828	Amillepora27306	3	0	0	0	0	0	0	0	0	0
chr11	13115258	13124457	Amillepora27308	3	2	0.6666666666666666	0.6666666666666666	66.66666666666667	100	57.73502691896258	33.333333333333336	100	0
chr11	13140774	13144017	Amillepora27311	6	0	0	0	0	0	0	0	0	0
chr11	13197688	13209819	Amillepora27315	20	0	0	0	0	0	0	0	0	0
chr11	13263655	13275244	Amillepora27321	6	2	0.3333333333333333	0.3333333333333333	33.333333333333336	0	51.63977794943222	21.081851067789195	100	0
chr11	13275639	13283596	Amillepora27322	6	1	0.16666666666666666	0.16666666666666666	16.666666666666668	0	40.8248290463863	16.66666666666667	100	0
chr11	13211527	13222511	Amillepora27316	21	0	0	0	0	0	0	0	0	0
chr11	13240121	13247267	Amillepora27318	2	0	0	0	0	0	0	0	0	0
chr11	13225605	13238624	Amillepora27317	9	1	0.1111111111111111	0.1111111111111111	11.11111111111111	0	33.333333333333336	11.111111111111112	100	0
chr11	13340308	13371922	Amillepora27325	27	1	0.037037037037037035	0.037037037037037035	3.7037037037037037	0	19.24500897298754	3.703703703703704	100	0
chr11	13287475	13307701	Amillepora27323	16	9	0.5625	0.5625	56.25	100	51.234753829797995	12.808688457449499	100	0
chr11	13322603	13339048	Amillepora27324	13	1	0.07692307692307693	0.07692307692307693	7.6923076923076925	0	27.735009811261456	7.6923076923076925	100	0
chr11	13375915	13387022	Amillepora27327	6	1	0.16666666666666666	0.16666666666666666	16.666666666666668	0	40.8248290463863	16.66666666666667	100	0
chr11	13432118	13445833	Amillepora27331	5	2	0.4	0.4	40	0	54.772255750516614	24.49489742783178	100	0
chr11	13413887	13426088	Amillepora27330	12	3	0.25	0.25	25	0	45.22670168666454	13.055824196677337	100	0
chr11	13387497	13396627	Amillepora27328	9	2	0.2222222222222222	0.2222222222222222	22.22222222222222	0	44.09585518440984	14.698618394803281	100	0
chr11	13460776	13466391	Amillepora27336	1	0	0	0	0	0	NA	NA	0	0
chr11	13448762	13459022	Amillepora27333	7	2	0.2857142857142857	0.2857142857142857	28.571428571428573	0	48.79500364742666	18.442777839082936	100	0
chr11	13397057	13421680	Amillepora27329	14	4	0.2857142857142857	0.2857142857142857	28.571428571428573	0	46.88072309384955	12.529400275814705	100	0
chr11	13469962	13480283	Amillepora27337	8	4	0.5	0.5	50	50	53.45224838248488	18.89822365046136	100	0
chr11	13533107	13547801	Amillepora27341	6	2	0.3333333333333333	0.3333333333333333	33.333333333333336	0	51.63977794943222	21.081851067789195	100	0
chr11	13482266	13490759	Amillepora27338	3	1	0.3333333333333333	0.3333333333333333	33.333333333333336	0	57.735026918962575	33.333333333333336	100	0
chr11	13529137	13539000	Amillepora27340	2	1	0.5	0.5	50	50	70.71067811865476	50	100	0
chr11	13710603	13717705	Amillepora27349	9	0	0	0	0	0	0	0	0	0
chr11	13677757	13680775	Amillepora27344	6	0	0	0	0	0	0	0	0	0
chr11	13753989	13770091	Amillepora27354	11	3	0.2727272727272727	0.2727272727272727	27.272727272727273	0	46.70993664969137	14.083575804390607	100	0
chr11	13719109	13740428	Amillepora27350	27	0	0	0	0	0	0	0	0	0
chr11	13700249	13709115	Amillepora27348	6	4	0.6666666666666666	0.6666666666666666	66.66666666666667	100	51.63977794943223	21.081851067789195	100	0
chr11	13683752	13696824	Amillepora27345	7	3	0.42857142857142855	0.42857142857142855	42.857142857142854	0	53.45224838248488	20.203050891044217	100	0
chr11	13741378	13751298	Amillepora27352	8	2	0.25	0.25	25	0	46.29100498862757	16.366341767699428	100	0
chr11	13751501	13753915	Amillepora27353	4	0	0	0	0	0	0	0	0	0
chr11	13782673	13793514	Amillepora27355	10	4	0.4	0.4	40	0	51.63977794943222	16.329931618554518	100	0
chr11	13831011	13850935	Amillepora27359	13	5	0.38461538461538464	0.38461538461538464	38.46153846153846	0	50.63696835418334	14.044168141158107	100	0
chr11	13797696	13808899	Amillepora27356	2	2	1	1	100	100	0	0	100	100
chr11	13862565	13877145	Amillepora27365	10	2	0.2	0.2	20	0	42.16370213557839	13.333333333333332	100	0
chr11	13879339	13886459	Amillepora27366	6	0	0	0	0	0	0	0	0	0
chr11	13823716	13830747	Amillepora27357	14	1	0.07142857142857142	0.07142857142857142	7.142857142857143	0	26.72612419124244	7.142857142857143	100	0
chr11	13830776	13837241	Amillepora27358	7	3	0.42857142857142855	0.42857142857142855	42.857142857142854	0	53.45224838248488	20.203050891044217	100	0
chr11	13915753	13919584	Amillepora27373	3	2	0.6666666666666666	0.6666666666666666	66.66666666666667	100	57.73502691896258	33.333333333333336	100	0
chr11	13961987	13965836	Amillepora27377	2	0	0	0	0	0	0	0	0	0
chr11	13954525	13959643	Amillepora27376	1	1	1	1	100	100	NA	NA	100	100
chr11	13899470	13900949	Amillepora27371	2	0	0	0	0	0	0	0	0	0
chr11	13902608	13914524	Amillepora27372	15	2	0.13333333333333333	0.13333333333333333	13.333333333333334	0	35.18657752744984	9.085135251589959	100	0
chr11	13893846	13897936	Amillepora27370	1	1	1	1	100	100	NA	NA	100	100
chr11	13888023	13889931	Amillepora27368	1	1	1	1	100	100	NA	NA	100	100
chr11	13920787	13954435	Amillepora27374	13	8	0.6153846153846154	0.6153846153846154	61.53846153846154	100	50.63696835418334	14.044168141158107	100	0
chr11	14012029	14017570	Amillepora27380	1	0	0	0	0	0	NA	NA	0	0
chr11	13966795	13970425	Amillepora27378	4	1	0.25	0.25	25	0	50	25	100	0
chr11	14022725	14047303	Amillepora27381	5	0	0	0	0	0	0	0	0	0
chr11	14064233	14083959	Amillepora27382	31	0	0	0	0	0	0	0	0	0
chr11	13971844	13993090	Amillepora27379	9	0	0	0	0	0	0	0	0	0
chr11	14091514	14094383	Amillepora27384	2	0	0	0	0	0	0	0	0	0
chr11	14156461	14163861	Amillepora27391	8	5	0.625	0.625	62.5	100	51.75491695067657	18.298126367784995	100	0
chr11	14143881	14149514	Amillepora27390	4	0	0	0	0	0	0	0	0	0
chr11	14178018	14182764	Amillepora27393	1	0	0	0	0	0	NA	NA	0	0
chr11	14159819	14162020	Amillepora27392	1	1	1	1	100	100	NA	NA	100	100
chr11	14088961	14091134	Amillepora27383	6	0	0	0	0	0	0	0	0	0
chr11	14110825	14115130	Amillepora27386	9	0	0	0	0	0	0	0	0	0
chr11	14125735	14127138	Amillepora27389	4	0	0	0	0	0	0	0	0	0
chr11	14103708	14107461	Amillepora27385	1	1	1	1	100	100	NA	NA	100	100
chr11	14122841	14124793	Amillepora27388	2	0	0	0	0	0	0	0	0	0
chr11	14185254	14209236	Amillepora27394	36	2	0.05555555555555555	0.05555555555555555	5.555555555555555	0	23.231068414572313	3.8718447357620533	100	0
chr11	14228189	14234592	Amillepora27396	9	0	0	0	0	0	0	0	0	0
chr11	14237140	14254391	Amillepora27397	24	0	0	0	0	0	0	0	0	0
chr11	14278473	14282498	Amillepora27400	13	0	0	0	0	0	0	0	0	0
chr11	14211504	14220486	Amillepora27395	2	1	0.5	0.5	50	50	70.71067811865476	50	100	0
chr11	14263505	14269472	Amillepora27399	13	0	0	0	0	0	0	0	0	0
chr11	14322601	14335026	Amillepora27402	15	0	0	0	0	0	0	0	0	0
chr11	14297628	14303791	Amillepora27401	9	0	0	0	0	0	0	0	0	0
chr11	14438804	14445020	Amillepora27411	2	2	1	1	100	100	0	0	100	100
chr11	14394164	14398387	Amillepora27406	1	0	0	0	0	0	NA	NA	0	0
chr11	14399641	14411560	Amillepora27407	14	2	0.14285714285714285	0.14285714285714285	14.285714285714286	0	36.313651960128155	9.705231721239393	100	0
chr11	14380853	14394019	Amillepora27405	7	2	0.2857142857142857	0.2857142857142857	28.571428571428573	0	48.79500364742666	18.442777839082936	100	0
chr11	14415803	14438739	Amillepora27408	21	2	0.09523809523809523	0.09523809523809523	9.523809523809524	0	30.07926037591192	6.563832739090582	100	0
chr11	14445210	14454492	Amillepora27412	8	2	0.25	0.25	25	0	46.29100498862757	16.366341767699428	100	0
chr11	14520691	14526221	Amillepora27414	7	0	0	0	0	0	0	0	0	0
chr11	14566191	14576663	Amillepora27417	4	2	0.5	0.5	50	50	57.735026918962575	28.867513459481287	100	0
chr11	14497726	14510341	Amillepora27413	10	2	0.2	0.2	20	0	42.16370213557839	13.333333333333332	100	0
chr11	14588035	14592478	Amillepora27420	5	0	0	0	0	0	0	0	0	0
chr11	14641770	14643638	Amillepora27424	1	0	0	0	0	0	NA	NA	0	0
chr11	14530939	14541514	Amillepora27415	12	2	0.16666666666666666	0.16666666666666666	16.666666666666668	0	38.92494720807615	11.236664374387368	100	0
chr11	14594784	14610552	Amillepora27421	18	0	0	0	0	0	0	0	0	0
chr11	14612651	14623042	Amillepora27423	9	1	0.1111111111111111	0.1111111111111111	11.11111111111111	0	33.333333333333336	11.111111111111112	100	0
chr11	14577596	14587585	Amillepora27419	7	1	0.14285714285714285	0.14285714285714285	14.285714285714286	0	37.79644730092272	14.285714285714285	100	0
chr11	14548822	14565841	Amillepora27416	8	6	0.75	0.75	75	100	46.29100498862757	16.366341767699428	100	0
chr11	14646699	14668951	Amillepora27425	14	3	0.21428571428571427	0.21428571428571427	21.428571428571427	0	42.58153136263199	11.380392954509878	100	0
chr11	14728779	14740885	Amillepora27434	6	1	0.16666666666666666	0.16666666666666666	16.666666666666668	0	40.8248290463863	16.66666666666667	100	0
chr11	14697947	14702806	Amillepora27430	3	0	0	0	0	0	0	0	0	0
chr11	14769876	14785757	Amillepora27436	12	7	0.5833333333333334	0.5833333333333334	58.333333333333336	100	51.49286505444372	14.864709750264078	100	0
chr11	14667511	14675498	Amillepora27427	10	0	0	0	0	0	0	0	0	0
chr11	14683397	14687766	Amillepora27428	5	2	0.4	0.4	40	0	54.772255750516614	24.49489742783178	100	0
chr11	14751572	14757091	Amillepora27435	13	0	0	0	0	0	0	0	0	0
chr11	14688015	14692486	Amillepora27429	2	0	0	0	0	0	0	0	0	0
chr11	14705956	14725315	Amillepora27431	11	2	0.18181818181818182	0.18181818181818182	18.181818181818183	0	40.45199174779453	12.196734422726125	100	0
chr11	14798383	14802904	Amillepora27439	3	1	0.3333333333333333	0.3333333333333333	33.333333333333336	0	57.735026918962575	33.333333333333336	100	0
chr11	14858954	14866743	Amillepora27447	6	0	0	0	0	0	0	0	0	0
chr11	14788033	14796805	Amillepora27438	6	0	0	0	0	0	0	0	0	0
chr11	14848817	14854548	Amillepora27446	5	0	0	0	0	0	0	0	0	0
chr11	14806371	14813103	Amillepora27440	5	4	0.8	0.8	80	100	44.721359549995796	20	100	0
chr11	14819984	14827760	Amillepora27442	12	2	0.16666666666666666	0.16666666666666666	16.666666666666668	0	38.92494720807614	11.236664374387368	100	0
chr11	14838964	14843441	Amillepora27445	8	0	0	0	0	0	0	0	0	0
chr11	14879679	14895239	Amillepora27448	9	0	0	0	0	0	0	0	0	0
chr11	14902395	14923627	Amillepora27449	29	0	0	0	0	0	0	0	0	0
chr11	15000913	15007350	Amillepora27453	5	1	0.2	0.2	20	0	44.721359549995796	20	100	0
chr11	15060804	15073934	Amillepora27457	5	3	0.6	0.6	60	100	54.772255750516614	24.49489742783178	100	0
chr11	14937422	14965047	Amillepora27450	6	6	1	1	100	100	0	0	100	100
chr11	15039125	15055632	Amillepora27456	17	4	0.23529411764705882	0.23529411764705882	23.529411764705884	0	43.723731609760314	10.604562574894086	100	0
chr11	14980971	15010394	Amillepora27452	16	4	0.25	0.25	25	0	44.721359549995796	11.180339887498949	100	0
chr11	15028472	15030503	Amillepora27455	2	0	0	0	0	0	0	0	0	0
chr11	15170874	15177623	Amillepora27466	11	1	0.09090909090909091	0.09090909090909091	9.090909090909092	0	30.151134457776354	9.09090909090909	100	0
chr11	15130283	15135202	Amillepora27462	10	0	0	0	0	0	0	0	0	0
chr11	15136099	15143728	Amillepora27463	9	0	0	0	0	0	0	0	0	0
chr11	15161372	15165842	Amillepora27465	3	0	0	0	0	0	0	0	0	0
chr11	15149102	15159823	Amillepora27464	14	0	0	0	0	0	0	0	0	0
chr11	15079805	15118835	Amillepora27460	59	5	0.0847457627118644	0.0847457627118644	8.474576271186441	0	28.08936228404366	3.6569234859054722	100	0
chr11	15063850	15076865	Amillepora27458	3	3	1	1	100	100	0	0	100	100
chr11	15077629	15079395	Amillepora27459	1	0	0	0	0	0	NA	NA	0	0
chr11	15195146	15203466	Amillepora27469	9	1	0.1111111111111111	0.1111111111111111	11.11111111111111	0	33.333333333333336	11.111111111111112	100	0
chr11	15244268	15251338	Amillepora27473	6	3	0.5	0.5	50	50	54.772255750516614	22.3606797749979	100	0
chr11	15235384	15241049	Amillepora27472	5	2	0.4	0.4	40	0	54.772255750516614	24.49489742783178	100	0
chr11	15178211	15189415	Amillepora27468	12	0	0	0	0	0	0	0	0	0
chr11	15224829	15240897	Amillepora27471	15	3	0.2	0.2	20	0	41.403933560541255	10.690449676496975	100	0
chr11	15251825	15265235	Amillepora27474	22	0	0	0	0	0	0	0	0	0
chr11	15205934	15222360	Amillepora27470	18	0	0	0	0	0	0	0	0	0
chr11	15318440	15320322	Amillepora27481	3	0	0	0	0	0	0	0	0	0
chr11	15324208	15351149	Amillepora27482	31	1	0.03225806451612903	0.03225806451612903	3.225806451612903	0	17.960530202677496	3.2258064516129035	100	0
chr11	15360972	15371751	Amillepora27486	22	1	0.045454545454545456	0.045454545454545456	4.545454545454546	0	21.320071635561042	4.545454545454545	100	0
chr11	15371915	15383758	Amillepora27487	5	0	0	0	0	0	0	0	0	0
chr11	15352107	15360714	Amillepora27484	23	0	0	0	0	0	0	0	0	0
chr11	15284232	15314960	Amillepora27477	24	3	0.125	0.125	12.5	0	33.78319623460881	6.89596605459213	100	0
chr11	15390831	15397700	Amillepora27490	12	0	0	0	0	0	0	0	0	0
chr11	15383811	15389678	Amillepora27489	6	1	0.16666666666666666	0.16666666666666666	16.666666666666668	0	40.8248290463863	16.66666666666667	100	0
chr11	15419653	15425421	Amillepora27491	10	1	0.1	0.1	10	0	31.622776601683793	10	100	0
chr11	15555905	15559920	Amillepora27499	13	5	0.38461538461538464	0.38461538461538464	38.46153846153846	0	50.63696835418333	14.044168141158107	100	0
chr11	15574509	15580781	Amillepora27502	7	2	0.2857142857142857	0.2857142857142857	28.571428571428573	0	48.79500364742666	18.442777839082936	100	0
chr11	15439597	15452736	Amillepora27493	34	0	0	0	0	0	0	0	0	0
chr11	15469736	15516478	Amillepora27495	45	5	0.1111111111111111	0.1111111111111111	11.11111111111111	0	31.782086308186386	4.737793696791343	100	0
chr11	15454302	15467517	Amillepora27494	19	2	0.10526315789473684	0.1	10.526315789473685	0	31.530176764230585	7.233518641434491	100	0
chr11	15542932	15551975	Amillepora27498	6	0	0	0	0	0	0	0	0	0
chr11	15516968	15538189	Amillepora27497	25	0	0	0	0	0	0	0	0	0
chr11	15560246	15574169	Amillepora27500	14	2	0.14285714285714285	0.14285714285714285	14.285714285714286	0	36.31365196012815	9.705231721239393	100	0
chr11	15601290	15616979	Amillepora27507	12	1	0.08333333333333333	0.08333333333333333	8.333333333333334	0	28.8675134594813	8.333333333333334	100	0
chr11	15581490	15584239	Amillepora27503	6	0	0	0	0	0	0	0	0	0
chr11	15584930	15590920	Amillepora27504	8	1	0.125	0.125	12.5	0	35.35533905932738	12.5	100	0
chr11	15667055	15685429	Amillepora27510	21	0	0	0	0	0	0	0	0	0
chr11	15599537	15601162	Amillepora27506	2	0	0	0	0	0	0	0	0	0
chr11	15593842	15599275	Amillepora27505	4	0	0	0	0	0	0	0	0	0
chr11	15655701	15666187	Amillepora27509	2	1	0.5	0.5	50	50	70.71067811865476	50	100	0
chr11	15690768	15696800	Amillepora27512	7	0	0	0	0	0	0	0	0	0
chr11	15697498	15701862	Amillepora27513	11	0	0	0	0	0	0	0	0	0
chr11	15723200	15736235	Amillepora27516	23	0	0	0	0	0	0	0	0	0
chr11	15705616	15712242	Amillepora27514	5	1	0.2	0.2	20	0	44.721359549995796	20	100	0
chr11	15715246	15720951	Amillepora27515	14	0	0	0	0	0	0	0	0	0
chr11	15815608	15838987	Amillepora27520	15	1	0.06666666666666667	0.06666666666666667	6.666666666666667	0	25.819888974716115	6.666666666666666	100	0
chr11	15805353	15812354	Amillepora27518	5	1	0.2	0.2	20	0	44.721359549995796	20	100	0
chr11	15842273	15846056	Amillepora27521	6	0	0	0	0	0	0	0	0	0
chr11	15813617	15815461	Amillepora27519	4	1	0.25	0.25	25	0	50	25	100	0
chr11	15786662	15801595	Amillepora27517	22	0	0	0	0	0	0	0	0	0
chr11	15846775	15855283	Amillepora27522	4	1	0.25	0.25	25	0	50	25	100	0
chr11	15864825	15866847	Amillepora27525	4	0	0	0	0	0	0	0	0	0
chr11	15894210	15900551	Amillepora27527	10	1	0.1	0.1	10	0	31.622776601683793	10	100	0
chr11	15904783	15917643	Amillepora27528	9	0	0	0	0	0	0	0	0	0
chr11	15919660	15931596	Amillepora27529	16	2	0.125	0.125	12.5	0	34.15650255319866	8.539125638299666	100	0
chr11	15941284	15979870	Amillepora27530	42	3	0.07142857142857142	0.07142857142857142	7.142857142857143	0	26.066118021500664	4.022089331224807	100	0
chr11	16046957	16047439	Amillepora27534	2	2	1	1	100	100	0	0	100	100
chr11	16047786	16055803	Amillepora27535	2	0	0	0	0	0	0	0	0	0
chr11	16125961	16138544	Amillepora27540	5	2	0.4	0.4	40	0	54.772255750516614	24.49489742783178	100	0
chr11	16023290	16026080	Amillepora27533	3	0	0	0	0	0	0	0	0	0
chr11	16121496	16125308	Amillepora27539	3	1	0.3333333333333333	0.3333333333333333	33.333333333333336	0	57.735026918962575	33.333333333333336	100	0
chr11	16001730	16010530	Amillepora27531	4	0	0	0	0	0	0	0	0	0
chr11	16157009	16173329	Amillepora27541	29	0	0	0	0	0	0	0	0	0
chr11	16174399	16203297	Amillepora27542	13	2	0.15384615384615385	0.15384615384615385	15.384615384615385	0	37.553380809940535	10.415433852097385	100	0
chr11	16181290	16196669	Amillepora27543	6	2	0.3333333333333333	0.3333333333333333	33.333333333333336	0	51.63977794943222	21.081851067789195	100	0
chr11	16238941	16239828	Amillepora27545	4	1	0.25	0.25	25	0	50	25	100	0
chr11	16296074	16302547	Amillepora27549	5	0	0	0	0	0	0	0	0	0
chr11	16273537	16283587	Amillepora27547	5	1	0.2	0.2	20	0	44.721359549995796	20	100	0
chr11	16332025	16355676	Amillepora27551	26	1	0.038461538461538464	0.038461538461538464	3.8461538461538463	0	19.611613513818398	3.8461538461538467	100	0
chr11	16360696	16375356	Amillepora27552	25	4	0.16	0.16	16	0	37.416573867739416	7.4833147735478835	100	0
chr11	16309041	16310508	Amillepora27550	3	0	0	0	0	0	0	0	0	0
chr11	16436061	16447194	Amillepora27560	10	3	0.3	0.3	30	0	48.3045891539648	15.275252316519467	100	0
chr11	16400521	16406092	Amillepora27556	6	1	0.16666666666666666	0.16666666666666666	16.666666666666668	0	40.82482904638629	16.66666666666667	100	0
chr11	16387254	16400079	Amillepora27553	7	4	0.5714285714285714	0.5714285714285714	57.142857142857146	100	53.45224838248488	20.203050891044217	100	0
chr11	16431520	16435889	Amillepora27558	2	2	1	1	100	100	0	0	100	100
chr11	16485122	16491751	Amillepora27563	14	0	0	0	0	0	0	0	0	0
chr11	16508340	16513330	Amillepora27566	2	0	0	0	0	0	0	0	0	0
chr11	16542346	16545056	Amillepora27571	3	0	0	0	0	0	0	0	0	0
chr11	16493010	16503048	Amillepora27564	1	0	0	0	0	0	NA	NA	0	0
chr11	16506939	16508554	Amillepora27565	4	0	0	0	0	0	0	0	0	0
chr11	16744927	16756115	Amillepora27575	6	2	0.3333333333333333	0.3333333333333333	33.333333333333336	0	51.63977794943222	21.081851067789195	100	0
chr11	16748149	16751259	Amillepora27576	1	1	1	1	100	100	NA	NA	100	100
chr12	54400	57595	Amillepora12916	1	0	0	0	0	0	NA	NA	0	0
chr12	16552	20412	Amillepora12910	6	0	0	0	0	0	0	0	0	0
chr12	45510	51926	Amillepora12915	7	2	0.2857142857142857	0.2857142857142857	28.571428571428573	0	48.79500364742666	18.442777839082936	100	0
chr12	67296	71833	Amillepora12918	6	0	0	0	0	0	0	0	0	0
chr12	73888	76057	Amillepora12919	5	0	0	0	0	0	0	0	0	0
chr12	31383	45447	Amillepora12912	8	1	0.125	0.125	12.5	0	35.35533905932738	12.5	100	0
chr12	60802	62595	Amillepora12917	1	0	0	0	0	0	NA	NA	0	0
chr12	158316	165614	Amillepora12927	4	2	0.5	0.5	50	50	57.735026918962575	28.867513459481287	100	0
chr12	114286	138605	Amillepora12924	39	0	0	0	0	0	0	0	0	0
chr12	84313	108814	Amillepora12921	18	3	0.16666666666666666	0.16666666666666666	16.666666666666668	0	38.34824944236851	9.03876907577734	100	0
chr12	140124	142136	Amillepora12925	3	0	0	0	0	0	0	0	0	0
chr12	109645	110446	Amillepora12922	2	0	0	0	0	0	0	0	0	0
chr12	167011	182392	Amillepora12928	10	0	0	0	0	0	0	0	0	0
chr12	247186	256992	Amillepora12934	6	2	0.3333333333333333	0.3333333333333333	33.333333333333336	0	51.63977794943222	21.081851067789195	100	0
chr12	183598	189029	Amillepora12930	7	0	0	0	0	0	0	0	0	0
chr12	234283	245056	Amillepora12933	2	0	0	0	0	0	0	0	0	0
chr12	194347	225027	Amillepora12932	19	3	0.15789473684210525	0.15789473684210525	15.789473684210526	0	37.46343246326774	8.5947008518708	100	0
chr12	312247	340238	Amillepora12938	9	0	0	0	0	0	0	0	0	0
chr12	265015	293297	Amillepora12935	20	0	0	0	0	0	0	0	0	0
chr12	306922	310474	Amillepora12937	4	1	0.25	0.25	25	0	50	25	100	0
chr12	344165	370433	Amillepora12939	2	1	0.5	0.5	50	50	70.71067811865476	50	100	0
chr12	284420	292861	Amillepora12936	3	0	0	0	0	0	0	0	0	0
chr12	399933	403542	Amillepora12942	1	0	0	0	0	0	NA	NA	0	0
chr12	427878	439508	Amillepora12947	12	0	0	0	0	0	0	0	0	0
chr12	406141	412542	Amillepora12944	5	0	0	0	0	0	0	0	0	0
chr12	455222	467655	Amillepora12950	7	2	0.2857142857142857	0.2857142857142857	28.571428571428573	0	48.79500364742666	18.442777839082936	100	0
chr12	440987	450882	Amillepora12949	11	2	0.18181818181818182	0.18181818181818182	18.181818181818183	0	40.45199174779453	12.196734422726125	100	0
chr12	403589	405853	Amillepora12943	2	0	0	0	0	0	0	0	0	0
chr12	456558	464120	Amillepora12951	5	2	0.4	0.4	40	0	54.772255750516614	24.49489742783178	100	0
chr12	471488	483718	Amillepora12952	2	0	0	0	0	0	0	0	0	0
chr12	393208	399695	Amillepora12941	9	0	0	0	0	0	0	0	0	0
chr12	555847	561001	Amillepora12960	6	1	0.16666666666666666	0.16666666666666666	16.666666666666668	0	40.8248290463863	16.66666666666667	100	0
chr12	551339	553652	Amillepora12959	2	1	0.5	0.5	50	50	70.71067811865476	50	100	0
chr12	525843	530227	Amillepora12956	2	0	0	0	0	0	0	0	0	0
chr12	561765	565359	Amillepora12961	6	0	0	0	0	0	0	0	0	0
chr12	493064	521325	Amillepora12954	11	2	0.18181818181818182	0.18181818181818182	18.181818181818183	0	40.45199174779453	12.196734422726125	100	0
chr12	530755	541307	Amillepora12957	10	0	0	0	0	0	0	0	0	0
chr12	542691	550465	Amillepora12958	9	0	0	0	0	0	0	0	0	0
chr12	580270	587532	Amillepora12962	16	0	0	0	0	0	0	0	0	0
chr12	642523	646436	Amillepora12970	3	3	1	1	100	100	0	0	100	100
chr12	602658	616716	Amillepora12964	23	3	0.13043478260869565	0.13043478260869565	13.043478260869565	0	34.4350221575091	7.180198468215396	100	0
chr12	646662	647087	Amillepora12971	2	0	0	0	0	0	0	0	0	0
chr12	586890	601630	Amillepora12963	16	0	0	0	0	0	0	0	0	0
chr12	648146	660324	Amillepora12972	15	0	0	0	0	0	0	0	0	0
chr12	620571	633923	Amillepora12966	15	1	0.06666666666666667	0.06666666666666667	6.666666666666667	0	25.81988897471612	6.666666666666666	100	0
chr12	636471	642151	Amillepora12969	3	1	0.3333333333333333	0.3333333333333333	33.333333333333336	0	57.735026918962575	33.333333333333336	100	0
chr12	684488	696632	Amillepora12973	18	2	0.1111111111111111	0.1111111111111111	11.11111111111111	0	32.33808333817772	7.622159339667059	100	0
chr12	699157	724089	Amillepora12974	22	2	0.09090909090909091	0.09090909090909091	9.090909090909092	0	29.42449431682498	6.273323266748674	100	0
chr12	770848	775971	Amillepora12978	3	0	0	0	0	0	0	0	0	0
chr12	725966	729765	Amillepora12975	5	0	0	0	0	0	0	0	0	0
chr12	731436	742273	Amillepora12976	13	0	0	0	0	0	0	0	0	0
chr12	746578	758995	Amillepora12977	5	1	0.2	0.2	20	0	44.721359549995796	20	100	0
chr12	814267	815880	Amillepora12983	1	0	0	0	0	0	NA	NA	0	0
chr12	841405	857668	Amillepora12984	23	1	0.043478260869565216	0.043478260869565216	4.3478260869565215	0	20.851441405707476	4.347826086956522	100	0
chr12	806068	810663	Amillepora12981	2	2	1	1	100	100	0	0	100	100
chr12	883757	886648	Amillepora12989	1	0	0	0	0	0	NA	NA	0	0
chr12	798815	802582	Amillepora12980	1	0	0	0	0	0	NA	NA	0	0
chr12	812013	813057	Amillepora12982	1	0	0	0	0	0	NA	NA	0	0
chr12	861506	863508	Amillepora12985	1	0	0	0	0	0	NA	NA	0	0
chr12	864926	871486	Amillepora12986	5	0	0	0	0	0	0	0	0	0
chr12	777936	798252	Amillepora12979	6	4	0.6666666666666666	0.6666666666666666	66.66666666666667	100	51.63977794943223	21.081851067789195	100	0
chr12	980665	981801	Amillepora13001	9	0	0	0	0	0	0	0	0	0
chr12	931805	941625	Amillepora12994	13	0	0	0	0	0	0	0	0	0
chr12	955564	978450	Amillepora12997	23	0	0	0	0	0	0	0	0	0
chr12	904352	932426	Amillepora12992	38	0	0	0	0	0	0	0	0	0
chr12	946750	955437	Amillepora12996	13	0	0	0	0	0	0	0	0	0
chr12	889737	894695	Amillepora12991	2	0	0	0	0	0	0	0	0	0
chr12	1020238	1026170	Amillepora13007	14	1	0.07142857142857142	0.07142857142857142	7.142857142857143	0	26.72612419124244	7.142857142857143	100	0
chr12	1011172	1017074	Amillepora13006	8	0	0	0	0	0	0	0	0	0
chr12	1070884	1074745	Amillepora13012	8	0	0	0	0	0	0	0	0	0
chr12	1075698	1076676	Amillepora13013	4	0	0	0	0	0	0	0	0	0
chr12	1080196	1086230	Amillepora13014	16	0	0	0	0	0	0	0	0	0
chr12	1009676	1010654	Amillepora13005	2	0	0	0	0	0	0	0	0	0
chr12	1062658	1068858	Amillepora13011	4	0	0	0	0	0	0	0	0	0
chr12	987461	994393	Amillepora13002	8	0	0	0	0	0	0	0	0	0
chr12	996335	1005116	Amillepora13003	13	0	0	0	0	0	0	0	0	0
chr12	1006494	1008065	Amillepora13004	1	0	0	0	0	0	NA	NA	0	0
chr12	1035429	1042992	Amillepora13009	2	1	0.5	0.5	50	50	70.71067811865476	50	100	0
chr12	1051458	1058804	Amillepora13010	8	0	0	0	0	0	0	0	0	0
chr12	1026498	1031324	Amillepora13008	5	0	0	0	0	0	0	0	0	0
chr12	1175074	1177969	Amillepora13027	2	0	0	0	0	0	0	0	0	0
chr12	1123994	1129883	Amillepora13018	11	0	0	0	0	0	0	0	0	0
chr12	1153264	1160386	Amillepora13023	13	0	0	0	0	0	0	0	0	0
chr12	1104937	1115219	Amillepora13016	12	1	0.08333333333333333	0.08333333333333333	8.333333333333334	0	28.867513459481298	8.333333333333334	100	0
chr12	1162604	1171256	Amillepora13024	2	1	0.5	0.5	50	50	70.71067811865476	50	100	0
chr12	1131875	1147847	Amillepora13020	22	0	0	0	0	0	0	0	0	0
chr12	1114788	1120558	Amillepora13017	8	0	0	0	0	0	0	0	0	0
chr12	1147187	1151693	Amillepora13022	19	0	0	0	0	0	0	0	0	0
chr12	1140589	1145901	Amillepora13021	3	0	0	0	0	0	0	0	0	0
chr12	1128354	1133852	Amillepora13019	8	0	0	0	0	0	0	0	0	0
chr12	1170337	1173216	Amillepora13026	1	0	0	0	0	0	NA	NA	0	0
chr12	1243339	1255247	Amillepora13032	14	0	0	0	0	0	0	0	0	0
chr12	1278524	1279591	Amillepora13034	2	0	0	0	0	0	0	0	0	0
chr12	1198103	1202447	Amillepora13028	7	0	0	0	0	0	0	0	0	0
chr12	1205042	1207670	Amillepora13029	3	0	0	0	0	0	0	0	0	0
chr12	1255055	1276148	Amillepora13033	34	1	0.029411764705882353	0.029411764705882353	2.9411764705882355	0	17.149858514250884	2.941176470588235	100	0
chr12	1236165	1239656	Amillepora13031	1	0	0	0	0	0	NA	NA	0	0
chr12	1220676	1223067	Amillepora13030	8	0	0	0	0	0	0	0	0	0
chr12	1298806	1308271	Amillepora13036	12	1	0.08333333333333333	0.08333333333333333	8.333333333333334	0	28.86751345948129	8.333333333333334	100	0
chr12	1359615	1372984	Amillepora13039	11	0	0	0	0	0	0	0	0	0
chr12	1327815	1333315	Amillepora13037	4	0	0	0	0	0	0	0	0	0
chr12	1289208	1297800	Amillepora13035	13	1	0.07692307692307693	0.07692307692307693	7.6923076923076925	0	27.735009811261456	7.6923076923076925	100	0
chr12	1375687	1390501	Amillepora13040	6	0	0	0	0	0	0	0	0	0
chr12	1413804	1428742	Amillepora13042	17	2	0.11764705882352941	0.11764705882352941	11.764705882352942	0	33.21055820775357	8.05474349272303	100	0
chr12	1394646	1408543	Amillepora13041	20	1	0.05	0.05	5	0	22.360679774997898	5	100	0
chr12	1450182	1453066	Amillepora13046	3	0	0	0	0	0	0	0	0	0
chr12	1448359	1449513	Amillepora13045	2	0	0	0	0	0	0	0	0	0
chr12	1453913	1464017	Amillepora13048	9	0	0	0	0	0	0	0	0	0
chr12	1464448	1471084	Amillepora13049	7	0	0	0	0	0	0	0	0	0
chr12	1473134	1480903	Amillepora13050	11	1	0.09090909090909091	0.09090909090909091	9.090909090909092	0	30.15113445777636	9.09090909090909	100	0
chr12	1429654	1445761	Amillepora13043	26	0	0	0	0	0	0	0	0	0
chr12	1569939	1576447	Amillepora13060	2	0	0	0	0	0	0	0	0	0
chr12	1546218	1548486	Amillepora13058	4	0	0	0	0	0	0	0	0	0
chr12	1531151	1535025	Amillepora13055	3	0	0	0	0	0	0	0	0	0
chr12	1553566	1569880	Amillepora13059	12	0	0	0	0	0	0	0	0	0
chr12	1492547	1512402	Amillepora13052	18	0	0	0	0	0	0	0	0	0
chr12	1513498	1520880	Amillepora13053	10	0	0	0	0	0	0	0	0	0
chr12	1584560	1586095	Amillepora13061	1	0	0	0	0	0	NA	NA	0	0
chr12	1523354	1525388	Amillepora13054	2	1	0.5	0.5	50	50	70.71067811865476	50	100	0
chr12	1667422	1672999	Amillepora13066	4	0	0	0	0	0	0	0	0	0
chr12	1621314	1622606	Amillepora13064	10	0	0	0	0	0	0	0	0	0
chr12	1650266	1651681	Amillepora13065	4	0	0	0	0	0	0	0	0	0
chr12	1608214	1609506	Amillepora13063	5	0	0	0	0	0	0	0	0	0
chr12	1588763	1599746	Amillepora13062	18	1	0.05555555555555555	0.05555555555555555	5.555555555555555	0	23.570226039551578	5.555555555555556	100	0
chr12	1763357	1778284	Amillepora13076	12	0	0	0	0	0	0	0	0	0
chr12	1697288	1702988	Amillepora13068	2	1	0.5	0.5	50	50	70.71067811865476	50	100	0
chr12	1691542	1692933	Amillepora13067	11	0	0	0	0	0	0	0	0	0
chr12	1755762	1758254	Amillepora13074	1	0	0	0	0	0	NA	NA	0	0
chr12	1779141	1785134	Amillepora13077	9	1	0.1111111111111111	0.1111111111111111	11.11111111111111	0	33.333333333333336	11.111111111111112	100	0
chr12	1701491	1711096	Amillepora13069	1	0	0	0	0	0	NA	NA	0	0
chr12	1716788	1720467	Amillepora13070	5	0	0	0	0	0	0	0	0	0
chr12	1739305	1754278	Amillepora13073	33	0	0	0	0	0	0	0	0	0
chr12	1736982	1738549	Amillepora13072	2	0	0	0	0	0	0	0	0	0
chr12	1730730	1733429	Amillepora13071	7	0	0	0	0	0	0	0	0	0
chr12	1856085	1866258	Amillepora13083	2	0	0	0	0	0	0	0	0	0
chr12	1785830	1793131	Amillepora13078	5	1	0.2	0.2	20	0	44.721359549995796	20	100	0
chr12	1829986	1846328	Amillepora13081	18	0	0	0	0	0	0	0	0	0
chr12	1867738	1868709	Amillepora13084	2	0	0	0	0	0	0	0	0	0
chr12	1822282	1827900	Amillepora13080	8	0	0	0	0	0	0	0	0	0
chr12	1880967	1885247	Amillepora13086	6	0	0	0	0	0	0	0	0	0
chr12	1872785	1879780	Amillepora13085	4	0	0	0	0	0	0	0	0	0
chr12	1809805	1811052	Amillepora13079	2	0	0	0	0	0	0	0	0	0
chr12	1846818	1848191	Amillepora13082	2	0	0	0	0	0	0	0	0	0
chr12	1933401	1937792	Amillepora13091	9	0	0	0	0	0	0	0	0	0
chr12	1923792	1931007	Amillepora13090	7	0	0	0	0	0	0	0	0	0
chr12	1951839	1952731	Amillepora13092	1	0	0	0	0	0	NA	NA	0	0
chr12	1913747	1922481	Amillepora13089	17	1	0.058823529411764705	0.058823529411764705	5.882352941176471	0	24.253562503633294	5.88235294117647	100	0
chr12	1903835	1912805	Amillepora13088	8	3	0.375	0.375	37.5	0	51.75491695067657	18.298126367784995	100	0
chr12	1959183	1960166	Amillepora13093	6	0	0	0	0	0	0	0	0	0
chr12	1890375	1898524	Amillepora13087	9	0	0	0	0	0	0	0	0	0
chr12	2023430	2030006	Amillepora13098	2	1	0.5	0.5	50	50	70.71067811865476	50	100	0
chr12	2057197	2069655	Amillepora13100	15	0	0	0	0	0	0	0	0	0
chr12	2000536	2014499	Amillepora13095	4	1	0.25	0.25	25	0	50	25	100	0
chr12	1982196	2000448	Amillepora13094	42	2	0.047619047619047616	0.047619047619047616	4.761904761904762	0	21.554026870452113	3.3258585512837056	100	0
chr12	2028808	2039733	Amillepora13099	8	2	0.25	0.25	25	0	46.29100498862757	16.366341767699428	100	0
chr12	2076255	2079275	Amillepora13102	7	0	0	0	0	0	0	0	0	0
chr12	2071512	2075219	Amillepora13101	7	0	0	0	0	0	0	0	0	0
chr12	2159339	2167575	Amillepora13105	8	0	0	0	0	0	0	0	0	0
chr12	2086721	2101275	Amillepora13103	36	0	0	0	0	0	0	0	0	0
chr12	2112855	2124472	Amillepora13104	7	0	0	0	0	0	0	0	0	0
chr12	2173033	2185204	Amillepora13106	8	0	0	0	0	0	0	0	0	0
chr12	2187887	2197086	Amillepora13107	17	0	0	0	0	0	0	0	0	0
chr12	2216701	2232126	Amillepora13110	5	0	0	0	0	0	0	0	0	0
chr12	2246381	2264555	Amillepora13112	3	3	1	1	100	100	0	0	100	100
chr12	2200809	2208404	Amillepora13109	10	0	0	0	0	0	0	0	0	0
chr12	2311299	2313947	Amillepora13119	2	2	1	1	100	100	0	0	100	100
chr12	2264636	2287991	Amillepora13116	13	2	0.15384615384615385	0.15384615384615385	15.384615384615385	0	37.553380809940535	10.415433852097385	100	0
chr12	2366845	2372500	Amillepora13126	3	0	0	0	0	0	0	0	0	0
chr12	2237945	2245179	Amillepora13111	3	3	1	1	100	100	0	0	100	100
chr12	2350052	2366534	Amillepora13125	14	0	0	0	0	0	0	0	0	0
chr12	2315531	2324828	Amillepora13120	5	3	0.6	0.6	60	100	54.772255750516614	24.49489742783178	100	0
chr12	2332581	2349625	Amillepora13123	22	0	0	0	0	0	0	0	0	0
chr12	2329174	2331352	Amillepora13122	5	0	0	0	0	0	0	0	0	0
chr12	2374736	2380995	Amillepora13127	10	0	0	0	0	0	0	0	0	0
chr12	2306441	2311421	Amillepora13118	1	1	1	1	100	100	NA	NA	100	100
chr12	2303678	2306113	Amillepora13117	8	0	0	0	0	0	0	0	0	0
chr12	2381041	2382864	Amillepora13128	4	0	0	0	0	0	0	0	0	0
chr12	2440610	2441663	Amillepora13133	2	2	1	1	100	100	0	0	100	100
chr12	2417344	2432760	Amillepora13131	4	0	0	0	0	0	0	0	0	0
chr12	2447529	2452261	Amillepora13134	5	0	0	0	0	0	0	0	0	0
chr12	2404598	2414264	Amillepora13130	21	4	0.19047619047619047	0.19047619047619047	19.047619047619047	0	40.23739080814783	8.780518530755131	100	0
chr12	2434845	2440297	Amillepora13132	2	1	0.5	0.5	50	50	70.71067811865476	50	100	0
chr12	2565180	2570029	Amillepora13139	4	0	0	0	0	0	0	0	0	0
chr12	2527253	2531433	Amillepora13136	3	0	0	0	0	0	0	0	0	0
chr12	2454263	2498567	Amillepora13135	75	1	0.013333333333333334	0.012987012987012988	1.3333333333333333	0	11.547005383792513	1.3333333333333333	100	0
chr12	2583828	2588024	Amillepora13141	7	0	0	0	0	0	0	0	0	0
chr12	2531659	2534214	Amillepora13137	1	0	0	0	0	0	NA	NA	0	0
chr12	2572570	2577463	Amillepora13140	1	0	0	0	0	0	NA	NA	0	0
chr12	2615111	2628623	Amillepora13143	12	2	0.16666666666666666	0.16666666666666666	16.666666666666668	0	38.92494720807614	11.236664374387368	100	0
chr12	2636246	2638240	Amillepora13145	1	0	0	0	0	0	NA	NA	0	0
chr12	2641587	2653697	Amillepora13146	17	1	0.058823529411764705	0.058823529411764705	5.882352941176471	0	24.253562503633294	5.88235294117647	100	0
chr12	2631249	2632895	Amillepora13144	1	0	0	0	0	0	NA	NA	0	0
chr12	2589595	2607392	Amillepora13142	12	4	0.3333333333333333	0.3333333333333333	33.333333333333336	0	49.23659639173309	14.213381090374028	100	0
chr12	2702226	2729983	Amillepora13149	39	6	0.15384615384615385	0.175	15.384615384615385	0	36.55177681951956	5.8529685404052465	100	0
chr12	2752126	2773604	Amillepora13155	4	1	0.25	0.25	25	0	50	25	100	0
chr12	2830212	2841996	Amillepora13159	18	8	0.4444444444444444	0.4444444444444444	44.44444444444444	0	51.13099925649136	12.051692101036453	100	0
chr12	2784066	2791110	Amillepora13157	2	0	0	0	0	0	0	0	0	0
chr12	2794851	2830045	Amillepora13158	24	0	0	0	0	0	0	0	0	0
chr12	2922139	2929495	Amillepora13166	1	0	0	0	0	0	NA	NA	0	0
chr12	2944162	2951379	Amillepora13169	2	2	1	1	100	100	0	0	100	100
chr12	2909228	2915582	Amillepora13164	1	0	0	0	0	0	NA	NA	0	0
chr12	2965052	2970414	Amillepora13171	7	2	0.2857142857142857	0.2857142857142857	28.571428571428573	0	48.79500364742666	18.442777839082936	100	0
chr12	2937409	2943645	Amillepora13168	1	1	1	1	100	100	NA	NA	100	100
chr12	2878614	2899787	Amillepora13161	40	1	0.025	0.025	2.5	0	15.811388300841896	2.5	100	0
chr12	2930084	2931938	Amillepora13167	2	2	1	1	100	100	0	0	100	100
chr12	2954250	2958338	Amillepora13170	1	0	0	0	0	0	NA	NA	0	0
chr12	3070057	3079065	Amillepora13178	7	0	0	0	0	0	0	0	0	0
chr12	3028705	3043478	Amillepora13176	17	3	0.17647058823529413	0.17647058823529413	17.647058823529413	0	39.295262399668786	9.530501027070382	100	0
chr12	3008014	3014036	Amillepora13173	10	0	0	0	0	0	0	0	0	0
chr12	3025107	3028532	Amillepora13175	2	1	0.5	0.5	50	50	70.71067811865476	50	100	0
chr12	3087480	3089595	Amillepora13179	5	0	0	0	0	0	0	0	0	0
chr12	3044486	3062219	Amillepora13177	26	2	0.07692307692307693	0.07692307692307693	7.6923076923076925	0	27.1746488194703	5.329387100211931	100	0
chr12	2988547	2990984	Amillepora13172	3	0	0	0	0	0	0	0	0	0
chr12	3018906	3021974	Amillepora13174	8	0	0	0	0	0	0	0	0	0
chr12	3102775	3113082	Amillepora13181	12	1	0.08333333333333333	0.08333333333333333	8.333333333333334	0	28.867513459481298	8.333333333333334	100	0
chr12	3094471	3100099	Amillepora13180	3	1	0.3333333333333333	0.3333333333333333	33.333333333333336	0	57.735026918962575	33.333333333333336	100	0
chr12	3174017	3185797	Amillepora13188	4	1	0.25	0.25	25	0	50	25	100	0
chr12	3115507	3140151	Amillepora13183	7	6	0.8571428571428571	0.8571428571428571	85.71428571428571	100	37.79644730092272	14.285714285714285	100	0
chr12	3164828	3172713	Amillepora13187	3	2	0.6666666666666666	0.6666666666666666	66.66666666666667	100	57.73502691896258	33.333333333333336	100	0
chr12	3151581	3162017	Amillepora13186	2	1	0.5	0.5	50	50	70.71067811865476	50	100	0
chr12	3145810	3151199	Amillepora13185	1	0	0	0	0	0	NA	NA	0	0
chr12	3208325	3213901	Amillepora13191	10	0	0	0	0	0	0	0	0	0
chr12	3188902	3203948	Amillepora13190	12	0	0	0	0	0	0	0	0	0
chr12	3219114	3225394	Amillepora13192	6	0	0	0	0	0	0	0	0	0
chr12	3269112	3281899	Amillepora13198	21	1	0.047619047619047616	0.047619047619047616	4.761904761904762	0	21.82178902359924	4.761904761904762	100	0
chr12	3237131	3246796	Amillepora13193	10	0	0	0	0	0	0	0	0	0
chr12	3249525	3268751	Amillepora13196	15	1	0.06666666666666667	0.06666666666666667	6.666666666666667	0	25.819888974716115	6.666666666666666	100	0
chr12	3328779	3352750	Amillepora13203	40	0	0	0	0	0	0	0	0	0
chr12	3306522	3326777	Amillepora13202	38	1	0.02631578947368421	0.02631578947368421	2.6315789473684212	0	16.22214211307625	2.631578947368421	100	0
chr12	3363804	3380757	Amillepora13205	14	1	0.07142857142857142	0.07142857142857142	7.142857142857143	0	26.72612419124244	7.142857142857143	100	0
chr12	3304082	3304531	Amillepora13201	1	0	0	0	0	0	NA	NA	0	0
chr12	3283542	3285582	Amillepora13199	2	0	0	0	0	0	0	0	0	0
chr12	3471849	3475940	Amillepora13215	12	0	0	0	0	0	0	0	0	0
chr12	3446489	3461125	Amillepora13212	22	2	0.09090909090909091	0.09090909090909091	9.090909090909092	0	29.424494316824976	6.273323266748674	100	0
chr12	3387083	3396574	Amillepora13207	6	2	0.3333333333333333	0.3333333333333333	33.333333333333336	0	51.63977794943222	21.081851067789195	100	0
chr12	3403181	3424399	Amillepora13209	11	5	0.45454545454545453	0.45454545454545453	45.45454545454545	0	52.22329678670935	15.745916432444341	100	0
chr12	3478538	3483874	Amillepora13216	10	0	0	0	0	0	0	0	0	0
chr12	3438354	3445687	Amillepora13211	7	0	0	0	0	0	0	0	0	0
chr12	3398877	3415221	Amillepora13208	11	5	0.45454545454545453	0.45454545454545453	45.45454545454545	0	52.22329678670935	15.745916432444341	100	0
chr12	3420898	3430181	Amillepora13210	7	1	0.14285714285714285	0.14285714285714285	14.285714285714286	0	37.79644730092272	14.285714285714285	100	0
chr12	3575118	3581701	Amillepora13227	7	1	0.14285714285714285	0.14285714285714285	14.285714285714286	0	37.79644730092272	14.285714285714285	100	0
chr12	3556938	3561726	Amillepora13224	1	0	0	0	0	0	NA	NA	0	0
chr12	3563414	3573929	Amillepora13225	6	1	0.16666666666666666	0.16666666666666666	16.666666666666668	0	40.8248290463863	16.66666666666667	100	0
chr12	3549768	3555514	Amillepora13223	3	1	0.3333333333333333	0.3333333333333333	33.333333333333336	0	57.735026918962575	33.333333333333336	100	0
chr12	3484051	3493703	Amillepora13217	12	0	0	0	0	0	0	0	0	0
chr12	3517901	3522877	Amillepora13220	1	0	0	0	0	0	NA	NA	0	0
chr12	3509959	3511140	Amillepora13219	2	2	1	1	100	100	0	0	100	100
chr12	3525075	3530582	Amillepora13221	1	1	1	1	100	100	NA	NA	100	100
chr12	3583826	3596871	Amillepora13228	18	1	0.05555555555555555	0.05555555555555555	5.555555555555555	0	23.57022603955158	5.555555555555556	100	0
chr12	3642355	3664178	Amillepora13233	18	0	0	0	0	0	0	0	0	0
chr12	3675567	3679711	Amillepora13235	5	0	0	0	0	0	0	0	0	0
chr12	3666016	3669480	Amillepora13234	4	2	0.5	0.5	50	50	57.735026918962575	28.867513459481287	100	0
chr12	3680742	3688385	Amillepora13236	14	1	0.07142857142857142	0.07142857142857142	7.142857142857143	0	26.72612419124244	7.142857142857143	100	0
chr12	3597622	3599379	Amillepora13229	3	0	0	0	0	0	0	0	0	0
chr12	3628019	3642052	Amillepora13232	8	1	0.125	0.125	12.5	0	35.35533905932738	12.5	100	0
chr12	3606900	3616637	Amillepora13230	13	1	0.07692307692307693	0.07692307692307693	7.6923076923076925	0	27.735009811261456	7.6923076923076925	100	0
chr12	3619694	3625592	Amillepora13231	12	0	0	0	0	0	0	0	0	0
chr12	3693647	3699305	Amillepora13238	3	3	1	1	100	100	0	0	100	100
chr12	3715481	3732228	Amillepora13240	13	2	0.15384615384615385	0.15384615384615385	15.384615384615385	0	37.553380809940535	10.415433852097385	100	0
chr12	3736772	3750362	Amillepora13242	1	0	0	0	0	0	NA	NA	0	0
chr12	3756906	3777745	Amillepora13244	28	1	0.03571428571428571	0.03571428571428571	3.5714285714285716	0	18.898223650461357	3.571428571428571	100	0
chr12	3699642	3715127	Amillepora13239	16	1	0.0625	0.0625	6.25	0	25	6.25	100	0
chr12	3689745	3693518	Amillepora13237	2	0	0	0	0	0	0	0	0	0
chr12	3795268	3801089	Amillepora13246	7	1	0.14285714285714285	0.14285714285714285	14.285714285714286	0	37.79644730092272	14.285714285714285	100	0
chr12	3837151	3857893	Amillepora13248	25	3	0.12	0.11538461538461539	12	0	33.166247903554	6.6332495807108005	100	0
chr12	3859136	3862886	Amillepora13249	8	0	0	0	0	0	0	0	0	0
chr12	3865965	3871818	Amillepora13250	8	0	0	0	0	0	0	0	0	0
chr12	3910410	3916892	Amillepora13253	4	0	0	0	0	0	0	0	0	0
chr12	3929444	3937546	Amillepora13255	13	0	0	0	0	0	0	0	0	0
chr12	3902507	3910040	Amillepora13252	3	1	0.3333333333333333	0.3333333333333333	33.333333333333336	0	57.735026918962575	33.333333333333336	100	0
chr12	3881239	3896311	Amillepora13251	11	0	0	0	0	0	0	0	0	0
chr12	4058139	4060977	Amillepora13266	2	0	0	0	0	0	0	0	0	0
chr12	4027031	4041345	Amillepora13263	10	2	0.2	0.2	20	0	42.16370213557839	13.333333333333332	100	0
chr12	3998828	4016696	Amillepora13259	4	1	0.25	0.25	25	0	50	25	100	0
chr12	3975508	3998115	Amillepora13257	19	3	0.15789473684210525	0.15789473684210525	15.789473684210526	0	37.46343246326775	8.5947008518708	100	0
chr12	4019071	4023425	Amillepora13261	3	1	0.3333333333333333	0.3333333333333333	33.333333333333336	0	57.735026918962575	33.333333333333336	100	0
chr12	4045541	4048855	Amillepora13265	6	0	0	0	0	0	0	0	0	0
chr12	4067209	4069426	Amillepora13268	6	0	0	0	0	0	0	0	0	0
chr12	4133683	4138410	Amillepora13273	6	0	0	0	0	0	0	0	0	0
chr12	4080266	4086187	Amillepora13270	4	0	0	0	0	0	0	0	0	0
chr12	4097490	4098307	Amillepora13271	4	0	0	0	0	0	0	0	0	0
chr12	4063239	4066707	Amillepora13267	2	0	0	0	0	0	0	0	0	0
chr12	4100992	4110827	Amillepora13272	17	1	0.058823529411764705	0.058823529411764705	5.882352941176471	0	24.2535625036333	5.88235294117647	100	0
chr12	4271582	4275786	Amillepora13278	13	0	0	0	0	0	0	0	0	0
chr12	4261569	4266157	Amillepora13277	8	0	0	0	0	0	0	0	0	0
chr12	4171312	4209038	Amillepora13275	44	0	0	0	0	0	0	0	0	0
chr12	4210542	4259871	Amillepora13276	36	5	0.1388888888888889	0.1388888888888889	13.88888888888889	0	35.07361872061008	5.845603120101681	100	0
chr12	4348373	4350463	Amillepora13287	3	0	0	0	0	0	0	0	0	0
chr12	4306482	4322655	Amillepora13284	10	5	0.5	0.5	50	50	52.70462766947299	16.666666666666668	100	0
chr12	4289697	4303826	Amillepora13281	12	1	0.08333333333333333	0.08333333333333333	8.333333333333334	0	28.8675134594813	8.333333333333334	100	0
chr12	4279079	4289358	Amillepora13280	12	1	0.08333333333333333	0.08333333333333333	8.333333333333334	0	28.867513459481305	8.333333333333334	100	0
chr12	4323319	4344852	Amillepora13285	4	2	0.5	0.5	50	50	57.735026918962575	28.867513459481287	100	0
chr12	4352224	4363873	Amillepora13288	3	0	0	0	0	0	0	0	0	0
chr12	4367847	4378276	Amillepora13289	5	3	0.6	0.6	60	100	54.772255750516614	24.49489742783178	100	0
chr12	4417518	4423184	Amillepora13293	8	0	0	0	0	0	0	0	0	0
chr12	4434668	4446478	Amillepora13295	5	4	0.8	0.8	80	100	44.721359549995796	20	100	0
chr12	4424135	4434592	Amillepora13294	12	0	0	0	0	0	0	0	0	0
chr12	4453099	4475546	Amillepora13296	6	3	0.5	0.5	50	50	54.772255750516614	22.3606797749979	100	0
chr12	4483777	4489622	Amillepora13298	4	0	0	0	0	0	0	0	0	0
chr12	4542434	4543840	Amillepora13303	4	0	0	0	0	0	0	0	0	0
chr12	4489644	4500282	Amillepora13299	4	0	0	0	0	0	0	0	0	0
chr12	4552624	4560817	Amillepora13305	10	0	0	0	0	0	0	0	0	0
chr12	4549811	4552617	Amillepora13304	4	0	0	0	0	0	0	0	0	0
chr12	4501262	4534649	Amillepora13300	12	7	0.5833333333333334	0.5833333333333334	58.333333333333336	100	51.49286505444372	14.864709750264078	100	0
chr12	4667296	4673135	Amillepora13313	11	0	0	0	0	0	0	0	0	0
chr12	4596623	4601634	Amillepora13308	8	0	0	0	0	0	0	0	0	0
chr12	4621672	4631933	Amillepora13310	17	1	0.058823529411764705	0.058823529411764705	5.882352941176471	0	24.2535625036333	5.88235294117647	100	0
chr12	4602733	4613082	Amillepora13309	8	0	0	0	0	0	0	0	0	0
chr12	4641979	4651369	Amillepora13312	17	0	0	0	0	0	0	0	0	0
chr12	4632750	4639849	Amillepora13311	7	0	0	0	0	0	0	0	0	0
chr12	4674935	4682659	Amillepora13314	8	2	0.25	0.2222222222222222	25	0	46.29100498862757	16.366341767699428	100	0
chr12	4720584	4727393	Amillepora13319	5	4	0.8	0.8	80	100	44.721359549995796	20	100	0
chr12	4709840	4715840	Amillepora13318	5	0	0	0	0	0	0	0	0	0
chr12	4683998	4694698	Amillepora13315	12	1	0.08333333333333333	0.08333333333333333	8.333333333333334	0	28.86751345948129	8.333333333333334	100	0
chr12	4740197	4751158	Amillepora13321	13	1	0.07692307692307693	0.07692307692307693	7.6923076923076925	0	27.735009811261456	7.6923076923076925	100	0
chr12	4699018	4713285	Amillepora13316	10	0	0	0	0	0	0	0	0	0
chr12	4857587	4867134	Amillepora13331	18	0	0	0	0	0	0	0	0	0
chr12	4847498	4849604	Amillepora13330	6	0	0	0	0	0	0	0	0	0
chr12	4787161	4791823	Amillepora13326	2	0	0	0	0	0	0	0	0	0
chr12	4791859	4799794	Amillepora13327	4	4	1	1	100	100	0	0	100	100
chr12	4810992	4814636	Amillepora13328	2	0	0	0	0	0	0	0	0	0
chr12	4753372	4771705	Amillepora13322	13	4	0.3076923076923077	0.3076923076923077	30.76923076923077	0	48.03844614152614	13.323467750529826	100	0
chr12	4874100	4885327	Amillepora13332	20	1	0.05	0.05	5	0	22.360679774997898	5	100	0
chr12	4778569	4786746	Amillepora13324	5	2	0.4	0.4	40	0	54.772255750516614	24.49489742783178	100	0
chr12	4918890	4924423	Amillepora13333	8	0	0	0	0	0	0	0	0	0
chr12	4936114	4946324	Amillepora13334	13	0	0	0	0	0	0	0	0	0
chr12	4994052	5015254	Amillepora13339	30	5	0.16666666666666666	0.16666666666666666	16.666666666666668	0	37.90490217894518	6.920456654478331	100	0
chr12	5030502	5050395	Amillepora13341	46	3	0.06521739130434782	0.06521739130434782	6.521739130434782	0	24.963741822833807	3.680702927304433	100	0
chr12	4957027	4992077	Amillepora13335	48	2	0.041666666666666664	0.041666666666666664	4.166666666666667	0	20.194093652345874	2.9147663515556026	100	0
chr12	5025898	5029221	Amillepora13340	6	0	0	0	0	0	0	0	0	0
chr12	5052033	5057445	Amillepora13343	6	0	0	0	0	0	0	0	0	0
chr12	5035471	5035812	Amillepora13342	1	0	0	0	0	0	NA	NA	0	0
chr12	5071584	5081190	Amillepora13344	14	0	0	0	0	0	0	0	0	0
chr12	5140804	5154429	Amillepora13351	12	0	0	0	0	0	0	0	0	0
chr12	5173833	5180287	Amillepora13352	4	0	0	0	0	0	0	0	0	0
chr12	5103773	5106165	Amillepora13348	1	0	0	0	0	0	NA	NA	0	0
chr12	5094136	5102556	Amillepora13346	34	1	0.029411764705882353	0.029411764705882353	2.9411764705882355	0	17.149858514250884	2.941176470588235	100	0
chr12	5206053	5207228	Amillepora13353	2	0	0	0	0	0	0	0	0	0
chr12	5222553	5225722	Amillepora13354	3	0	0	0	0	0	0	0	0	0
chr12	5274656	5276423	Amillepora13358	4	0	0	0	0	0	0	0	0	0
chr12	5246848	5269864	Amillepora13355	18	0	0	0	0	0	0	0	0	0
chr12	5271383	5273354	Amillepora13357	2	0	0	0	0	0	0	0	0	0
chr12	5335710	5337149	Amillepora13362	8	0	0	0	0	0	0	0	0	0
chr12	5289382	5295550	Amillepora13360	6	0	0	0	0	0	0	0	0	0
chr12	5347965	5351317	Amillepora13363	4	0	0	0	0	0	0	0	0	0
chr12	5353574	5355200	Amillepora13364	2	0	0	0	0	0	0	0	0	0
chr12	5378799	5384833	Amillepora13365	1	0	0	0	0	0	NA	NA	0	0
chr12	5466799	5475934	Amillepora13372	6	0	0	0	0	0	0	0	0	0
chr12	5437494	5458041	Amillepora13371	17	3	0.17647058823529413	0.17647058823529413	17.647058823529413	0	39.295262399668786	9.530501027070382	100	0
chr12	5386061	5391509	Amillepora13367	2	1	0.5	0.5	50	50	70.71067811865476	50	100	0
chr12	5425429	5437286	Amillepora13369	4	1	0.25	0.25	25	0	50	25	100	0
chr12	5392374	5406451	Amillepora13368	16	0	0	0	0	0	0	0	0	0
chr12	5481774	5489548	Amillepora13373	7	0	0	0	0	0	0	0	0	0
chr12	5556390	5560647	Amillepora13441	7	0	0	0	0	0	0	0	0	0
chr12	5515667	5523416	Amillepora13374	4	0	0	0	0	0	0	0	0	0
chr12	5535326	5538347	Amillepora13375	3	0	0	0	0	0	0	0	0	0
chr12	5627212	5635565	Amillepora13447	8	0	0	0	0	0	0	0	0	0
chr12	5642812	5651418	Amillepora13449	5	3	0.6	0.6	60	100	54.772255750516614	24.49489742783178	100	0
chr12	5579804	5607134	Amillepora13445	19	1	0.05263157894736842	0.05263157894736842	5.2631578947368425	0	22.941573387056174	5.263157894736841	100	0
chr12	5613316	5622948	Amillepora13446	7	2	0.2857142857142857	0.2857142857142857	28.571428571428573	0	48.79500364742666	18.442777839082936	100	0
chr12	5655398	5668005	Amillepora13451	15	0	0	0	0	0	0	0	0	0
chr12	5635328	5638401	Amillepora13448	5	0	0	0	0	0	0	0	0	0
chr12	5718865	5722815	Amillepora13455	2	0	0	0	0	0	0	0	0	0
chr12	5755975	5760443	Amillepora13457	1	0	0	0	0	0	NA	NA	0	0
chr12	5743953	5747561	Amillepora13456	3	0	0	0	0	0	0	0	0	0
chr12	5691599	5708886	Amillepora13453	9	1	0.1111111111111111	0.1111111111111111	11.11111111111111	0	33.333333333333336	11.111111111111112	100	0
chr12	5765523	5769356	Amillepora13458	4	0	0	0	0	0	0	0	0	0
chr12	5812826	5826026	Amillepora13464	16	2	0.125	0.125	12.5	0	34.15650255319866	8.539125638299666	100	0
chr12	5782327	5786074	Amillepora13459	2	0	0	0	0	0	0	0	0	0
chr12	5794247	5798239	Amillepora13461	1	0	0	0	0	0	NA	NA	0	0
chr12	5809603	5813199	Amillepora13463	4	0	0	0	0	0	0	0	0	0
chr12	5788738	5794073	Amillepora13460	8	0	0	0	0	0	0	0	0	0
chr12	5832006	5835614	Amillepora13466	4	0	0	0	0	0	0	0	0	0
chr12	5851270	5853693	Amillepora13468	2	0	0	0	0	0	0	0	0	0
chr12	5850922	5851256	Amillepora13467	1	0	0	0	0	0	NA	NA	0	0
chr12	5908591	5910486	Amillepora13474	1	0	0	0	0	0	NA	NA	0	0
chr12	5904622	5907599	Amillepora13473	5	0	0	0	0	0	0	0	0	0
chr12	5911762	5915254	Amillepora13475	3	0	0	0	0	0	0	0	0	0
chr12	5892214	5896984	Amillepora13471	3	1	0.3333333333333333	0.3333333333333333	33.333333333333336	0	57.735026918962575	33.333333333333336	100	0
chr12	5928436	5936984	Amillepora13479	11	1	0.09090909090909091	0.09090909090909091	9.090909090909092	0	30.151134457776358	9.09090909090909	100	0
chr12	5925509	5927440	Amillepora13478	1	1	1	1	100	100	NA	NA	100	100
chr12	5921528	5922372	Amillepora13477	3	0	0	0	0	0	0	0	0	0
chr12	5960221	5976121	Amillepora13483	25	2	0.08	0.08	8	0	27.688746209726915	5.537749241945383	100	0
chr12	5950008	5957780	Amillepora13482	17	1	0.058823529411764705	0.058823529411764705	5.882352941176471	0	24.253562503633297	5.88235294117647	100	0
chr12	5938838	5948507	Amillepora13481	7	1	0.14285714285714285	0.14285714285714285	14.285714285714286	0	37.79644730092272	14.285714285714285	100	0
chr12	5887218	5891750	Amillepora13470	3	0	0	0	0	0	0	0	0	0
chr12	5915084	5921029	Amillepora13476	7	0	0	0	0	0	0	0	0	0
chr12	5897643	5901445	Amillepora13472	1	1	1	1	100	100	NA	NA	100	100
chr12	5989173	5993877	Amillepora13484	9	0	0	0	0	0	0	0	0	0
chr12	5993860	6010161	Amillepora13485	14	1	0.07142857142857142	0.07142857142857142	7.142857142857143	0	26.726124191242445	7.142857142857143	100	0
chr12	6010534	6094722	Amillepora13486	37	1	0.02702702702702703	0.02702702702702703	2.7027027027027026	0	16.43989873053574	2.7027027027027026	100	0
chr12	6180681	6222200	Amillepora13493	15	2	0.13333333333333333	0.13333333333333333	13.333333333333334	0	35.18657752744984	9.085135251589959	100	0
chr12	6158097	6180328	Amillepora13491	13	0	0	0	0	0	0	0	0	0
chr12	6132200	6156537	Amillepora13490	2	0	0	0	0	0	0	0	0	0
chr12	6222544	6228879	Amillepora13494	9	0	0	0	0	0	0	0	0	0
chr12	6324449	6328116	Amillepora13498	7	2	0.2857142857142857	0.2857142857142857	28.571428571428573	0	48.79500364742666	18.442777839082936	100	0
chr12	6353418	6361892	Amillepora13502	6	0	0	0	0	0	0	0	0	0
chr12	6337399	6346345	Amillepora13500	6	2	0.3333333333333333	0.3333333333333333	33.333333333333336	0	51.63977794943222	21.081851067789195	100	0
chr12	6253853	6316838	Amillepora13497	58	1	0.017241379310344827	0.017241379310344827	1.7241379310344827	0	13.130643285972267	1.7241379310344829	100	0
chr12	6238346	6249890	Amillepora13496	6	0	0	0	0	0	0	0	0	0
chr12	6347393	6348124	Amillepora13501	3	0	0	0	0	0	0	0	0	0
chr12	6329541	6336834	Amillepora13499	15	1	0.06666666666666667	0.06666666666666667	6.666666666666667	0	25.81988897471611	6.666666666666666	100	0
chr12	6504368	6504775	Amillepora13510	1	0	0	0	0	0	NA	NA	0	0
chr12	6542149	6564605	Amillepora13514	6	0	0	0	0	0	0	0	0	0
chr12	6626203	6630663	Amillepora13521	2	0	0	0	0	0	0	0	0	0
chr12	6620583	6624176	Amillepora13520	16	8	0.5	0.5	50	50	51.63977794943222	12.909944487358056	100	0
chr12	6691989	6716561	Amillepora13525	5	5	1	1	100	100	0	0	100	100
chr12	6729455	6746503	Amillepora13527	13	2	0.15384615384615385	0.15384615384615385	15.384615384615385	0	37.553380809940535	10.415433852097385	100	0
chr12	6719298	6721340	Amillepora13526	2	0	0	0	0	0	0	0	0	0
chr12	6669864	6691377	Amillepora13524	9	2	0.2222222222222222	0.2222222222222222	22.22222222222222	0	44.09585518440984	14.698618394803281	100	0
chr12	6748993	6756591	Amillepora13528	14	0	0	0	0	0	0	0	0	0
chr12	6772896	6786806	Amillepora13531	8	3	0.375	0.375	37.5	0	51.75491695067657	18.298126367784995	100	0
chr12	6767411	6768922	Amillepora13530	3	0	0	0	0	0	0	0	0	0
chr12	6636026	6637784	Amillepora13522	1	0	0	0	0	0	NA	NA	0	0
chr12	6758194	6762222	Amillepora13529	7	0	0	0	0	0	0	0	0	0
chr12	6864980	6866438	Amillepora13538	3	0	0	0	0	0	0	0	0	0
chr12	6868330	6869367	Amillepora13540	6	0	0	0	0	0	0	0	0	0
chr12	6803307	6806724	Amillepora13533	11	0	0	0	0	0	0	0	0	0
chr12	6808559	6819800	Amillepora13534	5	0	0	0	0	0	0	0	0	0
chr12	6843390	6846966	Amillepora13535	12	1	0.08333333333333333	0.08333333333333333	8.333333333333334	0	28.867513459481298	8.333333333333334	100	0
chr12	6866806	6867348	Amillepora13539	2	0	0	0	0	0	0	0	0	0
chr12	6947962	6948513	Amillepora13544	2	0	0	0	0	0	0	0	0	0
chr12	6894387	6912492	Amillepora13542	6	2	0.3333333333333333	0.3333333333333333	33.333333333333336	0	51.63977794943222	21.081851067789195	100	0
chr12	6966643	6975830	Amillepora13545	3	0	0	0	0	0	0	0	0	0
chr12	7004800	7014375	Amillepora13547	4	0	0	0	0	0	0	0	0	0
chr12	7025812	7041210	Amillepora13549	10	0	0	0	0	0	0	0	0	0
chr12	7016013	7025000	Amillepora13548	10	0	0	0	0	0	0	0	0	0
chr12	6990941	7004781	Amillepora13546	21	0	0	0	0	0	0	0	0	0
chr12	7055607	7071376	Amillepora13551	17	0	0	0	0	0	0	0	0	0
chr12	7123220	7165614	Amillepora13555	46	3	0.06521739130434782	0.06521739130434782	6.521739130434782	0	24.963741822833807	3.680702927304433	100	0
chr12	7168540	7180438	Amillepora13556	14	1	0.07142857142857142	0.07142857142857142	7.142857142857143	0	26.72612419124244	7.142857142857143	100	0
chr12	7080588	7103660	Amillepora13554	38	1	0.02631578947368421	0.02631578947368421	2.6315789473684212	0	16.222142113076245	2.631578947368421	100	0
chr12	7184529	7185563	Amillepora13557	1	0	0	0	0	0	NA	NA	0	0
chr12	7200773	7207052	Amillepora13559	2	0	0	0	0	0	0	0	0	0
chr12	7212691	7220821	Amillepora13561	12	0	0	0	0	0	0	0	0	0
chr12	7218920	7247629	Amillepora13562	15	1	0.06666666666666667	0.06666666666666667	6.666666666666667	0	25.81988897471612	6.666666666666666	100	0
chr12	7186975	7200633	Amillepora13558	15	0	0	0	0	0	0	0	0	0
chr12	7257541	7259340	Amillepora13563	2	0	0	0	0	0	0	0	0	0
chr12	7316714	7327700	Amillepora13569	3	1	0.3333333333333333	0.3333333333333333	33.333333333333336	0	57.735026918962575	33.333333333333336	100	0
chr12	7331394	7338389	Amillepora13570	8	0	0	0	0	0	0	0	0	0
chr12	7292270	7293460	Amillepora13566	2	0	0	0	0	0	0	0	0	0
chr12	7427231	7427806	Amillepora13579	4	0	0	0	0	0	0	0	0	0
chr12	7395686	7398114	Amillepora13577	2	0	0	0	0	0	0	0	0	0
chr12	7363320	7383464	Amillepora13573	11	5	0.45454545454545453	0.45454545454545453	45.45454545454545	0	52.223296786709355	15.745916432444341	100	0
chr12	7384882	7393277	Amillepora13575	6	1	0.16666666666666666	0.16666666666666666	16.666666666666668	0	40.8248290463863	16.66666666666667	100	0
chr12	7440777	7442487	Amillepora13583	3	0	0	0	0	0	0	0	0	0
chr12	7340210	7394718	Amillepora13572	39	9	0.23076923076923078	0.23076923076923078	23.076923076923077	0	42.68327949183541	6.834794743374142	100	0
chr12	7442963	7444590	Amillepora13584	4	0	0	0	0	0	0	0	0	0
chr12	7400059	7401135	Amillepora13578	1	0	0	0	0	0	NA	NA	0	0
chr12	7748577	7750910	Amillepora13601	9	4	0.4444444444444444	0.4444444444444444	44.44444444444444	0	52.70462766947299	17.568209223157663	100	0
chr12	7769247	7771004	Amillepora13603	2	0	0	0	0	0	0	0	0	0
chr12	7765299	7769181	Amillepora13602	1	0	0	0	0	0	NA	NA	0	0
chr12	7790504	7804427	Amillepora13605	4	2	0.5	0.5	50	50	57.735026918962575	28.867513459481287	100	0
chr12	7812181	7813672	Amillepora13606	1	0	0	0	0	0	NA	NA	0	0
chr12	7883488	7889740	Amillepora13614	1	1	1	1	100	100	NA	NA	100	100
chr12	7868588	7876832	Amillepora13612	2	1	0.5	0.5	50	50	70.71067811865476	50	100	0
chr12	7959299	7962429	Amillepora13617	2	1	0.5	0.5	50	50	70.71067811865476	50	100	0
chr12	8153109	8155759	Amillepora13627	2	0	0	0	0	0	0	0	0	0
chr12	8169490	8170878	Amillepora13629	3	1	0.3333333333333333	0.3333333333333333	33.333333333333336	0	57.735026918962575	33.333333333333336	100	0
chr12	8142361	8146263	Amillepora13626	1	0	0	0	0	0	NA	NA	0	0
chr12	8116747	8141283	Amillepora13624	4	1	0.25	0.25	25	0	50	25	100	0
chr12	8084540	8101523	Amillepora13622	2	0	0	0	0	0	0	0	0	0
chr12	8266837	8272237	Amillepora13640	2	0	0	0	0	0	0	0	0	0
chr12	8207364	8208908	Amillepora13634	6	0	0	0	0	0	0	0	0	0
chr12	8258411	8260526	Amillepora13639	5	1	0.2	0.2	20	0	44.721359549995796	20	100	0
chr12	8212160	8231727	Amillepora13635	10	2	0.2	0.2	20	0	42.16370213557839	13.333333333333332	100	0
chr12	8187800	8203168	Amillepora13631	13	1	0.07692307692307693	0.07692307692307693	7.6923076923076925	0	27.735009811261456	7.6923076923076925	100	0
chr12	8327317	8330416	Amillepora13645	2	0	0	0	0	0	0	0	0	0
chr12	8337438	8362125	Amillepora13647	22	5	0.22727272727272727	0.22727272727272727	22.727272727272727	0	42.89320272288885	9.144861547306324	100	0
chr12	8318966	8320254	Amillepora13644	1	0	0	0	0	0	NA	NA	0	0
chr12	8481024	8481776	Amillepora13651	1	0	0	0	0	0	NA	NA	0	0
chr12	8454355	8463686	Amillepora13649	4	0	0	0	0	0	0	0	0	0
chr12	8565513	8568116	Amillepora13662	1	1	1	1	100	100	NA	NA	100	100
chr12	8537324	8540143	Amillepora13659	3	0	0	0	0	0	0	0	0	0
chr12	8485898	8497541	Amillepora13652	4	0	0	0	0	0	0	0	0	0
chr12	8610532	8611650	Amillepora13668	1	1	1	1	100	100	NA	NA	100	100
chr12	8663839	8665218	Amillepora13679	2	2	1	1	100	100	0	0	100	100
chr12	8663144	8663668	Amillepora13678	1	1	1	1	100	100	NA	NA	100	100
chr12	8672920	8674694	Amillepora13680	1	0	0	0	0	0	NA	NA	0	0
chr12	8710280	8711921	Amillepora13684	4	4	1	1	100	100	0	0	100	100
chr12	8743807	8745423	Amillepora13691	1	0	0	0	0	0	NA	NA	0	0
chr12	8750677	8752725	Amillepora13693	1	0	0	0	0	0	NA	NA	0	0
chr12	8768622	8779203	Amillepora13695	4	0	0	0	0	0	0	0	0	0
chr12	8758085	8761558	Amillepora13694	3	2	0.6666666666666666	0.6666666666666666	66.66666666666667	100	57.73502691896258	33.333333333333336	100	0
chr12	8822346	8823503	Amillepora13701	4	0	0	0	0	0	0	0	0	0
chr12	8829217	8830710	Amillepora13702	4	1	0.25	0.25	25	0	50	25	100	0
chr12	8841220	8849909	Amillepora13704	1	1	1	1	100	100	NA	NA	100	100
chr12	8939941	8952133	Amillepora13708	13	0	0	0	0	0	0	0	0	0
chr12	8953085	8983432	Amillepora13710	25	2	0.08	0.08	8	0	27.688746209726915	5.537749241945383	100	0
chr12	8946077	8946645	Amillepora13709	1	0	0	0	0	0	NA	NA	0	0
chr12	8932266	8939730	Amillepora13707	1	0	0	0	0	0	NA	NA	0	0
chr12	8989914	8999122	Amillepora13712	9	3	0.3333333333333333	0.3333333333333333	33.333333333333336	0	50	16.666666666666668	100	0
chr12	9005950	9025126	Amillepora13713	13	1	0.07692307692307693	0.07692307692307693	7.6923076923076925	0	27.735009811261456	7.6923076923076925	100	0
chr12	9027009	9043601	Amillepora13715	17	4	0.23529411764705882	0.23529411764705882	23.529411764705884	0	43.72373160976031	10.604562574894086	100	0
chr12	9073939	9076705	Amillepora13716	9	0	0	0	0	0	0	0	0	0
chr12	9151917	9152756	Amillepora13726	4	0	0	0	0	0	0	0	0	0
chr12	9131311	9138980	Amillepora13723	11	4	0.36363636363636365	0.36363636363636365	36.36363636363637	0	50.4524979109513	15.212000482437738	100	0
chr12	9176853	9188678	Amillepora13730	2	1	0.5	0.5	50	50	70.71067811865476	50	100	0
chr12	9108201	9119220	Amillepora13721	11	2	0.18181818181818182	0.18181818181818182	18.181818181818183	0	40.45199174779453	12.196734422726125	100	0
chr12	9122157	9127874	Amillepora13722	2	1	0.5	0.5	50	50	70.71067811865476	50	100	0
chr12	9104481	9105416	Amillepora13719	3	0	0	0	0	0	0	0	0	0
chr12	9158172	9166384	Amillepora13727	12	0	0	0	0	0	0	0	0	0
chr12	9079121	9096244	Amillepora13717	16	2	0.125	0.125	12.5	0	34.15650255319866	8.539125638299666	100	0
chr12	9141739	9147696	Amillepora13724	11	0	0	0	0	0	0	0	0	0
chr12	9221144	9232846	Amillepora13733	8	4	0.5	0.5	50	50	53.45224838248488	18.89822365046136	100	0
chr12	9211287	9219736	Amillepora13732	4	0	0	0	0	0	0	0	0	0
chr12	9238070	9248427	Amillepora13735	10	1	0.1	0.1	10	0	31.622776601683793	10	100	0
chr12	9175928	9196166	Amillepora13729	11	2	0.18181818181818182	0.16666666666666666	18.181818181818183	0	40.45199174779453	12.196734422726125	100	0
chr12	9269296	9284877	Amillepora13738	1	0	0	0	0	0	NA	NA	0	0
chr12	9364867	9378191	Amillepora13747	4	0	0	0	0	0	0	0	0	0
chr12	9305100	9320896	Amillepora13741	8	0	0	0	0	0	0	0	0	0
chr12	9334139	9360199	Amillepora13744	8	0	0	0	0	0	0	0	0	0
chr12	9478091	9484396	Amillepora13758	6	0	0	0	0	0	0	0	0	0
chr12	9438834	9444887	Amillepora13752	1	0	0	0	0	0	NA	NA	0	0
chr12	9429322	9438770	Amillepora13751	2	2	1	1	100	100	0	0	100	100
chr12	9484861	9487899	Amillepora13759	3	0	0	0	0	0	0	0	0	0
chr12	9472947	9476438	Amillepora13757	1	1	1	1	100	100	NA	NA	100	100
chr12	9487874	9494512	Amillepora13760	2	0	0	0	0	0	0	0	0	0
chr12	9555028	9560300	Amillepora13764	1	0	0	0	0	0	NA	NA	0	0
chr12	9540980	9546922	Amillepora13762	2	0	0	0	0	0	0	0	0	0
chr12	9547928	9551893	Amillepora13763	3	0	0	0	0	0	0	0	0	0
chr12	9568549	9571513	Amillepora13767	1	0	0	0	0	0	NA	NA	0	0
chr12	9573597	9582646	Amillepora13769	1	0	0	0	0	0	NA	NA	0	0
chr12	9648031	9654937	Amillepora13776	2	0	0	0	0	0	0	0	0	0
chr12	9597290	9626441	Amillepora13772	3	2	0.6666666666666666	0.6666666666666666	66.66666666666667	100	57.73502691896258	33.333333333333336	100	0
chr12	9655646	9689086	Amillepora13777	5	1	0.2	0.2	20	0	44.721359549995796	20	100	0
chr12	9760544	9765954	Amillepora13788	1	0	0	0	0	0	NA	NA	0	0
chr12	9737064	9741449	Amillepora13786	2	0	0	0	0	0	0	0	0	0
chr12	9772668	9778904	Amillepora13790	1	0	0	0	0	0	NA	NA	0	0
chr12	9704319	9714622	Amillepora13781	3	0	0	0	0	0	0	0	0	0
chr12	9691296	9701682	Amillepora13779	1	1	1	1	100	100	NA	NA	100	100
chr12	9768351	9772198	Amillepora13789	1	0	0	0	0	0	NA	NA	0	0
chr12	9816910	9825731	Amillepora13795	1	0	0	0	0	0	NA	NA	0	0
chr12	9810573	9816846	Amillepora13794	1	0	0	0	0	0	NA	NA	0	0
chr12	9934367	9935737	Amillepora13806	2	0	0	0	0	0	0	0	0	0
chr12	9879681	9886566	Amillepora13799	2	0	0	0	0	0	0	0	0	0
chr12	9949012	9949335	Amillepora13809	2	0	0	0	0	0	0	0	0	0
chr12	9935959	9936327	Amillepora13807	2	0	0	0	0	0	0	0	0	0
chr12	9925831	9927194	Amillepora13805	1	0	0	0	0	0	NA	NA	0	0
chr12	9936415	9936942	Amillepora13808	8	2	0.25	0.25	25	0	46.29100498862757	16.366341767699428	100	0
chr12	9992168	10002358	Amillepora13815	1	0	0	0	0	0	NA	NA	0	0
chr12	10061262	10074297	Amillepora13821	1	1	1	1	100	100	NA	NA	100	100
chr12	10243592	10245285	Amillepora13832	1	0	0	0	0	0	NA	NA	0	0
chr12	10187632	10243449	Amillepora13831	49	11	0.22448979591836735	0.22448979591836735	22.448979591836736	0	42.15697907053757	6.022425581505365	100	0
chr12	10251041	10255064	Amillepora13834	6	0	0	0	0	0	0	0	0	0
chr12	10295313	10318535	Amillepora13835	31	0	0	0	0	0	0	0	0	0
chr12	10324381	10353562	Amillepora13836	27	4	0.14814814814814814	0.14814814814814814	14.814814814814815	0	36.20139928982456	6.966962541673779	100	0
chr12	10367559	10381017	Amillepora13838	9	3	0.3333333333333333	0.3333333333333333	33.333333333333336	0	50	16.666666666666668	100	0
chr12	10437908	10438660	Amillepora13841	1	0	0	0	0	0	NA	NA	0	0
chr12	10462474	10464905	Amillepora13844	14	9	0.6428571428571429	0.6428571428571429	64.28571428571429	100	49.72451580988468	13.289435848843764	100	0
chr12	10533576	10536593	Amillepora13847	1	1	1	1	100	100	NA	NA	100	100
chr12	10557313	10559085	Amillepora13850	3	1	0.3333333333333333	0.3333333333333333	33.333333333333336	0	57.735026918962575	33.333333333333336	100	0
chr12	10482259	10498394	Amillepora13846	2	0	0	0	0	0	0	0	0	0
chr12	10536642	10539066	Amillepora13848	1	1	1	1	100	100	NA	NA	100	100
chr12	10675174	10675884	Amillepora13860	1	0	0	0	0	0	NA	NA	0	0
chr12	10675913	10676224	Amillepora13861	1	0	0	0	0	0	NA	NA	0	0
chr12	10645634	10646952	Amillepora13856	3	1	0.3333333333333333	0.3333333333333333	33.333333333333336	0	57.735026918962575	33.333333333333336	100	0
chr12	10581787	10588059	Amillepora13851	2	2	1	1	100	100	0	0	100	100
chr12	10612724	10618300	Amillepora13852	3	1	0.3333333333333333	0.3333333333333333	33.333333333333336	0	57.735026918962575	33.333333333333336	100	0
chr12	10666153	10667898	Amillepora13858	1	1	1	1	100	100	NA	NA	100	100
chr12	10772979	10784265	Amillepora13866	4	2	0.5	0.6	50	50	57.735026918962575	28.867513459481287	100	0
chr12	10801912	10802247	Amillepora13867	1	0	0	0	0	0	NA	NA	0	0
chr12	10868282	10870985	Amillepora13879	3	0	0	0	0	0	0	0	0	0
chr12	10825268	10831817	Amillepora13874	5	2	0.4	0.4	40	0	54.772255750516614	24.49489742783178	100	0
chr12	10935806	10940819	Amillepora13883	1	0	0	0	0	0	NA	NA	0	0
chr12	11001167	11002804	Amillepora13891	2	1	0.5	0.5	50	50	70.71067811865476	50	100	0
chr12	10989240	10991884	Amillepora13888	4	1	0.25	0.25	25	0	50	25	100	0
chr12	11159387	11160064	Amillepora13901	1	0	0	0	0	0	NA	NA	0	0
chr12	11152210	11154437	Amillepora13900	2	1	0.5	0.5	50	50	70.71067811865476	50	100	0
chr12	11149845	11151296	Amillepora13899	5	3	0.6	0.6	60	100	54.772255750516614	24.49489742783178	100	0
chr12	11182337	11185449	Amillepora13903	3	0	0	0	0	0	0	0	0	0
chr12	11100248	11102451	Amillepora13894	1	0	0	0	0	0	NA	NA	0	0
chr12	11134440	11140246	Amillepora13898	1	0	0	0	0	0	NA	NA	0	0
chr12	11131415	11132040	Amillepora13896	4	2	0.5	0.5	50	50	57.735026918962575	28.867513459481287	100	0
chr12	11160738	11163403	Amillepora13902	3	2	0.6666666666666666	0.6666666666666666	66.66666666666667	100	57.735026918962575	33.333333333333336	100	0
chr12	11272721	11277587	Amillepora13916	1	0	0	0	0	0	NA	NA	0	0
chr12	11244254	11247544	Amillepora13912	2	1	0.5	0.5	50	50	70.71067811865476	50	100	0
chr12	11250915	11256433	Amillepora13914	1	0	0	0	0	0	NA	NA	0	0
chr12	11272577	11275316	Amillepora13915	1	0	0	0	0	0	NA	NA	0	0
chr12	11199389	11204629	Amillepora13906	2	2	1	1	100	100	0	0	100	100
chr12	11204642	11206407	Amillepora13908	1	1	1	1	100	100	NA	NA	100	100
chr12	11311350	11316143	Amillepora13922	7	2	0.2857142857142857	0.2857142857142857	28.571428571428573	0	48.79500364742666	18.442777839082936	100	0
chr12	11325335	11327631	Amillepora13923	5	2	0.4	0.4	40	0	54.772255750516614	24.49489742783178	100	0
chr12	11308570	11309061	Amillepora13921	1	0	0	0	0	0	NA	NA	0	0
chr12	11440954	11449162	Amillepora13933	6	1	0.16666666666666666	0.16666666666666666	16.666666666666668	0	40.82482904638629	16.66666666666667	100	0
chr12	11389671	11392643	Amillepora13928	6	4	0.6666666666666666	0.6666666666666666	66.66666666666667	100	51.63977794943223	21.081851067789195	100	0
chr12	11460876	11466753	Amillepora13936	16	0	0	0	0	0	0	0	0	0
chr12	11392720	11399032	Amillepora13929	4	3	0.75	0.75	75	100	50	25	100	0
chr12	11399420	11400673	Amillepora13931	1	1	1	1	100	100	NA	NA	100	100
chr12	11452011	11458054	Amillepora13934	11	0	0	0	0	0	0	0	0	0
chr12	11491395	11492868	Amillepora13938	3	0	0	0	0	0	0	0	0	0
chr12	11530581	11542572	Amillepora13941	11	1	0.09090909090909091	0.09090909090909091	9.090909090909092	0	30.151134457776354	9.09090909090909	100	0
chr12	11527699	11530113	Amillepora13940	2	0	0	0	0	0	0	0	0	0
chr12	11542579	11554425	Amillepora13942	13	1	0.07692307692307693	0.07692307692307693	7.6923076923076925	0	27.735009811261456	7.6923076923076925	100	0
chr12	11658106	11659101	Amillepora13946	1	0	0	0	0	0	NA	NA	0	0
chr12	11590834	11596412	Amillepora13943	2	1	0.5	0.5	50	50	70.71067811865476	50	100	0
chr12	11949512	11951710	Amillepora13954	2	2	1	1	100	100	0	0	100	100
chr12	11929367	11935222	Amillepora13952	10	0	0	0	0	0	0	0	0	0
chr12	11940010	11947235	Amillepora13953	6	2	0.3333333333333333	0.3333333333333333	33.333333333333336	0	51.63977794943222	21.081851067789195	100	0
chr12	11976476	11978924	Amillepora13959	3	1	0.3333333333333333	0.3333333333333333	33.333333333333336	0	57.735026918962575	33.333333333333336	100	0
chr12	11958615	11966688	Amillepora13956	11	1	0.09090909090909091	0.09090909090909091	9.090909090909092	0	30.15113445777636	9.09090909090909	100	0
chr12	11952558	11958379	Amillepora13955	8	1	0.125	0.125	12.5	0	35.35533905932738	12.5	100	0
chr12	12008324	12010002	Amillepora13962	2	0	0	0	0	0	0	0	0	0
chr12	11969998	11993814	Amillepora13958	24	4	0.16666666666666666	0.16666666666666666	16.666666666666668	0	38.069349381344054	7.770873402002615	100	0
chr12	12015842	12042235	Amillepora13963	8	6	0.75	0.75	75	100	46.29100498862757	16.366341767699428	100	0
chr12	12056117	12060149	Amillepora13966	4	0	0	0	0	0	0	0	0	0
chr12	11994054	11994903	Amillepora13960	1	0	0	0	0	0	NA	NA	0	0
chr12	12117712	12118885	Amillepora13974	2	0	0	0	0	0	0	0	0	0
chr12	12121341	12133050	Amillepora13975	8	0	0	0	0	0	0	0	0	0
chr12	12140872	12145157	Amillepora13976	2	0	0	0	0	0	0	0	0	0
chr12	12228508	12246426	Amillepora13985	15	1	0.06666666666666667	0.06666666666666667	6.666666666666667	0	25.819888974716125	6.666666666666666	100	0
chr12	12263170	12279143	Amillepora13987	15	0	0	0	0	0	0	0	0	0
chr12	12247842	12260047	Amillepora13986	9	0	0	0	0	0	0	0	0	0
chr12	12212185	12225966	Amillepora13984	9	1	0.1111111111111111	0.1111111111111111	11.11111111111111	0	33.333333333333336	11.111111111111112	100	0
chr12	12204891	12210698	Amillepora13983	5	0	0	0	0	0	0	0	0	0
chr12	12196097	12196516	Amillepora13982	2	0	0	0	0	0	0	0	0	0
chr12	12362980	12372385	Amillepora13994	3	1	0.3333333333333333	0.3333333333333333	33.333333333333336	0	57.735026918962575	33.333333333333336	100	0
chr12	12349808	12357332	Amillepora13992	10	0	0	0	0	0	0	0	0	0
chr12	12341610	12345410	Amillepora13991	8	0	0	0	0	0	0	0	0	0
chr12	12301052	12315358	Amillepora13990	1	0	0	0	0	0	NA	NA	0	0
chr12	12380586	12387928	Amillepora13995	7	0	0	0	0	0	0	0	0	0
chr12	12450856	12470301	Amillepora13997	9	1	0.1111111111111111	0.1111111111111111	11.11111111111111	0	33.333333333333336	11.111111111111112	100	0
chr12	12477042	12483594	Amillepora14000	1	0	0	0	0	0	NA	NA	0	0
chr12	12452584	12454527	Amillepora13998	2	0	0	0	0	0	0	0	0	0
chr12	12400649	12406610	Amillepora13996	6	0	0	0	0	0	0	0	0	0
chr12	12551803	12556590	Amillepora14006	3	0	0	0	0	0	0	0	0	0
chr12	12560700	12566977	Amillepora14007	4	0	0	0	0	0	0	0	0	0
chr12	12535145	12547786	Amillepora14005	10	2	0.2	0.2	20	0	42.16370213557839	13.333333333333332	100	0
chr12	12510626	12512400	Amillepora14001	1	0	0	0	0	0	NA	NA	0	0
chr12	12513889	12519205	Amillepora14002	1	0	0	0	0	0	NA	NA	0	0
chr12	12533190	12533744	Amillepora14004	1	0	0	0	0	0	NA	NA	0	0
chr12	12635604	12637356	Amillepora14014	1	0	0	0	0	0	NA	NA	0	0
chr12	12641270	12656528	Amillepora14016	6	6	1	1	100	100	0	0	100	100
chr12	12596413	12607594	Amillepora14009	8	2	0.25	0.25	25	0	46.29100498862757	16.366341767699428	100	0
chr12	12696281	12701619	Amillepora14023	6	0	0	0	0	0	0	0	0	0
chr12	12750867	12755773	Amillepora14028	3	0	0	0	0	0	0	0	0	0
chr12	12731894	12745225	Amillepora14026	7	0	0	0	0	0	0	0	0	0
chr12	12684572	12693411	Amillepora14022	14	1	0.07142857142857142	0.07142857142857142	7.142857142857143	0	26.726124191242445	7.142857142857143	100	0
chr12	12701805	12704235	Amillepora14024	3	0	0	0	0	0	0	0	0	0
chr12	12676560	12681950	Amillepora14018	6	0	0	0	0	0	0	0	0	0
chr12	12746042	12750783	Amillepora14027	6	1	0.16666666666666666	0.16666666666666666	16.666666666666668	0	40.82482904638629	16.66666666666667	100	0
chr12	12760648	12778743	Amillepora14029	25	4	0.16	0.16	16	0	37.416573867739416	7.4833147735478835	100	0
chr12	12713503	12731907	Amillepora14025	21	6	0.2857142857142857	0.2857142857142857	28.571428571428573	0	46.291004988627584	10.101525445522107	100	0
chr12	12781474	12795796	Amillepora14031	21	2	0.09523809523809523	0.09523809523809523	9.523809523809524	0	30.079260375911925	6.563832739090582	100	0
chr12	12840443	12844312	Amillepora14036	10	0	0	0	0	0	0	0	0	0
chr12	12858846	12863045	Amillepora14037	5	0	0	0	0	0	0	0	0	0
chr12	12872295	12880964	Amillepora14039	16	1	0.0625	0.0625	6.25	0	25	6.25	100	0
chr12	12799329	12813772	Amillepora14032	5	0	0	0	0	0	0	0	0	0
chr12	12818552	12830493	Amillepora14035	11	0	0	0	0	0	0	0	0	0
chr12	12870757	12872282	Amillepora14038	4	0	0	0	0	0	0	0	0	0
chr12	12934155	12938465	Amillepora14042	6	0	0	0	0	0	0	0	0	0
chr12	12953448	12956000	Amillepora14044	2	1	0.5	0.5	50	50	70.71067811865476	50	100	0
chr12	12931679	12932639	Amillepora14041	1	0	0	0	0	0	NA	NA	0	0
chr12	12944787	12948145	Amillepora14043	3	0	0	0	0	0	0	0	0	0
chr12	12922375	12929608	Amillepora14040	12	0	0	0	0	0	0	0	0	0
chr12	12956089	12960961	Amillepora14045	1	1	1	1	100	100	NA	NA	100	100
chr12	13047063	13054399	Amillepora14050	3	0	0	0	0	0	0	0	0	0
chr12	12988629	12995995	Amillepora14047	8	0	0	0	0	0	0	0	0	0
chr12	13169479	13186538	Amillepora14062	13	1	0.07692307692307693	0.07692307692307693	7.6923076923076925	0	27.735009811261456	7.6923076923076925	100	0
chr12	13078462	13087859	Amillepora14052	3	0	0	0	0	0	0	0	0	0
chr12	13131337	13143594	Amillepora14058	10	2	0.2	0.2	20	0	42.16370213557839	13.333333333333332	100	0
chr12	13088225	13089754	Amillepora14053	6	0	0	0	0	0	0	0	0	0
chr12	13098447	13100233	Amillepora14054	2	0	0	0	0	0	0	0	0	0
chr12	13125834	13127183	Amillepora14057	1	1	1	1	100	100	NA	NA	100	100
chr12	13116440	13117903	Amillepora14056	3	0	0	0	0	0	0	0	0	0
chr12	13155931	13158440	Amillepora14060	6	0	0	0	0	0	0	0	0	0
chr12	13144106	13154361	Amillepora14059	17	1	0.058823529411764705	0.058823529411764705	5.882352941176471	0	24.2535625036333	5.88235294117647	100	0
chr12	13279748	13286735	Amillepora14070	12	1	0.08333333333333333	0.08333333333333333	8.333333333333334	0	28.86751345948129	8.333333333333334	100	0
chr12	13191422	13194813	Amillepora14064	2	1	0.5	0.5	50	50	70.71067811865476	50	100	0
chr12	13204840	13228046	Amillepora14065	29	1	0.034482758620689655	0.034482758620689655	3.4482758620689653	0	18.569533817705192	3.4482758620689653	100	0
chr12	13247218	13268783	Amillepora14068	20	1	0.05	0.05	5	0	22.360679774997898	5	100	0
chr12	13301387	13306746	Amillepora14072	13	0	0	0	0	0	0	0	0	0
chr12	13313717	13320658	Amillepora14074	11	0	0	0	0	0	0	0	0	0
chr12	13290243	13301062	Amillepora14071	8	3	0.375	0.375	37.5	0	51.75491695067657	18.298126367784995	100	0
chr12	13380098	13394096	Amillepora14076	2	2	1	1	100	100	0	0	100	100
chr12	13428736	13433734	Amillepora14078	2	0	0	0	0	0	0	0	0	0
chr12	13457685	13459891	Amillepora14079	1	0	0	0	0	0	NA	NA	0	0
chr12	13491786	13512555	Amillepora14080	6	0	0	0	0	0	0	0	0	0
chr12	13570166	13575151	Amillepora14081	1	0	0	0	0	0	NA	NA	0	0
chr12	13582835	13584352	Amillepora14082	4	0	0	0	0	0	0	0	0	0
chr12	13682003	13688203	Amillepora14089	5	0	0	0	0	0	0	0	0	0
chr12	13668909	13679908	Amillepora14087	10	2	0.2	0.18181818181818182	20	0	42.16370213557839	13.333333333333332	100	0
chr12	13613176	13619557	Amillepora14084	5	1	0.2	0.2	20	0	44.721359549995796	20	100	0
chr12	13662204	13666464	Amillepora14086	1	0	0	0	0	0	NA	NA	0	0
chr12	13585716	13608808	Amillepora14083	29	0	0	0	0	0	0	0	0	0
chr12	13637769	13661564	Amillepora14085	39	0	0	0	0	0	0	0	0	0
chr12	13739813	13743108	Amillepora14094	3	1	0.3333333333333333	0.3333333333333333	33.333333333333336	0	57.735026918962575	33.333333333333336	100	0
chr12	13713588	13714456	Amillepora14092	5	0	0	0	0	0	0	0	0	0
chr12	13763189	13769981	Amillepora14096	14	0	0	0	0	0	0	0	0	0
chr12	13742760	13756145	Amillepora14095	5	3	0.6	0.6	60	100	54.772255750516614	24.49489742783178	100	0
chr12	13690681	13702378	Amillepora14091	5	2	0.4	0.4	40	0	54.772255750516614	24.49489742783178	100	0
chr12	13689088	13689764	Amillepora14090	3	0	0	0	0	0	0	0	0	0
chr12	13852149	13855202	Amillepora14101	12	0	0	0	0	0	0	0	0	0
chr12	13810838	13839700	Amillepora14099	37	0	0	0	0	0	0	0	0	0
chr12	13784875	13799313	Amillepora14098	4	0	0	0	0	0	0	0	0	0
chr12	13839759	13851129	Amillepora14100	12	0	0	0	0	0	0	0	0	0
chr12	13927653	13930880	Amillepora14105	1	0	0	0	0	0	NA	NA	0	0
chr12	13880101	13897482	Amillepora14104	7	5	0.7142857142857143	0.7142857142857143	71.42857142857143	100	48.79500364742666	18.442777839082936	100	0
chr12	13874252	13879736	Amillepora14103	6	0	0	0	0	0	0	0	0	0
chr12	13857456	13871705	Amillepora14102	3	1	0.3333333333333333	0.3333333333333333	33.333333333333336	0	57.735026918962575	33.333333333333336	100	0
chr12	13963917	13982132	Amillepora14109	6	0	0	0	0	0	0	0	0	0
chr12	13954258	13957820	Amillepora14108	4	0	0	0	0	0	0	0	0	0
chr12	14054999	14066060	Amillepora14112	11	3	0.2727272727272727	0.2727272727272727	27.272727272727273	0	46.70993664969137	14.083575804390607	100	0
chr12	14008732	14033985	Amillepora14110	26	1	0.038461538461538464	0.038461538461538464	3.8461538461538463	0	19.61161351381839	3.8461538461538467	100	0
chr12	14067104	14077024	Amillepora14114	31	0	0	0	0	0	0	0	0	0
chr12	14038321	14048101	Amillepora14111	13	1	0.07692307692307693	0.07692307692307693	7.6923076923076925	0	27.735009811261456	7.6923076923076925	100	0
chr12	14078845	14091328	Amillepora14115	13	1	0.07692307692307693	0.07692307692307693	7.6923076923076925	0	27.735009811261456	7.6923076923076925	100	0
chr12	14095354	14098207	Amillepora14116	3	0	0	0	0	0	0	0	0	0
chr12	14238491	14247757	Amillepora14126	20	0	0	0	0	0	0	0	0	0
chr12	14221319	14228519	Amillepora14125	11	0	0	0	0	0	0	0	0	0
chr12	14269448	14275966	Amillepora14128	10	0	0	0	0	0	0	0	0	0
chr12	14186249	14208762	Amillepora14120	18	2	0.1111111111111111	0.1111111111111111	11.11111111111111	0	32.338083338177725	7.622159339667059	100	0
chr12	14248916	14266688	Amillepora14127	39	1	0.02564102564102564	0.02564102564102564	2.5641025641025643	0	16.01281538050871	2.564102564102564	100	0
chr12	14279725	14285899	Amillepora14129	1	0	0	0	0	0	NA	NA	0	0
chr12	14210522	14218409	Amillepora14122	10	4	0.4	0.4	40	0	51.63977794943222	16.329931618554518	100	0
chr12	14311400	14314564	Amillepora14132	6	1	0.16666666666666666	0.16666666666666666	16.666666666666668	0	40.8248290463863	16.66666666666667	100	0
chr12	14291885	14297938	Amillepora14130	1	0	0	0	0	0	NA	NA	0	0
chr12	14326219	14336248	Amillepora14133	20	0	0	0	0	0	0	0	0	0
chr12	14303095	14309019	Amillepora14131	1	0	0	0	0	0	NA	NA	0	0
chr12	14428544	14434479	Amillepora14136	4	2	0.5	0.5	50	50	57.735026918962575	28.867513459481287	100	0
chr12	14434990	14441565	Amillepora14139	1	0	0	0	0	0	NA	NA	0	0
chr12	14477014	14485111	Amillepora14146	4	0	0	0	0	0	0	0	0	0
chr12	14454231	14465937	Amillepora14140	13	1	0.07692307692307693	0.07692307692307693	7.6923076923076925	0	27.735009811261456	7.6923076923076925	100	0
chr12	14394616	14418006	Amillepora14134	38	0	0	0	0	0	0	0	0	0
chr12	14420244	14422324	Amillepora14135	4	0	0	0	0	0	0	0	0	0
chr12	14489185	14494989	Amillepora14147	1	0	0	0	0	0	NA	NA	0	0
chr12	14524589	14528799	Amillepora14150	5	1	0.2	0.2	20	0	44.721359549995796	20	100	0
chr12	14500889	14514054	Amillepora14148	8	2	0.25	0.25	25	0	46.29100498862757	16.366341767699428	100	0
chr12	14524779	14531954	Amillepora14151	9	1	0.1111111111111111	0.1111111111111111	11.11111111111111	0	33.333333333333336	11.111111111111112	100	0
chr12	14551822	14563138	Amillepora14153	18	1	0.05555555555555555	0.05555555555555555	5.555555555555555	0	23.570226039551578	5.555555555555556	100	0
chr12	14563654	14568595	Amillepora14154	4	1	0.25	0.25	25	0	50	25	100	0
chr12	14631015	14637613	Amillepora14157	3	1	0.3333333333333333	0.3333333333333333	33.333333333333336	0	57.735026918962575	33.333333333333336	100	0
chr12	14569762	14630832	Amillepora14155	23	14	0.6086956521739131	0.6086956521739131	60.869565217391305	100	49.901087934784535	10.405096111532162	100	0
chr12	14750041	14751405	Amillepora14162	2	0	0	0	0	0	0	0	0	0
chr12	14752725	14757322	Amillepora14163	6	2	0.3333333333333333	0.3333333333333333	33.333333333333336	0	51.63977794943222	21.081851067789195	100	0
chr12	14729303	14747418	Amillepora14161	10	3	0.3	0.3	30	0	48.3045891539648	15.275252316519467	100	0
chr12	14700220	14725902	Amillepora14159	19	1	0.05263157894736842	0.05263157894736842	5.2631578947368425	0	22.941573387056184	5.263157894736841	100	0
chr12	14782893	14785135	Amillepora14167	4	1	0.25	0.25	25	0	50	25	100	0
chr12	14884978	14888065	Amillepora14179	1	0	0	0	0	0	NA	NA	0	0
chr12	14856656	14867032	Amillepora14175	1	0	0	0	0	0	NA	NA	0	0
chr12	14795780	14806713	Amillepora14170	4	3	0.75	0.75	75	100	50	25	100	0
chr12	14878776	14884571	Amillepora14178	2	0	0	0	0	0	0	0	0	0
chr12	14767212	14772459	Amillepora14165	1	0	0	0	0	0	NA	NA	0	0
chr12	14759421	14764057	Amillepora14164	3	0	0	0	0	0	0	0	0	0
chr12	14867661	14872710	Amillepora14176	3	2	0.6666666666666666	0.6666666666666666	66.66666666666667	100	57.73502691896258	33.333333333333336	100	0
chr12	14874307	14878837	Amillepora14177	2	0	0	0	0	0	0	0	0	0
chr12	14786169	14795741	Amillepora14168	4	2	0.5	0.5	50	50	57.735026918962575	28.867513459481287	100	0
chr12	14772057	14780917	Amillepora14166	1	1	1	1	100	100	NA	NA	100	100
chr12	14835385	14849378	Amillepora14173	8	5	0.625	0.625	62.5	100	51.75491695067657	18.298126367784995	100	0
chr12	14816681	14820910	Amillepora14172	2	0	0	0	0	0	0	0	0	0
chr12	14893940	14899417	Amillepora14180	3	0	0	0	0	0	0	0	0	0
chr12	14924224	14926755	Amillepora14181	1	0	0	0	0	0	NA	NA	0	0
chr12	14928863	14930840	Amillepora14182	1	0	0	0	0	0	NA	NA	0	0
chr12	14943733	14947673	Amillepora14184	1	0	0	0	0	0	NA	NA	0	0
chr12	14994687	14995583	Amillepora14189	1	0	0	0	0	0	NA	NA	0	0
chr12	15051102	15062185	Amillepora14197	5	0	0	0	0	0	0	0	0	0
chr12	14994969	15002023	Amillepora14190	1	0	0	0	0	0	NA	NA	0	0
chr12	15062945	15067282	Amillepora14198	3	0	0	0	0	0	0	0	0	0
chr12	15126597	15140727	Amillepora14202	1	1	1	1	100	100	NA	NA	100	100
chr12	15151378	15166632	Amillepora14208	8	1	0.125	0.125	12.5	0	35.35533905932738	12.5	100	0
chr12	15140775	15148169	Amillepora14203	8	1	0.125	0.125	12.5	0	35.35533905932738	12.5	100	0
chr12	15260766	15268757	Amillepora14216	2	0	0	0	0	0	0	0	0	0
chr12	15276542	15279576	Amillepora14219	1	0	0	0	0	0	NA	NA	0	0
chr12	15220071	15238690	Amillepora14213	2	0	0	0	0	0	0	0	0	0
chr12	15285481	15292046	Amillepora14220	1	0	0	0	0	0	NA	NA	0	0
chr12	15293217	15302325	Amillepora14221	5	0	0	0	0	0	0	0	0	0
chr12	15439630	15459961	Amillepora14232	4	0	0	0	0	0	0	0	0	0
chr12	15318854	15343963	Amillepora14225	18	0	0	0	0	0	0	0	0	0
chr12	15393652	15418490	Amillepora14228	3	0	0	0	0	0	0	0	0	0
chr12	15356476	15377053	Amillepora14226	8	0	0	0	0	0	0	0	0	0
chr12	15312619	15316414	Amillepora14224	3	0	0	0	0	0	0	0	0	0
chr12	15469260	15471139	Amillepora14235	3	0	0	0	0	0	0	0	0	0
chr12	15460380	15469139	Amillepora14234	2	0	0	0	0	0	0	0	0	0
chr12	15432595	15437197	Amillepora14230	2	0	0	0	0	0	0	0	0	0
chr12	15499384	15511056	Amillepora14238	6	0	0	0	0	0	0	0	0	0
chr12	15555916	15592356	Amillepora14243	10	2	0.2	0.2	20	0	42.16370213557839	13.333333333333332	100	0
chr12	15636024	15649224	Amillepora14246	2	0	0	0	0	0	0	0	0	0
chr12	15598940	15600825	Amillepora14244	3	0	0	0	0	0	0	0	0	0
chr12	15650439	15686460	Amillepora14248	10	0	0	0	0	0	0	0	0	0
chr12	15688740	15716812	Amillepora14249	10	0	0	0	0	0	0	0	0	0
chr12	15820915	15829897	Amillepora14255	3	0	0	0	0	0	0	0	0	0
chr12	15799680	15815072	Amillepora14254	3	0	0	0	0	0	0	0	0	0
chr12	15842879	15855413	Amillepora14257	23	2	0.08695652173913043	0.08695652173913043	8.695652173913043	0	28.810406552003034	6.007385040937022	100	0
chr12	15729585	15800680	Amillepora14252	17	0	0	0	0	0	0	0	0	0
chr12	15831838	15842420	Amillepora14256	3	0	0	0	0	0	0	0	0	0
chr12	15891046	15901194	Amillepora14261	10	1	0.1	0.1	10	0	31.622776601683793	10	100	0
chr12	15938092	15944790	Amillepora14263	4	0	0	0	0	0	0	0	0	0
chr12	15862885	15868366	Amillepora14258	2	1	0.5	0.5	50	50	70.71067811865476	50	100	0
chr12	15946406	15977538	Amillepora14264	27	1	0.037037037037037035	0.037037037037037035	3.7037037037037037	0	19.24500897298753	3.703703703703704	100	0
chr12	15868175	15870943	Amillepora14259	2	1	0.5	0.5	50	50	70.71067811865476	50	100	0
chr12	15872640	15890506	Amillepora14260	20	4	0.2	0.2	20	0	41.03913408340616	9.17662935482247	100	0
chr12	15908142	15909683	Amillepora14262	3	1	0.3333333333333333	0.3333333333333333	33.333333333333336	0	57.735026918962575	33.333333333333336	100	0
chr12	16032212	16051049	Amillepora14267	22	2	0.09090909090909091	0.09090909090909091	9.090909090909092	0	29.42449431682498	6.273323266748674	100	0
chr12	15998381	16012454	Amillepora14266	1	0	0	0	0	0	NA	NA	0	0
chr12	15985762	15994831	Amillepora14265	3	0	0	0	0	0	0	0	0	0
chr12	16136818	16150385	Amillepora14277	3	0	0	0	0	0	0	0	0	0
chr12	16168769	16183183	Amillepora14279	2	0	0	0	0	0	0	0	0	0
chr12	16076707	16084405	Amillepora14269	9	1	0.1111111111111111	0.1111111111111111	11.11111111111111	0	33.333333333333336	11.111111111111112	100	0
chr12	16084537	16101332	Amillepora14270	4	0	0	0	0	0	0	0	0	0
chr12	16127260	16131276	Amillepora14276	1	1	1	1	100	100	NA	NA	100	100
chr12	16098811	16100028	Amillepora14271	1	0	0	0	0	0	NA	NA	0	0
chr12	16074194	16074827	Amillepora14268	2	0	0	0	0	0	0	0	0	0
chr12	16101498	16102096	Amillepora14273	1	0	0	0	0	0	NA	NA	0	0
chr12	16207505	16225332	Amillepora14281	6	0	0	0	0	0	0	0	0	0
chr12	16250703	16271050	Amillepora14283	2	0	0	0	0	0	0	0	0	0
chr12	16192646	16207103	Amillepora14280	4	0	0	0	0	0	0	0	0	0
chr12	16225575	16242685	Amillepora14282	4	0	0	0	0	0	0	0	0	0
chr12	16382467	16389530	Amillepora14289	8	0	0	0	0	0	0	0	0	0
chr12	16301703	16312423	Amillepora14285	14	1	0.07142857142857142	0.07142857142857142	7.142857142857143	0	26.72612419124244	7.142857142857143	100	0
chr12	16357473	16375475	Amillepora14287	19	0	0	0	0	0	0	0	0	0
chr12	16288457	16301285	Amillepora14284	9	0	0	0	0	0	0	0	0	0
chr12	16350482	16357293	Amillepora14286	10	1	0.1	0.1	10	0	31.622776601683793	10	100	0
chr12	16461082	16470903	Amillepora14298	4	0	0	0	0	0	0	0	0	0
chr12	16440230	16454236	Amillepora14297	4	1	0.25	0.25	25	0	50	25	100	0
chr12	16397539	16400595	Amillepora14290	5	0	0	0	0	0	0	0	0	0
chr12	16428280	16431555	Amillepora14295	1	0	0	0	0	0	NA	NA	0	0
chr12	16432915	16433906	Amillepora14296	1	0	0	0	0	0	NA	NA	0	0
chr12	16469712	16475237	Amillepora14299	3	1	0.3333333333333333	0.3333333333333333	33.333333333333336	0	57.735026918962575	33.333333333333336	100	0
chr12	16412082	16427984	Amillepora14292	8	0	0	0	0	0	0	0	0	0
chr12	16407362	16411540	Amillepora14291	1	0	0	0	0	0	NA	NA	0	0
chr12	16552353	16569573	Amillepora14310	24	1	0.041666666666666664	0.041666666666666664	4.166666666666667	0	20.412414523193156	4.166666666666668	100	0
chr12	16497536	16520219	Amillepora14302	9	6	0.6666666666666666	0.6666666666666666	66.66666666666667	100	49.99999999999999	16.666666666666668	100	0
chr12	16532921	16539857	Amillepora14307	2	2	1	1	100	100	0	0	100	100
chr12	16528938	16532877	Amillepora14306	8	0	0	0	0	0	0	0	0	0
chr12	16484554	16491755	Amillepora14300	5	0	0	0	0	0	0	0	0	0
chr12	16523832	16525908	Amillepora14305	2	0	0	0	0	0	0	0	0	0
chr12	16521449	16522750	Amillepora14304	2	0	0	0	0	0	0	0	0	0
chr12	16542422	16547878	Amillepora14309	5	4	0.8	0.8	80	100	44.721359549995796	20	100	0
chr12	16570768	16592811	Amillepora14311	21	1	0.047619047619047616	0.045454545454545456	4.761904761904762	0	21.821789023599244	4.761904761904762	100	0
chr12	16612406	16635119	Amillepora14312	41	1	0.024390243902439025	0.024390243902439025	2.4390243902439024	0	15.617376188860607	2.439024390243903	100	0
chr12	16720928	16725941	Amillepora14317	11	0	0	0	0	0	0	0	0	0
chr12	16743027	16749005	Amillepora14319	10	0	0	0	0	0	0	0	0	0
chr12	16659807	16694055	Amillepora14313	34	2	0.058823529411764705	0.058823529411764705	5.882352941176471	0	23.883257361061283	4.095944846016419	100	0
chr12	16710076	16720911	Amillepora14315	6	0	0	0	0	0	0	0	0	0
chr12	16756135	16758927	Amillepora14322	2	0	0	0	0	0	0	0	0	0
chr12	16759467	16760759	Amillepora14323	4	0	0	0	0	0	0	0	0	0
chr12	16835713	16839841	Amillepora14328	2	2	1	1	100	100	0	0	100	100
chr12	16766978	16795086	Amillepora14325	54	2	0.037037037037037035	0.037037037037037035	3.7037037037037037	0	19.062587709298636	2.5940896147128703	100	0
chr12	16841280	16857935	Amillepora14329	10	1	0.1	0.1	10	0	31.622776601683793	10	100	0
chr12	16859444	16862086	Amillepora14330	2	0	0	0	0	0	0	0	0	0
chr12	16818136	16827748	Amillepora14326	2	1	0.5	0.5	50	50	70.71067811865476	50	100	0
chr12	16831207	16835554	Amillepora14327	3	2	0.6666666666666666	0.6666666666666666	66.66666666666667	100	57.73502691896258	33.333333333333336	100	0
chr12	16975589	16978737	Amillepora14341	1	0	0	0	0	0	NA	NA	0	0
chr12	16904980	16914477	Amillepora14333	1	0	0	0	0	0	NA	NA	0	0
chr12	16915636	16927134	Amillepora14334	2	0	0	0	0	0	0	0	0	0
chr12	16935151	16943450	Amillepora14336	1	0	0	0	0	0	NA	NA	0	0
chr12	16965621	16974838	Amillepora14340	1	0	0	0	0	0	NA	NA	0	0
chr12	16889657	16895462	Amillepora14332	6	0	0	0	0	0	0	0	0	0
chr12	17046893	17054646	Amillepora14349	1	0	0	0	0	0	NA	NA	0	0
chr12	17002892	17015961	Amillepora14345	1	0	0	0	0	0	NA	NA	0	0
chr12	17069249	17078347	Amillepora14351	2	1	0.5	0.5	50	50	70.71067811865476	50	100	0
chr12	16997017	17002771	Amillepora14344	1	0	0	0	0	0	NA	NA	0	0
chr12	17132616	17140032	Amillepora14356	1	0	0	0	0	0	NA	NA	0	0
chr12	17103677	17114968	Amillepora14354	1	1	1	1	100	100	NA	NA	100	100
chr12	17114720	17132495	Amillepora14355	4	3	0.75	0.75	75	100	50	25	100	0
chr12	17263505	17269195	Amillepora14369	4	0	0	0	0	0	0	0	0	0
chr12	17197149	17206361	Amillepora14361	1	1	1	1	100	100	NA	NA	100	100
chr12	17181233	17194066	Amillepora14360	1	1	1	1	100	100	NA	NA	100	100
chr12	17209743	17214687	Amillepora14362	1	0	0	0	0	0	NA	NA	0	0
chr12	17244069	17253836	Amillepora14368	1	0	0	0	0	0	NA	NA	0	0
chr12	17213126	17214052	Amillepora14363	1	0	0	0	0	0	NA	NA	0	0
chr12	17232792	17242931	Amillepora14367	8	4	0.5	0.5	50	50	53.45224838248488	18.89822365046136	100	0
chr12	17226902	17228384	Amillepora14366	1	0	0	0	0	0	NA	NA	0	0
chr12	17328539	17330836	Amillepora14373	4	0	0	0	0	0	0	0	0	0
chr12	17354427	17356042	Amillepora14376	1	0	0	0	0	0	NA	NA	0	0
chr12	17332107	17353252	Amillepora14374	5	0	0	0	0	0	0	0	0	0
chr12	17431261	17443872	Amillepora14383	26	2	0.07692307692307693	0.07407407407407407	7.6923076923076925	0	27.1746488194703	5.329387100211931	100	0
chr12	17368528	17386591	Amillepora14378	3	0	0	0	0	0	0	0	0	0
chr12	17464828	17472487	Amillepora14387	3	0	0	0	0	0	0	0	0	0
chr12	17410449	17424514	Amillepora14381	2	1	0.5	0.5	50	50	70.71067811865476	50	100	0
chr12	17446965	17464838	Amillepora14384	5	0	0	0	0	0	0	0	0	0
chr12	17508632	17528572	Amillepora14392	4	0	0	0	0	0	0	0	0	0
chr12	17473844	17492596	Amillepora14388	7	1	0.14285714285714285	0.14285714285714285	14.285714285714286	0	37.79644730092272	14.285714285714285	100	0
chr12	17536647	17539355	Amillepora14394	2	0	0	0	0	0	0	0	0	0
chr12	17572375	17574777	Amillepora14398	2	0	0	0	0	0	0	0	0	0
chr12	17657810	17660909	Amillepora14404	2	1	0.5	0.5	50	50	70.71067811865476	50	100	0
chr12	17618480	17625254	Amillepora14401	9	0	0	0	0	0	0	0	0	0
chr12	17587498	17615902	Amillepora14400	6	3	0.5	0.5	50	50	54.772255750516614	22.3606797749979	100	0
chr12	17719673	17725960	Amillepora14408	9	8	0.8888888888888888	0.8888888888888888	88.88888888888889	100	33.333333333333336	11.111111111111112	100	0
chr12	17697564	17713978	Amillepora14407	18	3	0.16666666666666666	0.16666666666666666	16.666666666666668	0	38.34824944236851	9.03876907577734	100	0
chr12	17626986	17657402	Amillepora14402	27	0	0	0	0	0	0	0	0	0
chr12	17665717	17694271	Amillepora14406	26	2	0.07692307692307693	0.07692307692307693	7.6923076923076925	0	27.1746488194703	5.329387100211931	100	0
chr12	17745901	17750821	Amillepora14409	3	1	0.3333333333333333	0.3333333333333333	33.333333333333336	0	57.735026918962575	33.333333333333336	100	0
chr12	17786493	17790770	Amillepora14412	2	1	0.5	0.6666666666666666	50	50	70.71067811865476	50	100	0
chr12	17802409	17802837	Amillepora14414	2	0	0	0	0	0	0	0	0	0
chr12	17792592	17799543	Amillepora14413	5	0	0	0	0	0	0	0	0	0
chr12	17818764	17825177	Amillepora14417	7	0	0	0	0	0	0	0	0	0
chr12	17840963	17857755	Amillepora14420	22	1	0.045454545454545456	0.045454545454545456	4.545454545454546	0	21.32007163556104	4.545454545454545	100	0
chr12	17757262	17783666	Amillepora14411	36	2	0.05555555555555555	0.05555555555555555	5.555555555555555	0	23.231068414572313	3.8718447357620533	100	0
chr12	17804041	17810341	Amillepora14415	3	0	0	0	0	0	0	0	0	0
chr12	17811989	17815823	Amillepora14416	9	0	0	0	0	0	0	0	0	0
chr12	17827359	17840820	Amillepora14418	24	2	0.08333333333333333	0.08333333333333333	8.333333333333334	0	28.23298512866401	5.763033956734373	100	0
chr12	17874587	17907230	Amillepora14422	65	0	0	0	0	0	0	0	0	0
chr12	17952116	17981920	Amillepora14426	79	1	0.012658227848101266	0.012658227848101266	1.2658227848101267	0	11.250879009260236	1.2658227848101267	100	0
chr12	17913734	17951235	Amillepora14424	88	2	0.022727272727272728	0.022727272727272728	2.272727272727273	0	14.98867562775944	1.5977981905300969	100	0
chr12	17863762	17873270	Amillepora14421	23	0	0	0	0	0	0	0	0	0
chr12	17908109	17913253	Amillepora14423	10	0	0	0	0	0	0	0	0	0
chr12	17951621	17951923	Amillepora14425	1	0	0	0	0	0	NA	NA	0	0
chr12	18020080	18023165	Amillepora14429	7	0	0	0	0	0	0	0	0	0
chr12	18002580	18009651	Amillepora14428	10	0	0	0	0	0	0	0	0	0
chr12	18026695	18032593	Amillepora14430	1	1	1	1	100	100	NA	NA	100	100
chr12	17982478	18002445	Amillepora14427	8	2	0.25	0.25	25	0	46.29100498862757	16.366341767699428	100	0
chr12	18044764	18054181	Amillepora14432	1	0	0	0	0	0	NA	NA	0	0
chr12	18149249	18161597	Amillepora14444	1	0	0	0	0	0	NA	NA	0	0
chr12	18162560	18166471	Amillepora14445	2	0	0	0	0	0	0	0	0	0
chr12	18107362	18110768	Amillepora14440	1	0	0	0	0	0	NA	NA	0	0
chr12	18095052	18099782	Amillepora14439	7	0	0	0	0	0	0	0	0	0
chr12	18130283	18134955	Amillepora14441	2	0	0	0	0	0	0	0	0	0
chr12	18140447	18141562	Amillepora14443	1	0	0	0	0	0	NA	NA	0	0
chr12	18246602	18251064	Amillepora14456	1	1	1	1	100	100	NA	NA	100	100
chr12	18212949	18217960	Amillepora14452	1	0	0	0	0	0	NA	NA	0	0
chr12	18188953	18199686	Amillepora14449	10	0	0	0	0	0	0	0	0	0
chr12	18258528	18271334	Amillepora14458	3	1	0.3333333333333333	0.3333333333333333	33.333333333333336	0	57.735026918962575	33.333333333333336	100	0
chr12	18277769	18282953	Amillepora14462	3	0	0	0	0	0	0	0	0	0
chr12	18168151	18169503	Amillepora14446	4	1	0.25	0.25	25	0	50	25	100	0
chr12	18175233	18176567	Amillepora14447	4	0	0	0	0	0	0	0	0	0
chr12	18177145	18188643	Amillepora14448	3	0	0	0	0	0	0	0	0	0
chr12	18311736	18321114	Amillepora14467	6	2	0.3333333333333333	0.3333333333333333	33.333333333333336	0	51.63977794943222	21.081851067789195	100	0
chr12	18324662	18328790	Amillepora14469	3	0	0	0	0	0	0	0	0	0
chr12	18283137	18291554	Amillepora14464	12	1	0.08333333333333333	0.08333333333333333	8.333333333333334	0	28.867513459481298	8.333333333333334	100	0
chr12	18238377	18246481	Amillepora14454	4	1	0.25	0.25	25	0	50	25	100	0
chr12	18370835	18383365	Amillepora14474	22	0	0	0	0	0	0	0	0	0
chr12	18251196	18253404	Amillepora14457	4	2	0.5	0.5	50	50	57.735026918962575	28.867513459481287	100	0
chr12	18329388	18366898	Amillepora14471	50	0	0	0	0	0	0	0	0	0
chr12	18270392	18277644	Amillepora14460	3	0	0	0	0	0	0	0	0	0
chr12	18295604	18297463	Amillepora14466	1	0	0	0	0	0	NA	NA	0	0
chr12	18444278	18453409	Amillepora14479	10	2	0.2	0.2	20	0	42.16370213557839	13.333333333333332	100	0
chr12	18383396	18391666	Amillepora14475	5	2	0.4	0.4	40	0	54.772255750516614	24.49489742783178	100	0
chr12	18417668	18437190	Amillepora14477	29	2	0.06896551724137931	0.06896551724137931	6.896551724137931	0	25.788071477756386	4.788724653995956	100	0
chr12	18439056	18443949	Amillepora14478	4	3	0.75	0.75	75	100	50	25	100	0
chr12	18392586	18415425	Amillepora14476	18	4	0.2222222222222222	0.2222222222222222	22.22222222222222	0	42.77926319464986	10.08316903303367	100	0
chr12	18518417	18522306	Amillepora14480	7	2	0.2857142857142857	0.2857142857142857	28.571428571428573	0	48.79500364742666	18.442777839082936	100	0
chr12	18539539	18542402	Amillepora14482	3	1	0.3333333333333333	0.3333333333333333	33.333333333333336	0	57.735026918962575	33.333333333333336	100	0
chr12	18559491	18570247	Amillepora14485	9	0	0	0	0	0	0	0	0	0
chr12	18522149	18539485	Amillepora14481	11	1	0.09090909090909091	0.09090909090909091	9.090909090909092	0	30.151134457776354	9.09090909090909	100	0
chr12	18542958	18545611	Amillepora14484	2	0	0	0	0	0	0	0	0	0
chr12	18613339	18642987	Amillepora14488	55	3	0.05454545454545454	0.05454545454545454	5.454545454545454	0	22.918388365077632	3.0903148567229	100	0
chr12	18669319	18674248	Amillepora14493	13	0	0	0	0	0	0	0	0	0
chr12	18598503	18606159	Amillepora14487	13	0	0	0	0	0	0	0	0	0
chr12	18658228	18664233	Amillepora14492	5	0	0	0	0	0	0	0	0	0
chr12	18648488	18653506	Amillepora14489	4	0	0	0	0	0	0	0	0	0
chr12	18581163	18596721	Amillepora14486	11	0	0	0	0	0	0	0	0	0
chr12	18678593	18680495	Amillepora14494	2	0	0	0	0	0	0	0	0	0
chr12	18691426	18724550	Amillepora14495	62	0	0	0	0	0	0	0	0	0
chr12	18761241	18776387	Amillepora14503	9	3	0.3333333333333333	0.3333333333333333	33.333333333333336	0	50	16.666666666666668	100	0
chr12	18725577	18740941	Amillepora14498	8	0	0	0	0	0	0	0	0	0
chr12	18750065	18757316	Amillepora14501	10	0	0	0	0	0	0	0	0	0
chr12	18759670	18760722	Amillepora14502	2	0	0	0	0	0	0	0	0	0
chr12	18745040	18746796	Amillepora14499	2	1	0.5	0.5	50	50	70.71067811865476	50	100	0
chr12	18804707	18811226	Amillepora14506	4	0	0	0	0	0	0	0	0	0
chr12	18813890	18853447	Amillepora14507	64	1	0.015625	0.015384615384615385	1.5625	0	12.5	1.5625	100	0
chr12	18786065	18801002	Amillepora14505	15	0	0	0	0	0	0	0	0	0
chr12	18782398	18784407	Amillepora14504	8	0	0	0	0	0	0	0	0	0
chr12	18959289	18965313	Amillepora14514	6	1	0.16666666666666666	0.16666666666666666	16.666666666666668	0	40.8248290463863	16.66666666666667	100	0
chr12	18908982	18915707	Amillepora14511	5	0	0	0	0	0	0	0	0	0
chr12	18865153	18890743	Amillepora14508	21	0	0	0	0	0	0	0	0	0
chr12	18917249	18939543	Amillepora14512	41	2	0.04878048780487805	0.047619047619047616	4.878048780487805	0	21.808478995509102	3.405912205797303	100	0
chr12	18939567	18953885	Amillepora14513	22	1	0.045454545454545456	0.045454545454545456	4.545454545454546	0	21.320071635561042	4.545454545454545	100	0
chr12	18890767	18904732	Amillepora14510	13	0	0	0	0	0	0	0	0	0
chr12	18975420	19026142	Amillepora14515	45	4	0.08888888888888889	0.10869565217391304	8.88888888888889	0	28.77990320141518	4.290254662948546	100	0
chr12	19031410	19046132	Amillepora14519	1	1	1	1	100	100	NA	NA	100	100
chr12	19101644	19115028	Amillepora14527	2	0	0	0	0	0	0	0	0	0
chr12	19081915	19084771	Amillepora14525	1	0	0	0	0	0	NA	NA	0	0
chr12	19071481	19075798	Amillepora14522	1	0	0	0	0	0	NA	NA	0	0
chr12	19115031	19121414	Amillepora14528	3	0	0	0	0	0	0	0	0	0
chr12	19085226	19094767	Amillepora14526	3	0	0	0	0	0	0	0	0	0
chr12	19121841	19140239	Amillepora14529	10	0	0	0	0	0	0	0	0	0
chr12	19161507	19171175	Amillepora14531	2	0	0	0	0	0	0	0	0	0
chr12	19285345	19287541	Amillepora14542	4	0	0	0	0	0	0	0	0	0
chr12	19255761	19258460	Amillepora14539	6	0	0	0	0	0	0	0	0	0
chr12	19195114	19209794	Amillepora14534	1	0	0	0	0	0	NA	NA	0	0
chr12	19270122	19273823	Amillepora14540	4	0	0	0	0	0	0	0	0	0
chr12	19238694	19246302	Amillepora14538	6	1	0.16666666666666666	0.16666666666666666	16.666666666666668	0	40.82482904638629	16.66666666666667	100	0
chr12	19227098	19238186	Amillepora14537	17	3	0.17647058823529413	0.17647058823529413	17.647058823529413	0	39.295262399668786	9.530501027070382	100	0
chr12	19347781	19357617	Amillepora14546	8	0	0	0	0	0	0	0	0	0
chr12	19340750	19346751	Amillepora14545	6	1	0.16666666666666666	0.16666666666666666	16.666666666666668	0	40.8248290463863	16.66666666666667	100	0
chr12	19354859	19371195	Amillepora14547	12	2	0.16666666666666666	0.16666666666666666	16.666666666666668	0	38.92494720807615	11.236664374387368	100	0
chr12	19380251	19431218	Amillepora14548	22	1	0.045454545454545456	0.045454545454545456	4.545454545454546	0	21.32007163556104	4.545454545454545	100	0
chr12	19458498	19487583	Amillepora14553	15	0	0	0	0	0	0	0	0	0
chr12	19436861	19441223	Amillepora14550	4	0	0	0	0	0	0	0	0	0
chr12	19449659	19454895	Amillepora14552	1	0	0	0	0	0	NA	NA	0	0
chr12	19488191	19495687	Amillepora14554	4	0	0	0	0	0	0	0	0	0
chr12	19656271	19662645	Amillepora14565	1	1	1	1	100	100	NA	NA	100	100
chr12	19608701	19654312	Amillepora14563	14	0	0	0	0	0	0	0	0	0
chr12	19570425	19590889	Amillepora14560	4	2	0.5	0.5	50	50	57.735026918962575	28.867513459481287	100	0
chr12	19668047	19675719	Amillepora14567	1	0	0	0	0	0	NA	NA	0	0
chr12	19498851	19517158	Amillepora14556	4	0	0	0	0	0	0	0	0	0
chr12	19605585	19608383	Amillepora14562	2	1	0.5	0.5	50	50	70.71067811865476	50	100	0
chr12	19591155	19592977	Amillepora14561	1	0	0	0	0	0	NA	NA	0	0
chr12	19727661	19731716	Amillepora14574	1	0	0	0	0	0	NA	NA	0	0
chr12	19680133	19696628	Amillepora14569	7	0	0	0	0	0	0	0	0	0
chr12	19703160	19726262	Amillepora14571	3	0	0	0	0	0	0	0	0	0
chr12	19732676	19739079	Amillepora14575	1	1	1	1	100	100	NA	NA	100	100
chr12	19741038	19789413	Amillepora14576	18	1	0.05555555555555555	0.05555555555555555	5.555555555555555	0	23.570226039551578	5.555555555555556	100	0
chr12	19718946	19727341	Amillepora14572	2	0	0	0	0	0	0	0	0	0
chr12	19702084	19710627	Amillepora14570	1	0	0	0	0	0	NA	NA	0	0
chr12	19896719	19904567	Amillepora14586	3	0	0	0	0	0	0	0	0	0
chr12	19936162	19940878	Amillepora14588	2	0	0	0	0	0	0	0	0	0
chr12	19905177	19932328	Amillepora14587	4	1	0.25	0.25	25	0	50	25	100	0
chr12	19875709	19893252	Amillepora14584	3	0	0	0	0	0	0	0	0	0
chr12	19948616	19953148	Amillepora14590	1	0	0	0	0	0	NA	NA	0	0
chr12	20008034	20033801	Amillepora14593	7	0	0	0	0	0	0	0	0	0
chr12	20034297	20046061	Amillepora14594	9	1	0.1111111111111111	0.1111111111111111	11.11111111111111	0	33.333333333333336	11.111111111111112	100	0
chr12	19959344	20012030	Amillepora14591	11	0	0	0	0	0	0	0	0	0
chr12	20063188	20066478	Amillepora14600	1	0	0	0	0	0	NA	NA	0	0
chr12	20068721	20079672	Amillepora14601	1	0	0	0	0	0	NA	NA	0	0
chr12	20079825	20098547	Amillepora14603	6	1	0.16666666666666666	0.16666666666666666	16.666666666666668	0	40.82482904638629	16.66666666666667	100	0
chr12	20132776	20156574	Amillepora14606	7	0	0	0	0	0	0	0	0	0
chr12	20165755	20167858	Amillepora14610	3	0	0	0	0	0	0	0	0	0
chr12	20170704	20189297	Amillepora14611	6	4	0.6666666666666666	0.6666666666666666	66.66666666666667	100	51.63977794943223	21.081851067789195	100	0
chr12	20271334	20284294	Amillepora14620	2	1	0.5	0.5	50	50	70.71067811865476	50	100	0
chr12	20251268	20254370	Amillepora14616	1	0	0	0	0	0	NA	NA	0	0
chr12	20236170	20239853	Amillepora14615	1	0	0	0	0	0	NA	NA	0	0
chr12	20319104	20349763	Amillepora14624	7	1	0.14285714285714285	0.14285714285714285	14.285714285714286	0	37.79644730092272	14.285714285714285	100	0
chr12	20301482	20312984	Amillepora14623	3	1	0.3333333333333333	0.3333333333333333	33.333333333333336	0	57.735026918962575	33.333333333333336	100	0
chr12	20394676	20405306	Amillepora14626	3	0	0	0	0	0	0	0	0	0
chr12	20449115	20453914	Amillepora14632	2	1	0.5	0.5	50	50	70.71067811865476	50	100	0
chr12	20457136	20462328	Amillepora14633	4	0	0	0	0	0	0	0	0	0
chr12	20479136	20480428	Amillepora14635	1	0	0	0	0	0	NA	NA	0	0
chr12	20425287	20438967	Amillepora14629	3	2	0.6666666666666666	0.6666666666666666	66.66666666666667	100	57.735026918962575	33.333333333333336	100	0
chr12	20362793	20394116	Amillepora14625	8	1	0.125	0.125	12.5	0	35.35533905932738	12.5	100	0
chr12	20411290	20419266	Amillepora14627	1	1	1	1	100	100	NA	NA	100	100
chr12	20470952	20478095	Amillepora14634	2	0	0	0	0	0	0	0	0	0
chr12	20522414	20530950	Amillepora14639	6	0	0	0	0	0	0	0	0	0
chr12	20560669	20564844	Amillepora14643	2	1	0.5	0.5	50	50	70.71067811865476	50	100	0
chr12	20501135	20517768	Amillepora14637	3	1	0.3333333333333333	0.3333333333333333	33.333333333333336	0	57.735026918962575	33.333333333333336	100	0
chr12	20518626	20522291	Amillepora14638	2	1	0.5	0.5	50	50	70.71067811865476	50	100	0
chr12	20530701	20553766	Amillepora14641	5	1	0.2	0.2	20	0	44.721359549995796	20	100	0
chr12	20666983	20678457	Amillepora14653	3	0	0	0	0	0	0	0	0	0
chr12	20589220	20607665	Amillepora14644	8	2	0.25	0.25	25	0	46.29100498862757	16.366341767699428	100	0
chr12	20659691	20666883	Amillepora14652	1	1	1	1	100	100	NA	NA	100	100
chr12	20652068	20659170	Amillepora14651	1	0	0	0	0	0	NA	NA	0	0
chr12	20759213	20763985	Amillepora14663	11	0	0	0	0	0	0	0	0	0
chr12	20724850	20732340	Amillepora14660	5	0	0	0	0	0	0	0	0	0
chr12	20742820	20753420	Amillepora14662	16	1	0.0625	0.0625	6.25	0	25	6.25	100	0
chr12	20734589	20741736	Amillepora14661	21	1	0.047619047619047616	0.047619047619047616	4.761904761904762	0	21.821789023599244	4.761904761904762	100	0
chr12	20765534	20773771	Amillepora14664	4	2	0.5	0.5	50	50	57.735026918962575	28.867513459481287	100	0
chr12	20707738	20713305	Amillepora14659	9	0	0	0	0	0	0	0	0	0
chr12	20679416	20703584	Amillepora14657	8	1	0.125	0.125	12.5	0	35.35533905932738	12.5	100	0
chr12	20855547	20868809	Amillepora14677	19	0	0	0	0	0	0	0	0	0
chr12	20823575	20833671	Amillepora14673	9	1	0.1111111111111111	0.1111111111111111	11.11111111111111	0	33.333333333333336	11.111111111111112	100	0
chr12	20834778	20838079	Amillepora14674	1	0	0	0	0	0	NA	NA	0	0
chr12	20793581	20796567	Amillepora14670	4	0	0	0	0	0	0	0	0	0
chr12	20784177	20785925	Amillepora14668	2	0	0	0	0	0	0	0	0	0
chr12	20788542	20790733	Amillepora14669	2	0	0	0	0	0	0	0	0	0
chr12	20774432	20776045	Amillepora14666	3	0	0	0	0	0	0	0	0	0
chr12	20871361	20884343	Amillepora14678	14	2	0.14285714285714285	0.14285714285714285	14.285714285714286	0	36.313651960128155	9.705231721239393	100	0
chr12	20797310	20833024	Amillepora14671	36	1	0.027777777777777776	0.027777777777777776	2.7777777777777777	0	16.666666666666664	2.777777777777778	100	0
chr12	20843434	20847932	Amillepora14676	16	0	0	0	0	0	0	0	0	0
chr12	20776536	20781044	Amillepora14667	4	0	0	0	0	0	0	0	0	0
chr12	20908307	20911247	Amillepora14681	1	1	1	1	100	100	NA	NA	100	100
chr12	20936897	20941817	Amillepora14683	15	0	0	0	0	0	0	0	0	0
chr12	20947273	20962359	Amillepora14684	22	1	0.045454545454545456	0.045454545454545456	4.545454545454546	0	21.32007163556104	4.545454545454545	100	0
chr12	20895235	20908208	Amillepora14680	24	3	0.125	0.125	12.5	0	33.78319623460881	6.89596605459213	100	0
chr12	20908359	20935270	Amillepora14682	30	1	0.03333333333333333	0.03333333333333333	3.3333333333333335	0	18.257418583505544	3.333333333333333	100	0
chr12	20968336	20974686	Amillepora14686	6	0	0	0	0	0	0	0	0	0
chr12	21041088	21044892	Amillepora14693	1	0	0	0	0	0	NA	NA	0	0
chr12	21012915	21016302	Amillepora14690	1	1	1	1	100	100	NA	NA	100	100
chr12	21071858	21086709	Amillepora14695	20	4	0.2	0.2	20	0	41.03913408340616	9.17662935482247	100	0
chr12	20975390	20984531	Amillepora14687	5	0	0	0	0	0	0	0	0	0
chr12	20990176	20992609	Amillepora14689	1	1	1	1	100	100	NA	NA	100	100
chr12	21056452	21060621	Amillepora14694	1	0	0	0	0	0	NA	NA	0	0
chr12	20987516	21012869	Amillepora14688	32	1	0.03125	0.03125	3.125	0	17.67766952966369	3.125	100	0
chr12	21020163	21035269	Amillepora14692	1	1	1	1	100	100	NA	NA	100	100
chr12	21131043	21133208	Amillepora14702	1	1	1	1	100	100	NA	NA	100	100
chr12	21095631	21102757	Amillepora14697	2	1	0.5	0.5	50	50	70.71067811865476	50	100	0
chr12	21116378	21122835	Amillepora14700	18	0	0	0	0	0	0	0	0	0
chr12	21148494	21150428	Amillepora14705	2	0	0	0	0	0	0	0	0	0
chr12	21087474	21095551	Amillepora14696	4	0	0	0	0	0	0	0	0	0
chr12	21152134	21158123	Amillepora14706	2	1	0.5	0.5	50	50	70.71067811865476	50	100	0
chr12	21145590	21147999	Amillepora14704	3	0	0	0	0	0	0	0	0	0
chr12	21123703	21130874	Amillepora14701	9	0	0	0	0	0	0	0	0	0
chr12	21107649	21116282	Amillepora14699	1	0	0	0	0	0	NA	NA	0	0
chr12	21178566	21196987	Amillepora14707	11	2	0.18181818181818182	0.18181818181818182	18.181818181818183	0	40.45199174779453	12.196734422726125	100	0
chr12	21202283	21221877	Amillepora14708	20	3	0.15	0.15	15	0	36.634754853252325	8.191780219091253	100	0
chr12	21264674	21266390	Amillepora14714	1	0	0	0	0	0	NA	NA	0	0
chr12	21231600	21236909	Amillepora14709	8	0	0	0	0	0	0	0	0	0
chr12	21237499	21246703	Amillepora14710	10	0	0	0	0	0	0	0	0	0
chr12	21249330	21254697	Amillepora14711	15	0	0	0	0	0	0	0	0	0
chr12	21254906	21255846	Amillepora14712	1	0	0	0	0	0	NA	NA	0	0
chr12	21273262	21306721	Amillepora14715	34	2	0.058823529411764705	0.058823529411764705	5.882352941176471	0	23.883257361061283	4.095944846016419	100	0
chr12	21317566	21398959	Amillepora14716	52	0	0	0	0	0	0	0	0	0
chr12	21465945	21476991	Amillepora14726	11	1	0.09090909090909091	0.09090909090909091	9.090909090909092	0	30.151134457776354	9.09090909090909	100	0
chr12	21460873	21465782	Amillepora14725	5	0	0	0	0	0	0	0	0	0
chr12	21456786	21459458	Amillepora14724	1	0	0	0	0	0	NA	NA	0	0
chr12	21619876	21632628	Amillepora14729	6	4	0.6666666666666666	0.6666666666666666	66.66666666666667	100	51.63977794943223	21.081851067789195	100	0
chr12	21649618	21679965	Amillepora14733	36	2	0.05555555555555555	0.05555555555555555	5.555555555555555	0	23.231068414572313	3.8718447357620533	100	0
chr12	21639501	21642773	Amillepora14730	6	0	0	0	0	0	0	0	0	0
chr12	21644156	21649449	Amillepora14731	1	0	0	0	0	0	NA	NA	0	0
chr12	21590988	21604865	Amillepora14727	11	0	0	0	0	0	0	0	0	0
chr12	21605536	21608566	Amillepora14728	4	0	0	0	0	0	0	0	0	0
chr12	21725185	21746426	Amillepora14735	20	4	0.2	0.2	20	0	41.03913408340616	9.17662935482247	100	0
chr12	21682180	21696959	Amillepora14734	8	1	0.125	0.125	12.5	0	35.35533905932738	12.5	100	0
chr12	21752047	21799909	Amillepora14738	87	7	0.08045977011494253	0.08045977011494253	8.045977011494253	0	27.35805142573968	2.9330909862272554	100	0
chr12	21805024	21830864	Amillepora14740	12	4	0.3333333333333333	0.3333333333333333	33.333333333333336	0	49.23659639173309	14.213381090374028	100	0
chr12	21831987	21840380	Amillepora14741	4	3	0.75	0.75	75	100	50	25	100	0
chr12	21939387	21941745	Amillepora14748	1	0	0	0	0	0	NA	NA	0	0
chr12	21963879	21968687	Amillepora14751	1	1	1	1	100	100	NA	NA	100	100
chr12	21942064	21946924	Amillepora14749	5	0	0	0	0	0	0	0	0	0
chr12	21889925	21896888	Amillepora14744	7	4	0.5714285714285714	0.5714285714285714	57.142857142857146	100	53.45224838248488	20.203050891044217	100	0
chr12	21897782	21909203	Amillepora14745	18	1	0.05555555555555555	0.05555555555555555	5.555555555555555	0	23.570226039551578	5.555555555555556	100	0
chr12	21948276	21962906	Amillepora14750	19	2	0.10526315789473684	0.10526315789473684	10.526315789473685	0	31.530176764230585	7.233518641434491	100	0
chr12	21925865	21939271	Amillepora14747	10	1	0.1	0.1	10	0	31.622776601683793	10	100	0
chr12	21855802	21888980	Amillepora14742	46	0	0	0	0	0	0	0	0	0
chr12	21910327	21922013	Amillepora14746	18	0	0	0	0	0	0	0	0	0
chr12	21998539	22021681	Amillepora14754	19	0	0	0	0	0	0	0	0	0
chr12	22075805	22081323	Amillepora14757	6	1	0.16666666666666666	0.16666666666666666	16.666666666666668	0	40.82482904638629	16.66666666666667	100	0
chr12	21989700	21996838	Amillepora14753	6	0	0	0	0	0	0	0	0	0
chr12	22031451	22052607	Amillepora14756	22	1	0.045454545454545456	0.045454545454545456	4.545454545454546	0	21.320071635561042	4.545454545454545	100	0
chr12	22116817	22144555	Amillepora14760	35	3	0.08571428571428572	0.08333333333333333	8.571428571428571	0	28.402864099869056	4.800960288096033	100	0
chr12	22147950	22154856	Amillepora14762	4	2	0.5	0.5	50	50	57.735026918962575	28.867513459481287	100	0
chr12	22084593	22096228	Amillepora14758	20	2	0.1	0.1	10	0	30.779350562554622	6.882472016116853	100	0
chr12	22100187	22113759	Amillepora14759	18	0	0	0	0	0	0	0	0	0
chr12	22163506	22176701	Amillepora14763	7	2	0.2857142857142857	0.2857142857142857	28.571428571428573	0	48.79500364742666	18.442777839082936	100	0
chr12	22181687	22198138	Amillepora14764	20	3	0.15	0.15	15	0	36.634754853252325	8.191780219091253	100	0
chr12	22236950	22256335	Amillepora14766	22	1	0.045454545454545456	0.043478260869565216	4.545454545454546	0	21.320071635561042	4.545454545454545	100	0
chr12	22223975	22236854	Amillepora14765	8	1	0.125	0.125	12.5	0	35.35533905932738	12.5	100	0
chr12	22364190	22365806	Amillepora14775	1	0	0	0	0	0	NA	NA	0	0
chr12	22333322	22345252	Amillepora14768	14	0	0	0	0	0	0	0	0	0
chr12	22352560	22362029	Amillepora14771	2	1	0.5	0.5	50	50	70.71067811865476	50	100	0
chr12	22344735	22347314	Amillepora14769	3	1	0.3333333333333333	0.3333333333333333	33.333333333333336	0	57.735026918962575	33.333333333333336	100	0
chr12	22270782	22330084	Amillepora14767	73	2	0.0273972602739726	0.0273972602739726	2.73972602739726	0	16.436770598316283	1.923778487026566	100	0
chr12	22447255	22456797	Amillepora14781	3	2	0.6666666666666666	0.6666666666666666	66.66666666666667	100	57.73502691896258	33.333333333333336	100	0
chr12	22460585	22467386	Amillepora14784	4	2	0.5	0.5	50	50	57.735026918962575	28.867513459481287	100	0
chr12	22420453	22428544	Amillepora14780	8	4	0.5	0.5	50	50	53.45224838248488	18.89822365046136	100	0
chr12	22378518	22404058	Amillepora14777	42	5	0.11904761904761904	0.11904761904761904	11.904761904761905	0	32.77700675615679	5.0576019442051114	100	0
chr12	22478500	22485412	Amillepora14785	6	1	0.16666666666666666	0.16666666666666666	16.666666666666668	0	40.8248290463863	16.66666666666667	100	0
chr12	22406681	22417447	Amillepora14779	11	1	0.09090909090909091	0.09090909090909091	9.090909090909092	0	30.151134457776354	9.09090909090909	100	0
chr12	22485488	22499579	Amillepora14786	15	2	0.13333333333333333	0.13333333333333333	13.333333333333334	0	35.18657752744984	9.085135251589959	100	0
chr12	22499935	22501643	Amillepora14787	2	0	0	0	0	0	0	0	0	0
chr12	22548451	22571362	Amillepora14791	60	1	0.016666666666666666	0.016666666666666666	1.6666666666666667	0	12.909944487358045	1.6666666666666665	100	0
chr12	22502900	22528204	Amillepora14788	29	4	0.13793103448275862	0.13793103448275862	13.793103448275861	0	35.09312031717982	6.516628844986676	100	0
chr12	22532809	22545596	Amillepora14790	3	1	0.3333333333333333	0.5	33.333333333333336	0	57.735026918962575	33.333333333333336	100	0
chr12	22666017	22671290	Amillepora14797	11	1	0.09090909090909091	0.09090909090909091	9.090909090909092	0	30.15113445777636	9.09090909090909	100	0
chr12	22654329	22663516	Amillepora14796	3	0	0	0	0	0	0	0	0	0
chr12	22588085	22603525	Amillepora14792	19	0	0	0	0	0	0	0	0	0
chr12	22635252	22651626	Amillepora14795	29	1	0.034482758620689655	0.034482758620689655	3.4482758620689653	0	18.569533817705192	3.4482758620689653	100	0
chr12	22612063	22623936	Amillepora14793	15	2	0.13333333333333333	0.13333333333333333	13.333333333333334	0	35.18657752744984	9.085135251589959	100	0
chr12	22753376	22755969	Amillepora14806	1	0	0	0	0	0	NA	NA	0	0
chr12	22720188	22721589	Amillepora14800	3	0	0	0	0	0	0	0	0	0
chr12	22710788	22713682	Amillepora14798	3	0	0	0	0	0	0	0	0	0
chr12	22738649	22742556	Amillepora14803	4	2	0.5	0.5	50	50	57.735026918962575	28.867513459481287	100	0
chr12	22742695	22746928	Amillepora14804	6	1	0.16666666666666666	0.16666666666666666	16.666666666666668	0	40.8248290463863	16.66666666666667	100	0
chr12	22747660	22753216	Amillepora14805	7	2	0.2857142857142857	0.2857142857142857	28.571428571428573	0	48.79500364742666	18.442777839082936	100	0
chr12	22727335	22738478	Amillepora14801	9	2	0.2222222222222222	0.2222222222222222	22.22222222222222	0	44.09585518440984	14.698618394803281	100	0
chr12	22756450	22762421	Amillepora14807	10	0	0	0	0	0	0	0	0	0
chr12	22804313	22807106	Amillepora14809	1	1	1	1	100	100	NA	NA	100	100
chr12	22873506	22882669	Amillepora14814	2	2	1	1	100	100	0	0	100	100
chr12	22777463	22802783	Amillepora14808	21	3	0.14285714285714285	0.14285714285714285	14.285714285714286	0	35.856858280031815	7.824607964359516	100	0
chr12	22832141	22853747	Amillepora14810	32	0	0	0	0	0	0	0	0	0
chr12	22856761	22864525	Amillepora14811	1	0	0	0	0	0	NA	NA	0	0
chr12	22867767	22871480	Amillepora14813	3	1	0.3333333333333333	0.3333333333333333	33.333333333333336	0	57.735026918962575	33.333333333333336	100	0
chr12	22911220	22913057	Amillepora14821	1	0	0	0	0	0	NA	NA	0	0
chr12	22930433	22936903	Amillepora14823	1	0	0	0	0	0	NA	NA	0	0
chr12	22968541	22978544	Amillepora14830	25	1	0.04	0.04	4	0	20	4	100	0
chr12	22903587	22905700	Amillepora14820	1	0	0	0	0	0	NA	NA	0	0
chr12	22941067	22947370	Amillepora14825	2	1	0.5	0.5	50	50	70.71067811865476	50	100	0
chr12	22985680	22989345	Amillepora14831	6	0	0	0	0	0	0	0	0	0
chr12	22894448	22901496	Amillepora14819	3	2	0.6666666666666666	0.6666666666666666	66.66666666666667	100	57.735026918962575	33.333333333333336	100	0
chr12	22917231	22928326	Amillepora14822	4	1	0.25	0.25	25	0	50	25	100	0
chr12	22949293	22962075	Amillepora14826	20	3	0.15	0.15	15	0	36.634754853252325	8.191780219091253	100	0
chr12	22964830	22967811	Amillepora14828	2	0	0	0	0	0	0	0	0	0
chr12	23002709	23023227	Amillepora14835	24	0	0	0	0	0	0	0	0	0
chr12	23065690	23083906	Amillepora14839	14	2	0.14285714285714285	0.14285714285714285	14.285714285714286	0	36.31365196012815	9.705231721239393	100	0
chr12	23041663	23060495	Amillepora14837	14	4	0.2857142857142857	0.26666666666666666	28.571428571428573	0	46.88072309384955	12.529400275814705	100	0
chr12	23032763	23041141	Amillepora14836	4	1	0.25	0.25	25	0	50	25	100	0
chr12	23063109	23065667	Amillepora14838	1	0	0	0	0	0	NA	NA	0	0
chr12	22995024	22997407	Amillepora14833	6	1	0.16666666666666666	0.16666666666666666	16.666666666666668	0	40.82482904638629	16.66666666666667	100	0
chr12	22993099	22994905	Amillepora14832	5	0	0	0	0	0	0	0	0	0
chr12	23175548	23178805	Amillepora14845	3	0	0	0	0	0	0	0	0	0
chr12	23113318	23164716	Amillepora14844	49	2	0.04081632653061224	0.04	4.081632653061225	0	19.991494790174603	2.8559278271678004	100	0
chr12	23087325	23090291	Amillepora14840	7	0	0	0	0	0	0	0	0	0
chr12	23092578	23097133	Amillepora14841	5	0	0	0	0	0	0	0	0	0
chr12	23238999	23242079	Amillepora14856	5	0	0	0	0	0	0	0	0	0
chr12	23206113	23209918	Amillepora14849	5	0	0	0	0	0	0	0	0	0
chr12	23228006	23236544	Amillepora14854	3	3	1	1	100	100	0	0	100	100
chr12	23245259	23282763	Amillepora14857	18	0	0	0	0	0	0	0	0	0
chr12	23284119	23298957	Amillepora14858	14	1	0.07142857142857142	0.07142857142857142	7.142857142857143	0	26.726124191242445	7.142857142857143	100	0
chr12	23202103	23204953	Amillepora14848	2	0	0	0	0	0	0	0	0	0
chr12	23324885	23333121	Amillepora14861	10	0	0	0	0	0	0	0	0	0
chr12	23320171	23322272	Amillepora14860	2	0	0	0	0	0	0	0	0	0
chr12	23311284	23316766	Amillepora14859	4	1	0.25	0.25	25	0	50	25	100	0
chr12	23210552	23213097	Amillepora14850	3	0	0	0	0	0	0	0	0	0
chr12	23192997	23201781	Amillepora14847	9	1	0.1111111111111111	0.1111111111111111	11.11111111111111	0	33.333333333333336	11.111111111111112	100	0
chr12	23215978	23226820	Amillepora14851	4	1	0.25	0.25	25	0	50	25	100	0
chr12	23178781	23191355	Amillepora14846	6	3	0.5	0.5	50	50	54.772255750516614	22.3606797749979	100	0
chr13	15218	27351	Amillepora14863	18	2	0.1111111111111111	0.1111111111111111	11.11111111111111	0	32.33808333817772	7.622159339667059	100	0
chr13	38962	41729	Amillepora14865	3	0	0	0	0	0	0	0	0	0
chr13	28275	37939	Amillepora14864	9	2	0.2222222222222222	0.2222222222222222	22.22222222222222	0	44.09585518440984	14.698618394803281	100	0
chr13	69103	75005	Amillepora14870	2	1	0.5	0.5	50	50	70.71067811865476	50	100	0
chr13	5714	12285	Amillepora14862	7	0	0	0	0	0	0	0	0	0
chr13	78286	80184	Amillepora14872	1	1	1	1	100	100	NA	NA	100	100
chr13	41513	54872	Amillepora14866	32	0	0	0	0	0	0	0	0	0
chr13	82324	87162	Amillepora14874	3	2	0.6666666666666666	0.6666666666666666	66.66666666666667	100	57.73502691896258	33.333333333333336	100	0
chr13	147170	156042	Amillepora14879	5	3	0.6	0.6	60	100	54.772255750516614	24.49489742783178	100	0
chr13	87686	89482	Amillepora14875	2	1	0.5	0.5	50	50	70.71067811865476	50	100	0
chr13	108464	125343	Amillepora14877	29	2	0.06896551724137931	0.06896551724137931	6.896551724137931	0	25.788071477756368	4.788724653995956	100	0
chr13	59833	68492	Amillepora14869	1	1	1	1	100	100	NA	NA	100	100
chr13	55087	59482	Amillepora14867	2	1	0.5	0.5	50	50	70.71067811865476	50	100	0
chr13	163354	165564	Amillepora14881	5	0	0	0	0	0	0	0	0	0
chr13	157785	161717	Amillepora14880	12	0	0	0	0	0	0	0	0	0
chr13	90201	104330	Amillepora14876	5	5	1	1	100	100	0	0	100	100
chr13	126748	145636	Amillepora14878	16	0	0	0	0	0	0	0	0	0
chr13	226921	241843	Amillepora14889	18	5	0.2777777777777778	0.2777777777777778	27.77777777777778	0	46.08885989624768	10.86324845659782	100	0
chr13	165606	174259	Amillepora14882	14	0	0	0	0	0	0	0	0	0
chr13	176989	188918	Amillepora14883	11	3	0.2727272727272727	0.2727272727272727	27.272727272727273	0	46.70993664969137	14.083575804390607	100	0
chr13	190749	191642	Amillepora14884	2	0	0	0	0	0	0	0	0	0
chr13	219291	225308	Amillepora14888	2	2	1	1	100	100	0	0	100	100
chr13	194033	194887	Amillepora14885	4	0	0	0	0	0	0	0	0	0
chr13	242744	271453	Amillepora14891	30	2	0.06666666666666667	0.06666666666666667	6.666666666666667	0	25.370813170246258	4.632055558531008	100	0
chr13	195543	203606	Amillepora14886	12	0	0	0	0	0	0	0	0	0
chr13	294880	305841	Amillepora14894	11	1	0.09090909090909091	0.09090909090909091	9.090909090909092	0	30.151134457776354	9.09090909090909	100	0
chr13	330079	357374	Amillepora14897	36	0	0	0	0	0	0	0	0	0
chr13	318899	327242	Amillepora14895	9	0	0	0	0	0	0	0	0	0
chr13	385162	394820	Amillepora14901	6	4	0.6666666666666666	0.6666666666666666	66.66666666666667	100	51.63977794943223	21.081851067789195	100	0
chr13	399278	413975	Amillepora14903	3	1	0.3333333333333333	0.3333333333333333	33.333333333333336	0	57.735026918962575	33.333333333333336	100	0
chr13	474799	481831	Amillepora14914	6	6	1	1	100	100	0	0	100	100
chr13	393996	398589	Amillepora14902	1	0	0	0	0	0	NA	NA	0	0
chr13	380059	386040	Amillepora14900	2	2	1	1	100	100	0	0	100	100
chr13	481886	505908	Amillepora14915	32	2	0.0625	0.0625	6.25	0	24.593468841898236	4.3475521477515775	100	0
chr13	461452	469085	Amillepora14912	16	5	0.3125	0.3125	31.25	0	47.871355387816905	11.967838846954226	100	0
chr13	507089	512224	Amillepora14918	2	1	0.5	0.5	50	50	70.71067811865476	50	100	0
chr13	533238	550153	Amillepora14921	2	0	0	0	0	0	0	0	0	0
chr13	439288	441372	Amillepora14909	3	3	1	1	100	100	0	0	100	100
chr13	441598	460941	Amillepora14910	10	5	0.5	0.5	50	50	52.70462766947299	16.666666666666668	100	0
chr13	523807	526365	Amillepora14919	5	0	0	0	0	0	0	0	0	0
chr13	581900	582674	Amillepora14925	1	0	0	0	0	0	NA	NA	0	0
chr13	649142	649528	Amillepora14929	1	0	0	0	0	0	NA	NA	0	0
chr13	662652	664588	Amillepora14930	2	0	0	0	0	0	0	0	0	0
chr13	803829	804919	Amillepora14944	1	0	0	0	0	0	NA	NA	0	0
chr13	854207	877658	Amillepora14950	3	0	0	0	0	0	0	0	0	0
chr13	788973	790301	Amillepora14938	1	0	0	0	0	0	NA	NA	0	0
chr13	838436	838900	Amillepora14946	3	1	0.3333333333333333	0.3333333333333333	33.333333333333336	0	57.735026918962575	33.333333333333336	100	0
chr13	832976	836578	Amillepora14945	6	1	0.16666666666666666	0.16666666666666666	16.666666666666668	0	40.8248290463863	16.66666666666667	100	0
chr13	846338	846908	Amillepora14948	2	0	0	0	0	0	0	0	0	0
chr13	908646	910624	Amillepora14957	1	0	0	0	0	0	NA	NA	0	0
chr13	938697	944312	Amillepora14961	7	1	0.14285714285714285	0.14285714285714285	14.285714285714286	0	37.79644730092272	14.285714285714285	100	0
chr13	903386	904975	Amillepora14955	1	0	0	0	0	0	NA	NA	0	0
chr13	979049	981681	Amillepora14965	2	0	0	0	0	0	0	0	0	0
chr13	900827	903366	Amillepora14954	1	0	0	0	0	0	NA	NA	0	0
chr13	1155028	1168619	Amillepora14974	2	0	0	0	0	0	0	0	0	0
chr13	1119398	1153935	Amillepora14973	7	1	0.14285714285714285	0.14285714285714285	14.285714285714286	0	37.79644730092272	14.285714285714285	100	0
chr13	1270721	1276503	Amillepora14985	3	0	0	0	0	0	0	0	0	0
chr13	1250004	1269444	Amillepora14983	1	0	0	0	0	0	NA	NA	0	0
chr13	1184873	1197473	Amillepora14977	1	0	0	0	0	0	NA	NA	0	0
chr13	1367606	1381620	Amillepora14996	1	1	1	1	100	100	NA	NA	100	100
chr13	1335766	1353642	Amillepora14993	11	0	0	0	0	0	0	0	0	0
chr13	1359334	1362492	Amillepora14995	1	0	0	0	0	0	NA	NA	0	0
chr13	1314689	1315252	Amillepora14991	2	0	0	0	0	0	0	0	0	0
chr13	1296793	1300775	Amillepora14988	2	0	0	0	0	0	0	0	0	0
chr13	1307481	1311292	Amillepora14989	1	0	0	0	0	0	NA	NA	0	0
chr13	1460766	1467657	Amillepora15003	1	0	0	0	0	0	NA	NA	0	0
chr13	1500606	1513888	Amillepora15009	4	0	0	0	0	0	0	0	0	0
chr13	1532906	1537574	Amillepora15011	1	1	1	1	100	100	NA	NA	100	100
chr13	1682615	1686788	Amillepora15024	3	1	0.3333333333333333	0.3333333333333333	33.333333333333336	0	57.735026918962575	33.333333333333336	100	0
chr13	1674783	1680514	Amillepora15023	1	1	1	1	100	100	NA	NA	100	100
chr13	1657093	1664630	Amillepora15021	2	0	0	0	0	0	0	0	0	0
chr13	1577998	1585042	Amillepora15014	2	0	0	0	0	0	0	0	0	0
chr13	1665480	1674528	Amillepora15022	1	0	0	0	0	0	NA	NA	0	0
chr13	1622970	1629410	Amillepora15018	3	3	1	1	100	100	0	0	100	100
chr13	1730861	1731649	Amillepora15028	1	0	0	0	0	0	NA	NA	0	0
chr13	1734058	1762184	Amillepora15029	29	3	0.10344827586206896	0.10344827586206896	10.344827586206897	0	30.993404669460347	5.755330761353656	100	0
chr13	1688607	1720722	Amillepora15025	27	0	0	0	0	0	0	0	0	0
chr13	1724526	1726121	Amillepora15027	7	0	0	0	0	0	0	0	0	0
chr13	1762397	1789204	Amillepora15030	33	0	0	0	0	0	0	0	0	0
chr13	1855944	1872229	Amillepora15034	22	1	0.045454545454545456	0.045454545454545456	4.545454545454546	0	21.320071635561042	4.545454545454545	100	0
chr13	1830308	1844197	Amillepora15032	16	1	0.0625	0.0625	6.25	0	25	6.25	100	0
chr13	1849749	1853765	Amillepora15033	4	0	0	0	0	0	0	0	0	0
chr13	1893753	1904718	Amillepora15036	9	0	0	0	0	0	0	0	0	0
chr13	1937206	1938129	Amillepora15038	2	0	0	0	0	0	0	0	0	0
chr13	1939706	1941307	Amillepora15039	2	0	0	0	0	0	0	0	0	0
chr13	2066505	2073948	Amillepora15052	9	0	0	0	0	0	0	0	0	0
chr13	2078614	2082820	Amillepora15054	5	0	0	0	0	0	0	0	0	0
chr13	2083748	2087261	Amillepora15055	10	0	0	0	0	0	0	0	0	0
chr13	2001509	2025368	Amillepora15047	27	0	0	0	0	0	0	0	0	0
chr13	2050092	2061260	Amillepora15051	16	1	0.0625	0.0625	6.25	0	25	6.25	100	0
chr13	1993855	2000317	Amillepora15046	9	0	0	0	0	0	0	0	0	0
chr13	1981154	1984349	Amillepora15043	5	0	0	0	0	0	0	0	0	0
chr13	1986396	1991145	Amillepora15045	7	0	0	0	0	0	0	0	0	0
chr13	1985555	1985933	Amillepora15044	1	0	0	0	0	0	NA	NA	0	0
chr13	1960435	1974741	Amillepora15042	8	0	0	0	0	0	0	0	0	0
chr13	1955123	1957480	Amillepora15041	3	0	0	0	0	0	0	0	0	0
chr13	2046276	2048497	Amillepora15050	6	0	0	0	0	0	0	0	0	0
chr13	2107095	2108474	Amillepora15058	1	0	0	0	0	0	NA	NA	0	0
chr13	2135625	2141538	Amillepora15063	1	0	0	0	0	0	NA	NA	0	0
chr13	2111503	2115860	Amillepora15059	9	0	0	0	0	0	0	0	0	0
chr13	2145304	2150952	Amillepora15064	4	0	0	0	0	0	0	0	0	0
chr13	2118532	2134495	Amillepora15061	11	0	0	0	0	0	0	0	0	0
chr13	2156891	2180208	Amillepora15065	21	7	0.3333333333333333	0.3333333333333333	33.333333333333336	0	48.30458915396479	10.5409255338946	100	0
chr13	2091150	2103493	Amillepora15057	11	1	0.09090909090909091	0.09090909090909091	9.090909090909092	0	30.151134457776358	9.09090909090909	100	0
chr13	2088432	2089736	Amillepora15056	2	0	0	0	0	0	0	0	0	0
chr13	2227993	2229174	Amillepora15070	5	0	0	0	0	0	0	0	0	0
chr13	2244387	2249411	Amillepora15072	4	1	0.25	0.25	25	0	50	25	100	0
chr13	2232958	2244324	Amillepora15071	6	4	0.6666666666666666	0.6666666666666666	66.66666666666667	100	51.63977794943223	21.081851067789195	100	0
chr13	2192211	2199430	Amillepora15066	6	0	0	0	0	0	0	0	0	0
chr13	2254565	2280208	Amillepora15075	27	0	0	0	0	0	0	0	0	0
chr13	2210722	2212830	Amillepora15068	5	0	0	0	0	0	0	0	0	0
chr13	2215442	2219004	Amillepora15069	1	0	0	0	0	0	NA	NA	0	0
chr13	2508019	2530817	Amillepora15086	3	0	0	0	0	0	0	0	0	0
chr13	2485724	2492174	Amillepora15084	3	0	0	0	0	0	0	0	0	0
chr13	2347230	2352128	Amillepora15077	1	1	1	1	100	100	NA	NA	100	100
chr13	2533979	2535791	Amillepora15089	1	1	1	1	100	100	NA	NA	100	100
chr13	2504533	2506432	Amillepora15085	2	0	0	0	0	0	0	0	0	0
chr13	2556875	2561439	Amillepora15091	1	0	0	0	0	0	NA	NA	0	0
chr13	2564604	2566390	Amillepora15093	2	0	0	0	0	0	0	0	0	0
chr13	2672690	2675639	Amillepora15102	1	0	0	0	0	0	NA	NA	0	0
chr13	2568055	2589897	Amillepora15094	11	1	0.09090909090909091	0.09090909090909091	9.090909090909092	0	30.151134457776354	9.09090909090909	100	0
chr13	2533699	2548429	Amillepora15088	1	1	1	1	100	100	NA	NA	100	100
chr13	2561636	2562724	Amillepora15092	1	0	0	0	0	0	NA	NA	0	0
chr13	2661497	2671708	Amillepora15101	5	0	0	0	0	0	0	0	0	0
chr13	2602124	2609659	Amillepora15096	2	0	0	0	0	0	0	0	0	0
chr13	2616174	2625627	Amillepora15097	2	0	0	0	0	0	0	0	0	0
chr13	2630568	2631314	Amillepora15098	1	0	0	0	0	0	NA	NA	0	0
chr13	2633575	2639018	Amillepora15099	2	0	0	0	0	0	0	0	0	0
chr13	2774962	2776774	Amillepora15112	1	0	0	0	0	0	NA	NA	0	0
chr13	2736245	2738037	Amillepora15107	1	0	0	0	0	0	NA	NA	0	0
chr13	2693489	2701547	Amillepora15104	3	0	0	0	0	0	0	0	0	0
chr13	2713886	2734862	Amillepora15105	2	0	0	0	0	0	0	0	0	0
chr13	2855088	2856008	Amillepora15118	5	0	0	0	0	0	0	0	0	0
chr13	2807915	2823673	Amillepora15115	13	0	0	0	0	0	0	0	0	0
chr13	2869335	2876728	Amillepora15120	4	2	0.5	0.5	50	50	57.735026918962575	28.867513459481287	100	0
chr13	2848436	2852073	Amillepora15117	7	0	0	0	0	0	0	0	0	0
chr13	2861670	2863906	Amillepora15119	8	1	0.125	0.125	12.5	0	35.35533905932738	12.5	100	0
chr13	2825943	2834121	Amillepora15116	23	0	0	0	0	0	0	0	0	0
chr13	2779076	2797075	Amillepora15114	6	1	0.16666666666666666	0.16666666666666666	16.666666666666668	0	40.8248290463863	16.66666666666667	100	0
chr13	2757651	2777059	Amillepora15111	1	0	0	0	0	0	NA	NA	0	0
chr13	2897274	2903567	Amillepora15124	2	1	0.5	0.5	50	50	70.71067811865476	50	100	0
chr13	2973027	2974118	Amillepora15129	4	0	0	0	0	0	0	0	0	0
chr13	2926024	2934436	Amillepora15127	18	0	0	0	0	0	0	0	0	0
chr13	2903558	2909211	Amillepora15125	5	3	0.6	0.6	60	100	54.772255750516614	24.49489742783178	100	0
chr13	2960649	2970688	Amillepora15128	13	2	0.15384615384615385	0.15384615384615385	15.384615384615385	0	37.553380809940535	10.415433852097385	100	0
chr13	2876636	2880944	Amillepora15121	2	0	0	0	0	0	0	0	0	0
chr13	2917512	2926824	Amillepora15126	13	0	0	0	0	0	0	0	0	0
chr13	2974959	2982452	Amillepora15130	2	0	0	0	0	0	0	0	0	0
chr13	2884117	2896501	Amillepora15123	16	2	0.125	0.125	12.5	0	34.15650255319866	8.539125638299666	100	0
chr13	3034658	3043529	Amillepora15139	7	0	0	0	0	0	0	0	0	0
chr13	3044012	3050629	Amillepora15140	3	2	0.6666666666666666	0.6666666666666666	66.66666666666667	100	57.735026918962575	33.333333333333336	100	0
chr13	3014657	3020426	Amillepora15136	2	1	0.5	0.5	50	50	70.71067811865476	50	100	0
chr13	3023808	3031150	Amillepora15138	7	0	0	0	0	0	0	0	0	0
chr13	3050873	3054983	Amillepora15141	3	1	0.3333333333333333	0.3333333333333333	33.333333333333336	0	57.735026918962575	33.333333333333336	100	0
chr13	3010739	3014773	Amillepora15135	1	1	1	1	100	100	NA	NA	100	100
chr13	3081343	3088655	Amillepora15143	9	3	0.3333333333333333	0.3333333333333333	33.333333333333336	0	49.99999999999999	16.666666666666668	100	0
chr13	2995079	3004635	Amillepora15132	4	1	0.25	0.25	25	0	50	25	100	0
chr13	3059180	3079390	Amillepora15142	28	0	0	0	0	0	0	0	0	0
chr13	3020655	3023751	Amillepora15137	1	0	0	0	0	0	NA	NA	0	0
chr13	3154147	3159006	Amillepora15149	1	0	0	0	0	0	NA	NA	0	0
chr13	3088770	3096546	Amillepora15144	1	0	0	0	0	0	NA	NA	0	0
chr13	3170080	3177983	Amillepora15152	2	1	0.5	0.5	50	50	70.71067811865476	50	100	0
chr13	3121652	3126349	Amillepora15147	3	0	0	0	0	0	0	0	0	0
chr13	3097173	3099023	Amillepora15145	1	0	0	0	0	0	NA	NA	0	0
chr13	3106820	3119462	Amillepora15146	6	2	0.3333333333333333	0.3333333333333333	33.333333333333336	0	51.63977794943222	21.081851067789195	100	0
chr13	3150952	3152493	Amillepora15148	1	0	0	0	0	0	NA	NA	0	0
chr13	3159800	3163640	Amillepora15150	2	0	0	0	0	0	0	0	0	0
chr13	3164498	3170137	Amillepora15151	8	2	0.25	0.25	25	0	46.29100498862757	16.366341767699428	100	0
chr13	3227947	3231770	Amillepora15160	2	0	0	0	0	0	0	0	0	0
chr13	3216718	3223948	Amillepora15158	7	2	0.2857142857142857	0.2857142857142857	28.571428571428573	0	48.79500364742666	18.442777839082936	100	0
chr13	3253641	3269850	Amillepora15164	7	1	0.14285714285714285	0.14285714285714285	14.285714285714286	0	37.79644730092272	14.285714285714285	100	0
chr13	3212522	3215694	Amillepora15157	1	1	1	1	100	100	NA	NA	100	100
chr13	3231304	3237507	Amillepora15161	1	0	0	0	0	0	NA	NA	0	0
chr13	3222939	3227835	Amillepora15159	1	1	1	1	100	100	NA	NA	100	100
chr13	3197303	3212415	Amillepora15156	13	1	0.07692307692307693	0.07692307692307693	7.6923076923076925	0	27.735009811261456	7.6923076923076925	100	0
chr13	3241718	3247737	Amillepora15162	4	1	0.25	0.25	25	0	50	25	100	0
chr13	3186382	3191237	Amillepora15154	2	0	0	0	0	0	0	0	0	0
chr13	3193094	3194464	Amillepora15155	2	0	0	0	0	0	0	0	0	0
chr13	3181826	3185129	Amillepora15153	3	0	0	0	0	0	0	0	0	0
chr13	3274280	3290864	Amillepora15165	30	5	0.16666666666666666	0.16129032258064516	16.666666666666668	0	37.90490217894518	6.920456654478331	100	0
chr13	3311775	3317442	Amillepora15167	10	0	0	0	0	0	0	0	0	0
chr13	3350995	3357349	Amillepora15174	6	0	0	0	0	0	0	0	0	0
chr13	3331229	3339934	Amillepora15171	2	1	0.5	0.5	50	50	70.71067811865476	50	100	0
chr13	3340575	3350776	Amillepora15172	2	0	0	0	0	0	0	0	0	0
chr13	3291679	3309177	Amillepora15166	16	6	0.375	0.375	37.5	0	50	12.5	100	0
chr13	3320090	3323074	Amillepora15169	5	0	0	0	0	0	0	0	0	0
chr13	3324667	3328694	Amillepora15170	1	0	0	0	0	0	NA	NA	0	0
chr13	3395469	3397477	Amillepora15179	2	0	0	0	0	0	0	0	0	0
chr13	3400563	3408822	Amillepora15180	1	0	0	0	0	0	NA	NA	0	0
chr13	3484664	3485496	Amillepora15187	1	0	0	0	0	0	NA	NA	0	0
chr13	3376568	3386400	Amillepora15176	3	1	0.3333333333333333	0.3333333333333333	33.333333333333336	0	57.735026918962575	33.333333333333336	100	0
chr13	3359634	3376242	Amillepora15175	20	4	0.2	0.2	20	0	41.03913408340616	9.17662935482247	100	0
chr13	3417782	3425090	Amillepora15182	4	1	0.25	0.25	25	0	50	25	100	0
chr13	3390983	3395351	Amillepora15178	2	1	0.5	0.5	50	50	70.71067811865476	50	100	0
chr13	3389258	3390361	Amillepora15177	2	0	0	0	0	0	0	0	0	0
chr13	3410384	3412776	Amillepora15181	1	0	0	0	0	0	NA	NA	0	0
chr13	3435016	3437771	Amillepora15184	1	0	0	0	0	0	NA	NA	0	0
chr13	3454396	3456984	Amillepora15185	4	0	0	0	0	0	0	0	0	0
chr13	3555501	3559656	Amillepora15192	3	0	0	0	0	0	0	0	0	0
chr13	3510063	3520982	Amillepora15190	19	0	0	0	0	0	0	0	0	0
chr13	3487128	3497124	Amillepora15188	7	2	0.2857142857142857	0.2857142857142857	28.571428571428573	0	48.79500364742666	18.442777839082936	100	0
chr13	3563600	3590367	Amillepora15194	20	1	0.05	0.05	5	0	22.360679774997898	5	100	0
chr13	3600110	3609243	Amillepora15196	6	1	0.16666666666666666	0.16666666666666666	16.666666666666668	0	40.8248290463863	16.66666666666667	100	0
chr13	3591256	3594912	Amillepora15195	6	0	0	0	0	0	0	0	0	0
chr13	3613152	3633008	Amillepora15197	27	1	0.037037037037037035	0.037037037037037035	3.7037037037037037	0	19.245008972987538	3.703703703703704	100	0
chr13	3744627	3763151	Amillepora15205	20	1	0.05	0.05	5	0	22.360679774997898	5	100	0
chr13	3708345	3718205	Amillepora15202	17	0	0	0	0	0	0	0	0	0
chr13	3738387	3742584	Amillepora15204	2	0	0	0	0	0	0	0	0	0
chr13	3763123	3768733	Amillepora15207	6	0	0	0	0	0	0	0	0	0
chr13	3645422	3703563	Amillepora15198	67	2	0.029850746268656716	0.029850746268656716	2.985074626865672	0	17.1459797720291	2.0947148216932447	100	0
chr13	3721328	3734234	Amillepora15203	18	0	0	0	0	0	0	0	0	0
chr13	3856318	3864985	Amillepora15218	3	3	1	1	100	100	0	0	100	100
chr13	3824230	3831601	Amillepora15214	10	0	0	0	0	0	0	0	0	0
chr13	3798452	3812704	Amillepora15211	10	1	0.1	0.1	10	0	31.622776601683793	10	100	0
chr13	3769269	3794373	Amillepora15208	44	2	0.045454545454545456	0.045454545454545456	4.545454545454546	0	21.07070549414858	3.1765283723713993	100	0
chr13	3848155	3852412	Amillepora15217	3	1	0.3333333333333333	0.3333333333333333	33.333333333333336	0	57.735026918962575	33.333333333333336	100	0
chr13	3831742	3832392	Amillepora15215	2	0	0	0	0	0	0	0	0	0
chr13	3865849	3872229	Amillepora15219	6	3	0.5	0.5	50	50	54.772255750516614	22.3606797749979	100	0
chr13	3816659	3821476	Amillepora15213	7	0	0	0	0	0	0	0	0	0
chr13	4071700	4077753	Amillepora15223	3	0	0	0	0	0	0	0	0	0
chr13	4051114	4060361	Amillepora15220	8	1	0.125	0.125	12.5	0	35.35533905932738	12.5	100	0
chr13	4085233	4103957	Amillepora15224	10	0	0	0	0	0	0	0	0	0
chr13	4146134	4158934	Amillepora15229	4	2	0.5	0.5	50	50	57.735026918962575	28.867513459481287	100	0
chr13	4175302	4176080	Amillepora15233	1	0	0	0	0	0	NA	NA	0	0
chr13	4127887	4131517	Amillepora15228	5	1	0.2	0.2	20	0	44.721359549995796	20	100	0
chr13	4159730	4172896	Amillepora15230	3	2	0.6666666666666666	0.6666666666666666	66.66666666666667	100	57.735026918962575	33.333333333333336	100	0
chr13	4103896	4127158	Amillepora15226	23	5	0.21739130434782608	0.21739130434782608	21.73913043478261	0	42.174116783665	8.793911249520551	100	0
chr13	4189553	4197873	Amillepora15235	9	0	0	0	0	0	0	0	0	0
chr13	4260871	4269220	Amillepora15243	11	2	0.18181818181818182	0.18181818181818182	18.181818181818183	0	40.45199174779453	12.196734422726125	100	0
chr13	4233504	4251700	Amillepora15241	3	3	1	1	100	100	0	0	100	100
chr13	4217257	4228752	Amillepora15239	7	4	0.5714285714285714	0.5	50	50	50	18.89822365046136	100	0
chr13	4254734	4256605	Amillepora15242	4	2	0.5	0.5	50	50	57.735026918962575	28.867513459481287	100	0
chr13	4232714	4233214	Amillepora15240	1	0	0	0	0	0	NA	NA	0	0
chr13	4200629	4211859	Amillepora15237	8	1	0.125	0.125	12.5	0	35.35533905932738	12.5	100	0
chr13	4279253	4292253	Amillepora15245	20	0	0	0	0	0	0	0	0	0
chr13	4303133	4319497	Amillepora15246	21	1	0.047619047619047616	0.047619047619047616	4.761904761904762	0	21.821789023599244	4.761904761904762	100	0
chr13	4383146	4388894	Amillepora15249	11	0	0	0	0	0	0	0	0	0
chr13	4361494	4363496	Amillepora15248	5	5	1	1	100	100	0	0	100	100
chr13	4426671	4428647	Amillepora15250	1	0	0	0	0	0	NA	NA	0	0
chr13	4467682	4468649	Amillepora15253	1	0	0	0	0	0	NA	NA	0	0
chr13	4429111	4454713	Amillepora15251	19	0	0	0	0	0	0	0	0	0
chr13	4496381	4497901	Amillepora15256	4	0	0	0	0	0	0	0	0	0
chr13	4495811	4496353	Amillepora15255	1	0	0	0	0	0	NA	NA	0	0
chr13	4509300	4524924	Amillepora15257	10	1	0.1	0.1	10	0	31.622776601683793	10	100	0
chr13	4540027	4548509	Amillepora15259	16	1	0.0625	0.0625	6.25	0	25	6.25	100	0
chr13	4630597	4633959	Amillepora15268	2	0	0	0	0	0	0	0	0	0
chr13	4782407	4783804	Amillepora15283	2	0	0	0	0	0	0	0	0	0
chr13	4556152	4562101	Amillepora15261	4	0	0	0	0	0	0	0	0	0
chr13	4754409	4768146	Amillepora15281	6	4	0.6666666666666666	0.6666666666666666	66.66666666666667	100	51.63977794943223	21.081851067789195	100	0
chr13	4704570	4728613	Amillepora15277	20	1	0.05	0.05	5	0	22.360679774997898	5	100	0
chr13	4675738	4703553	Amillepora15272	25	6	0.24	0.23076923076923078	24	0	43.58898943540674	8.717797887081348	100	0
chr13	4729207	4730685	Amillepora15278	2	0	0	0	0	0	0	0	0	0
chr13	4770371	4779791	Amillepora15282	8	1	0.125	0.125	12.5	0	35.35533905932738	12.5	100	0
chr13	4660451	4671048	Amillepora15271	8	0	0	0	0	0	0	0	0	0
chr13	4730025	4748187	Amillepora15279	22	4	0.18181818181818182	0.18181818181818182	18.181818181818183	0	39.47710169758613	8.41654636156865	100	0
chr13	4788534	4794118	Amillepora15284	6	1	0.16666666666666666	0.16666666666666666	16.666666666666668	0	40.8248290463863	16.66666666666667	100	0
chr13	4835817	4857817	Amillepora15289	34	0	0	0	0	0	0	0	0	0
chr13	4869401	4885380	Amillepora15291	33	0	0	0	0	0	0	0	0	0
chr13	4821557	4823880	Amillepora15288	5	0	0	0	0	0	0	0	0	0
chr13	4794693	4798156	Amillepora15285	5	0	0	0	0	0	0	0	0	0
chr13	4801334	4808201	Amillepora15286	10	0	0	0	0	0	0	0	0	0
chr13	4914138	4920012	Amillepora15294	1	0	0	0	0	0	NA	NA	0	0
chr13	4929101	4956156	Amillepora15296	16	0	0	0	0	0	0	0	0	0
chr13	4888153	4911195	Amillepora15292	17	2	0.11764705882352941	0.11764705882352941	11.764705882352942	0	33.21055820775357	8.05474349272303	100	0
chr13	4922719	4928641	Amillepora15295	5	3	0.6	0.6	60	100	54.772255750516614	24.49489742783178	100	0
chr13	4961030	4963880	Amillepora15297	3	0	0	0	0	0	0	0	0	0
chr13	5032819	5037255	Amillepora15305	2	1	0.5	0.5	50	50	70.71067811865476	50	100	0
chr13	4972684	4989183	Amillepora15298	17	5	0.29411764705882354	0.29411764705882354	29.41176470588235	0	46.96682183138622	11.391127488845344	100	0
chr13	5028196	5032758	Amillepora15304	1	1	1	1	100	100	NA	NA	100	100
chr13	5012544	5023321	Amillepora15301	6	1	0.16666666666666666	0.16666666666666666	16.666666666666668	0	40.82482904638629	16.66666666666667	100	0
chr13	5024526	5025590	Amillepora15303	3	0	0	0	0	0	0	0	0	0
chr13	4990702	5009930	Amillepora15299	35	3	0.08571428571428572	0.08571428571428572	8.571428571428571	0	28.402864099869067	4.800960288096033	100	0
chr13	5169416	5174572	Amillepora15318	6	1	0.16666666666666666	0.16666666666666666	16.666666666666668	0	40.8248290463863	16.66666666666667	100	0
chr13	5084643	5107853	Amillepora15312	24	1	0.041666666666666664	0.041666666666666664	4.166666666666667	0	20.412414523193156	4.166666666666668	100	0
chr13	5039835	5052021	Amillepora15306	9	1	0.1111111111111111	0.1111111111111111	11.11111111111111	0	33.333333333333336	11.111111111111112	100	0
chr13	5070599	5077493	Amillepora15310	12	1	0.08333333333333333	0.08333333333333333	8.333333333333334	0	28.867513459481298	8.333333333333334	100	0
chr13	5053393	5066795	Amillepora15307	9	0	0	0	0	0	0	0	0	0
chr13	5174589	5175805	Amillepora15320	1	0	0	0	0	0	NA	NA	0	0
chr13	5078144	5083432	Amillepora15311	2	2	1	1	100	100	0	0	100	100
chr13	5124162	5132466	Amillepora15316	14	0	0	0	0	0	0	0	0	0
chr13	5115343	5117164	Amillepora15315	1	0	0	0	0	0	NA	NA	0	0
chr13	5135390	5166781	Amillepora15317	38	0	0	0	0	0	0	0	0	0
chr13	5172967	5179468	Amillepora15319	6	1	0.16666666666666666	0.16666666666666666	16.666666666666668	0	40.8248290463863	16.66666666666667	100	0
chr13	5108890	5113523	Amillepora15313	6	0	0	0	0	0	0	0	0	0
chr13	5272904	5276318	Amillepora15329	1	0	0	0	0	0	NA	NA	0	0
chr13	5221336	5226581	Amillepora15326	8	0	0	0	0	0	0	0	0	0
chr13	5227704	5237117	Amillepora15327	4	0	0	0	0	0	0	0	0	0
chr13	5204198	5208898	Amillepora15323	1	0	0	0	0	0	NA	NA	0	0
chr13	5237656	5268012	Amillepora15328	33	0	0	0	0	0	0	0	0	0
chr13	5278106	5278885	Amillepora15330	2	0	0	0	0	0	0	0	0	0
chr13	5191092	5202712	Amillepora15322	13	6	0.46153846153846156	0.46153846153846156	46.15384615384615	0	51.887452166277086	14.390989949130546	100	0
chr13	5184987	5189983	Amillepora15321	3	1	0.3333333333333333	0.3333333333333333	33.333333333333336	0	57.735026918962575	33.333333333333336	100	0
chr13	5289986	5321086	Amillepora15333	28	0	0	0	0	0	0	0	0	0
chr13	5328554	5341102	Amillepora15335	5	0	0	0	0	0	0	0	0	0
chr13	5343853	5355664	Amillepora15336	17	0	0	0	0	0	0	0	0	0
chr13	5369100	5372132	Amillepora15338	3	0	0	0	0	0	0	0	0	0
chr13	5361680	5365783	Amillepora15337	10	0	0	0	0	0	0	0	0	0
chr13	5435500	5437928	Amillepora15346	1	0	0	0	0	0	NA	NA	0	0
chr13	5425599	5427702	Amillepora15342	1	0	0	0	0	0	NA	NA	0	0
chr13	5438094	5448381	Amillepora15347	4	2	0.5	0.5	50	50	57.735026918962575	28.867513459481287	100	0
chr13	5475790	5476825	Amillepora15348	3	0	0	0	0	0	0	0	0	0
chr13	5557851	5560675	Amillepora15354	5	0	0	0	0	0	0	0	0	0
chr13	5579768	5580268	Amillepora15356	5	0	0	0	0	0	0	0	0	0
chr13	5560660	5564019	Amillepora15355	7	0	0	0	0	0	0	0	0	0
chr13	5498363	5535113	Amillepora15351	55	2	0.03636363636363636	0.03636363636363636	3.6363636363636362	0	18.89185954061583	2.5473778207916147	100	0
chr13	5538431	5555807	Amillepora15353	11	2	0.18181818181818182	0.18181818181818182	18.181818181818183	0	40.45199174779452	12.196734422726125	100	0
chr13	5477331	5494211	Amillepora15349	11	1	0.09090909090909091	0.09090909090909091	9.090909090909092	0	30.151134457776358	9.09090909090909	100	0
chr13	5638732	5639523	Amillepora15365	1	0	0	0	0	0	NA	NA	0	0
chr13	5657494	5658285	Amillepora15367	2	0	0	0	0	0	0	0	0	0
chr13	5663685	5670446	Amillepora15368	4	3	0.75	0.75	75	100	50	25	100	0
chr13	5633174	5637415	Amillepora15364	1	1	1	1	100	100	NA	NA	100	100
chr13	5604329	5610647	Amillepora15360	3	0	0	0	0	0	0	0	0	0
chr13	5583919	5584941	Amillepora15357	4	0	0	0	0	0	0	0	0	0
chr13	5618498	5624405	Amillepora15363	1	1	1	1	100	100	NA	NA	100	100
chr13	5670452	5676798	Amillepora15369	2	1	0.5	0.5	50	50	70.71067811865476	50	100	0
chr13	5594029	5602777	Amillepora15358	5	0	0	0	0	0	0	0	0	0
chr13	5729675	5738178	Amillepora15375	17	1	0.058823529411764705	0.058823529411764705	5.882352941176471	0	24.253562503633297	5.88235294117647	100	0
chr13	5680227	5689155	Amillepora15370	4	3	0.75	0.75	75	100	50	25	100	0
chr13	5738943	5763950	Amillepora15376	30	9	0.3	0.3	30	0	46.6091599699399	8.509629433967632	100	0
chr13	5706991	5727899	Amillepora15373	14	2	0.14285714285714285	0.14285714285714285	14.285714285714286	0	36.313651960128155	9.705231721239393	100	0
chr13	5701936	5702664	Amillepora15372	1	0	0	0	0	0	NA	NA	0	0
chr13	5775857	5781088	Amillepora15377	1	0	0	0	0	0	NA	NA	0	0
chr13	5839027	5847754	Amillepora15380	13	0	0	0	0	0	0	0	0	0
chr13	5803874	5835964	Amillepora15379	34	2	0.058823529411764705	0.058823529411764705	5.882352941176471	0	23.883257361061283	4.095944846016419	100	0
chr13	5857654	5866659	Amillepora15382	6	1	0.16666666666666666	0.16666666666666666	16.666666666666668	0	40.8248290463863	16.66666666666667	100	0
chr13	5781863	5796586	Amillepora15378	6	3	0.5	0.5	50	50	54.772255750516614	22.3606797749979	100	0
chr13	5848468	5850736	Amillepora15381	4	0	0	0	0	0	0	0	0	0
chr13	5948653	5954646	Amillepora15389	4	2	0.5	0.5	50	50	57.735026918962575	28.867513459481287	100	0
chr13	5936428	5941963	Amillepora15387	2	0	0	0	0	0	0	0	0	0
chr13	5907553	5913965	Amillepora15385	14	1	0.07142857142857142	0.07142857142857142	7.142857142857143	0	26.72612419124244	7.142857142857143	100	0
chr13	5917063	5934372	Amillepora15386	6	2	0.3333333333333333	0.3333333333333333	33.333333333333336	0	51.63977794943222	21.081851067789195	100	0
chr13	5957603	5971154	Amillepora15390	6	5	0.8333333333333334	0.8333333333333334	83.33333333333333	100	40.8248290463863	16.66666666666667	100	0
chr13	5895455	5897708	Amillepora15384	6	0	0	0	0	0	0	0	0	0
chr13	5987679	6019226	Amillepora15391	23	3	0.13043478260869565	0.13043478260869565	13.043478260869565	0	34.4350221575091	7.180198468215396	100	0
chr13	6022014	6066271	Amillepora15392	72	2	0.027777777777777776	0.027777777777777776	2.7777777777777777	0	16.548879560577095	1.9503041597205821	100	0
chr13	6072680	6089197	Amillepora15393	8	0	0	0	0	0	0	0	0	0
chr13	6122705	6129138	Amillepora15398	1	0	0	0	0	0	NA	NA	0	0
chr13	6160601	6169987	Amillepora15402	7	0	0	0	0	0	0	0	0	0
chr13	6135831	6142289	Amillepora15399	12	2	0.16666666666666666	0.15384615384615385	12.5	0	31.079078025403053	8.971757032065918	100	0
chr13	6120124	6122181	Amillepora15397	2	0	0	0	0	0	0	0	0	0
chr13	6237696	6250126	Amillepora15406	5	0	0	0	0	0	0	0	0	0
chr13	6255960	6259127	Amillepora15407	5	0	0	0	0	0	0	0	0	0
chr13	6267220	6276455	Amillepora15408	23	3	0.13043478260869565	0.13043478260869565	13.043478260869565	0	34.435022157509096	7.180198468215396	100	0
chr13	6235039	6245741	Amillepora15405	3	0	0	0	0	0	0	0	0	0
chr13	6328567	6331560	Amillepora15412	1	1	1	1	100	100	NA	NA	100	100
chr13	6367277	6378716	Amillepora15415	6	1	0.16666666666666666	0.16666666666666666	16.666666666666668	0	40.8248290463863	16.66666666666667	100	0
chr13	6303295	6304581	Amillepora15410	2	1	0.5	0.5	50	50	70.71067811865476	50	100	0
chr13	6282946	6298534	Amillepora15409	7	1	0.14285714285714285	0.14285714285714285	14.285714285714286	0	37.79644730092272	14.285714285714285	100	0
chr13	6410119	6431419	Amillepora15422	17	4	0.23529411764705882	0.23529411764705882	23.529411764705884	0	43.72373160976031	10.604562574894086	100	0
chr13	6465009	6481195	Amillepora15427	12	0	0	0	0	0	0	0	0	0
chr13	6447012	6458238	Amillepora15426	21	2	0.09523809523809523	0.09523809523809523	9.523809523809524	0	30.079260375911925	6.563832739090582	100	0
chr13	6435536	6442435	Amillepora15424	10	1	0.1	0.1	10	0	31.622776601683793	10	100	0
chr13	6442795	6447001	Amillepora15425	7	0	0	0	0	0	0	0	0	0
chr13	6379882	6409783	Amillepora15416	21	3	0.14285714285714285	0.14285714285714285	14.285714285714286	0	35.856858280031815	7.824607964359516	100	0
chr13	6485671	6500318	Amillepora15429	8	0	0	0	0	0	0	0	0	0
chr13	6545610	6561922	Amillepora15437	4	0	0	0	0	0	0	0	0	0
chr13	6525865	6536633	Amillepora15435	4	1	0.25	0.25	25	0	50	25	100	0
chr13	6504522	6520988	Amillepora15432	4	1	0.25	0.25	25	0	50	25	100	0
chr13	6562340	6580982	Amillepora15438	6	0	0	0	0	0	0	0	0	0
chr13	6537471	6550820	Amillepora15436	2	0	0	0	0	0	0	0	0	0
chr13	6521594	6525724	Amillepora15434	1	1	1	1	100	100	NA	NA	100	100
chr13	6632616	6633472	Amillepora15444	1	0	0	0	0	0	NA	NA	0	0
chr13	6628359	6631455	Amillepora15443	2	0	0	0	0	0	0	0	0	0
chr13	6600828	6606785	Amillepora15439	3	0	0	0	0	0	0	0	0	0
chr13	6667690	6677262	Amillepora15446	3	0	0	0	0	0	0	0	0	0
chr13	6763197	6767533	Amillepora15453	12	0	0	0	0	0	0	0	0	0
chr13	6776441	6784174	Amillepora15457	6	0	0	0	0	0	0	0	0	0
chr13	6768118	6773264	Amillepora15454	7	1	0.14285714285714285	0.14285714285714285	14.285714285714286	0	37.79644730092272	14.285714285714285	100	0
chr13	6734463	6745745	Amillepora15452	9	0	0	0	0	0	0	0	0	0
chr13	6716622	6726383	Amillepora15451	5	0	0	0	0	0	0	0	0	0
chr13	6774406	6776199	Amillepora15456	9	0	0	0	0	0	0	0	0	0
chr13	6701176	6710562	Amillepora15449	2	0	0	0	0	0	0	0	0	0
chr13	6844168	6853136	Amillepora15464	7	0	0	0	0	0	0	0	0	0
chr13	6796750	6833615	Amillepora15461	38	4	0.10526315789473684	0.10526315789473684	10.526315789473685	0	31.101174777590504	5.045276771256956	100	0
chr13	6869379	6873305	Amillepora15466	3	0	0	0	0	0	0	0	0	0
chr13	6855376	6867450	Amillepora15465	9	0	0	0	0	0	0	0	0	0
chr13	6784761	6794954	Amillepora15459	4	2	0.5	0.5	50	50	57.735026918962575	28.867513459481287	100	0
chr13	6795036	6803725	Amillepora15460	1	1	1	1	100	100	NA	NA	100	100
chr13	6894957	6897913	Amillepora15474	2	0	0	0	0	0	0	0	0	0
chr13	6900807	6932762	Amillepora15475	39	1	0.02564102564102564	0.02564102564102564	2.5641025641025643	0	16.01281538050869	2.564102564102564	100	0
chr13	6938030	6948797	Amillepora15476	14	0	0	0	0	0	0	0	0	0
chr13	6873391	6891781	Amillepora15467	12	1	0.08333333333333333	0.08333333333333333	8.333333333333334	0	28.867513459481305	8.333333333333334	100	0
chr13	6960115	6970767	Amillepora15477	7	1	0.14285714285714285	0.14285714285714285	14.285714285714286	0	37.79644730092272	14.285714285714285	100	0
chr13	6891988	6894588	Amillepora15473	2	0	0	0	0	0	0	0	0	0
chr13	6983060	6992035	Amillepora15478	11	1	0.09090909090909091	0.09090909090909091	9.090909090909092	0	30.151134457776358	9.09090909090909	100	0
chr13	7010793	7025943	Amillepora15480	2	0	0	0	0	0	0	0	0	0
chr13	7043606	7058792	Amillepora15482	1	0	0	0	0	0	NA	NA	0	0
chr13	7156349	7159631	Amillepora15492	2	0	0	0	0	0	0	0	0	0
chr13	7119575	7127779	Amillepora15489	4	0	0	0	0	0	0	0	0	0
chr13	7099840	7109658	Amillepora15488	11	1	0.09090909090909091	0.09090909090909091	9.090909090909092	0	30.151134457776358	9.09090909090909	100	0
chr13	7139240	7148472	Amillepora15490	7	1	0.14285714285714285	0.14285714285714285	14.285714285714286	0	37.79644730092272	14.285714285714285	100	0
chr13	7086194	7092288	Amillepora15485	2	1	0.5	0.5	50	50	70.71067811865476	50	100	0
chr13	7099312	7109003	Amillepora15487	10	1	0.1	0.1	10	0	31.622776601683793	10	100	0
chr13	7212643	7215881	Amillepora15497	5	0	0	0	0	0	0	0	0	0
chr13	7231972	7242841	Amillepora15499	13	0	0	0	0	0	0	0	0	0
chr13	7219845	7222865	Amillepora15498	2	0	0	0	0	0	0	0	0	0
chr13	7195693	7201616	Amillepora15496	5	0	0	0	0	0	0	0	0	0
chr13	7271404	7277087	Amillepora15502	7	0	0	0	0	0	0	0	0	0
chr13	7184146	7190204	Amillepora15495	2	0	0	0	0	0	0	0	0	0
chr13	7244433	7247038	Amillepora15500	2	0	0	0	0	0	0	0	0	0
chr13	7339765	7343368	Amillepora15509	3	2	0.6666666666666666	0.6666666666666666	66.66666666666667	100	57.735026918962575	33.333333333333336	100	0
chr13	7320784	7327621	Amillepora15506	9	1	0.1111111111111111	0.1111111111111111	11.11111111111111	0	33.333333333333336	11.111111111111112	100	0
chr13	7314586	7316104	Amillepora15504	2	1	0.5	0.5	50	50	70.71067811865476	50	100	0
chr13	7334628	7336804	Amillepora15508	4	0	0	0	0	0	0	0	0	0
chr13	7318738	7320060	Amillepora15505	1	1	1	1	100	100	NA	NA	100	100
chr13	7347455	7366028	Amillepora15510	19	2	0.10526315789473684	0.10526315789473684	10.526315789473685	0	31.530176764230582	7.233518641434491	100	0
chr13	7281881	7314322	Amillepora15503	30	5	0.16666666666666666	0.16666666666666666	16.666666666666668	0	37.904902178945164	6.920456654478331	100	0
chr13	7413571	7419287	Amillepora15515	4	3	0.75	0.75	75	100	50	25	100	0
chr13	7421061	7428910	Amillepora15516	3	1	0.3333333333333333	0.3333333333333333	33.333333333333336	0	57.735026918962575	33.333333333333336	100	0
chr13	7367979	7397986	Amillepora15511	29	1	0.034482758620689655	0.034482758620689655	3.4482758620689653	0	18.569533817705192	3.4482758620689653	100	0
chr13	7435105	7448164	Amillepora15517	11	1	0.09090909090909091	0.09090909090909091	9.090909090909092	0	30.151134457776358	9.09090909090909	100	0
chr13	7448433	7450729	Amillepora15518	4	0	0	0	0	0	0	0	0	0
chr13	7467818	7475109	Amillepora15519	7	0	0	0	0	0	0	0	0	0
chr13	7405159	7413144	Amillepora15513	1	0	0	0	0	0	NA	NA	0	0
chr13	7398236	7401358	Amillepora15512	2	0	0	0	0	0	0	0	0	0
chr13	7508280	7549273	Amillepora15521	58	4	0.06896551724137931	0.06896551724137931	6.896551724137931	0	25.560859370538296	3.3563052647743974	100	0
chr13	7571840	7573505	Amillepora15524	2	2	1	1	100	100	0	0	100	100
chr13	7477507	7490563	Amillepora15520	22	0	0	0	0	0	0	0	0	0
chr13	7559723	7569792	Amillepora15522	6	0	0	0	0	0	0	0	0	0
chr13	7571809	7582985	Amillepora15523	7	5	0.7142857142857143	0.7142857142857143	71.42857142857143	100	48.79500364742666	18.442777839082936	100	0
chr13	7611717	7616274	Amillepora15527	4	0	0	0	0	0	0	0	0	0
chr13	7651158	7657554	Amillepora15531	2	0	0	0	0	0	0	0	0	0
chr13	7657649	7670942	Amillepora15532	9	0	0	0	0	0	0	0	0	0
chr13	7584989	7604442	Amillepora15525	25	1	0.04	0.04	4	0	20	4	100	0
chr13	7701285	7712625	Amillepora15536	5	1	0.2	0.2	20	0	44.721359549995796	20	100	0
chr13	7730458	7734088	Amillepora15538	4	2	0.5	0.5	50	50	57.735026918962575	28.867513459481287	100	0
chr13	7687471	7691160	Amillepora15534	13	1	0.07692307692307693	0.07692307692307693	7.6923076923076925	0	27.735009811261456	7.6923076923076925	100	0
chr13	7693103	7697356	Amillepora15535	5	0	0	0	0	0	0	0	0	0
chr13	7869110	7881297	Amillepora15548	5	0	0	0	0	0	0	0	0	0
chr13	7832430	7844504	Amillepora15544	9	1	0.1111111111111111	0.1	11.11111111111111	0	33.333333333333336	11.111111111111112	100	0
chr13	7858996	7866749	Amillepora15547	4	0	0	0	0	0	0	0	0	0
chr13	7783645	7828971	Amillepora15541	28	2	0.07142857142857142	0.07142857142857142	7.142857142857143	0	26.22652641564811	4.956347617776506	100	0
chr13	7886015	7889007	Amillepora15550	1	0	0	0	0	0	NA	NA	0	0
chr13	7845577	7850789	Amillepora15545	18	0	0	0	0	0	0	0	0	0
chr13	7853596	7858448	Amillepora15546	1	0	0	0	0	0	NA	NA	0	0
chr13	7713609	7729727	Amillepora15537	9	6	0.6666666666666666	0.6666666666666666	66.66666666666667	100	50.00000000000001	16.666666666666668	100	0
chr13	7734479	7758921	Amillepora15539	40	8	0.2	0.2	20	0	40.50957468334666	6.405126152203485	100	0
chr13	7913601	7928109	Amillepora15554	11	2	0.18181818181818182	0.18181818181818182	18.181818181818183	0	40.45199174779453	12.196734422726125	100	0
chr13	7897699	7903470	Amillepora15551	1	0	0	0	0	0	NA	NA	0	0
chr13	7937589	7951826	Amillepora15556	13	0	0	0	0	0	0	0	0	0
chr13	7908849	7911994	Amillepora15553	2	0	0	0	0	0	0	0	0	0
chr13	7961757	7970278	Amillepora15558	5	0	0	0	0	0	0	0	0	0
chr13	8015563	8031264	Amillepora15564	29	1	0.034482758620689655	0.034482758620689655	3.4482758620689653	0	18.569533817705192	3.4482758620689653	100	0
chr13	8033325	8045166	Amillepora15565	14	6	0.42857142857142855	0.42857142857142855	42.857142857142854	0	51.35525910130955	13.725270326150326	100	0
chr13	8063750	8066634	Amillepora15568	2	0	0	0	0	0	0	0	0	0
chr13	8007526	8011169	Amillepora15563	2	0	0	0	0	0	0	0	0	0
chr13	7985556	7997406	Amillepora15559	10	2	0.2	0.2	20	0	42.16370213557839	13.333333333333332	100	0
chr13	7999714	8006149	Amillepora15561	8	3	0.375	0.375	37.5	0	51.75491695067657	18.298126367784995	100	0
chr13	8177409	8181089	Amillepora15576	3	1	0.3333333333333333	0.3333333333333333	33.333333333333336	0	57.735026918962575	33.333333333333336	100	0
chr13	8122574	8129336	Amillepora15571	2	0	0	0	0	0	0	0	0	0
chr13	8078201	8120547	Amillepora15570	49	5	0.10204081632653061	0.10204081632653061	10.204081632653061	0	30.583887092059825	4.369126727437119	100	0
chr13	8055335	8060202	Amillepora15567	4	3	0.75	0.75	75	100	50	25	100	0
chr13	8164842	8173128	Amillepora15574	1	0	0	0	0	0	NA	NA	0	0
chr13	8066995	8075404	Amillepora15569	7	3	0.42857142857142855	0.42857142857142855	42.857142857142854	0	53.45224838248488	20.203050891044217	100	0
chr13	8181878	8189339	Amillepora15577	9	2	0.2222222222222222	0.2222222222222222	22.22222222222222	0	44.09585518440984	14.698618394803281	100	0
chr13	8132969	8154223	Amillepora15572	20	2	0.1	0.1	10	0	30.779350562554622	6.882472016116853	100	0
chr13	8158151	8164713	Amillepora15573	4	2	0.5	0.5	50	50	57.735026918962575	28.867513459481287	100	0
chr13	8200311	8241702	Amillepora15578	19	2	0.10526315789473684	0.10526315789473684	10.526315789473685	0	31.53017676423058	7.233518641434491	100	0
chr13	8261632	8267088	Amillepora15581	10	0	0	0	0	0	0	0	0	0
chr13	8245815	8258715	Amillepora15580	16	2	0.125	0.125	12.5	0	34.15650255319866	8.539125638299666	100	0
chr13	8353389	8361503	Amillepora15591	12	0	0	0	0	0	0	0	0	0
chr13	8325144	8350984	Amillepora15589	32	0	0	0	0	0	0	0	0	0
chr13	8307794	8322760	Amillepora15588	13	1	0.07692307692307693	0.07692307692307693	7.6923076923076925	0	27.735009811261456	7.6923076923076925	100	0
chr13	8292095	8297393	Amillepora15587	3	0	0	0	0	0	0	0	0	0
chr13	8449332	8460347	Amillepora15596	10	1	0.1	0.1	10	0	31.622776601683793	10	100	0
chr13	8394330	8419471	Amillepora15593	44	1	0.022727272727272728	0.022727272727272728	2.272727272727273	0	15.075567228888172	2.2727272727272725	100	0
chr13	8424539	8430566	Amillepora15595	4	0	0	0	0	0	0	0	0	0
chr13	8482310	8492960	Amillepora15598	3	0	0	0	0	0	0	0	0	0
chr13	8561169	8565903	Amillepora15602	1	0	0	0	0	0	NA	NA	0	0
chr13	8651481	8660944	Amillepora15612	1	0	0	0	0	0	NA	NA	0	0
chr13	8747473	8750607	Amillepora15627	1	0	0	0	0	0	NA	NA	0	0
chr13	8585722	8592011	Amillepora15605	1	0	0	0	0	0	NA	NA	0	0
chr13	8673867	8690841	Amillepora15615	6	0	0	0	0	0	0	0	0	0
chr13	8773296	8789043	Amillepora15630	2	0	0	0	0	0	0	0	0	0
chr13	8792107	8794381	Amillepora15631	1	0	0	0	0	0	NA	NA	0	0
chr13	8867651	8870570	Amillepora15641	2	0	0	0	0	0	0	0	0	0
chr13	8955237	8971033	Amillepora15647	3	0	0	0	0	0	0	0	0	0
chr13	8913207	8914720	Amillepora15643	1	0	0	0	0	0	NA	NA	0	0
chr13	8975495	8976519	Amillepora15648	1	0	0	0	0	0	NA	NA	0	0
chr13	9001916	9005629	Amillepora15650	1	0	0	0	0	0	NA	NA	0	0
chr13	9144153	9145784	Amillepora15662	1	0	0	0	0	0	NA	NA	0	0
chr13	9145801	9149283	Amillepora15663	1	0	0	0	0	0	NA	NA	0	0
chr13	9156341	9159102	Amillepora15664	2	0	0	0	0	0	0	0	0	0
chr13	9218209	9224074	Amillepora15670	1	0	0	0	0	0	NA	NA	0	0
chr13	9230608	9234689	Amillepora15671	4	0	0	0	0	0	0	0	0	0
chr13	9336434	9339139	Amillepora15677	7	0	0	0	0	0	0	0	0	0
chr13	9313332	9323898	Amillepora15675	4	0	0	0	0	0	0	0	0	0
chr13	9386624	9387512	Amillepora15680	1	0	0	0	0	0	NA	NA	0	0
chr13	9384863	9397658	Amillepora15678	2	0	0	0	0	0	0	0	0	0
chr13	9434283	9442550	Amillepora15682	6	0	0	0	0	0	0	0	0	0
chr13	9564814	9565494	Amillepora15688	1	1	1	1	100	100	NA	NA	100	100
chr13	9601878	9606291	Amillepora15691	1	1	1	1	100	100	NA	NA	100	100
chr13	9719287	9728200	Amillepora15706	1	0	0	0	0	0	NA	NA	0	0
chr13	9629955	9632200	Amillepora15695	1	0	0	0	0	0	NA	NA	0	0
chr13	9794608	9799659	Amillepora15714	2	0	0	0	0	0	0	0	0	0
chr13	9836664	9852285	Amillepora15718	6	0	0	0	0	0	0	0	0	0
chr13	9869759	9871348	Amillepora15719	2	0	0	0	0	0	0	0	0	0
chr13	9878362	9888693	Amillepora15721	3	1	0.3333333333333333	0.3333333333333333	33.333333333333336	0	57.735026918962575	33.333333333333336	100	0
chr13	10058658	10062666	Amillepora15729	1	0	0	0	0	0	NA	NA	0	0
chr13	10069235	10075588	Amillepora15730	1	0	0	0	0	0	NA	NA	0	0
chr13	9921637	10010793	Amillepora15724	16	5	0.3125	0.3125	31.25	0	47.871355387816905	11.967838846954226	100	0
chr13	10118226	10119509	Amillepora15733	1	0	0	0	0	0	NA	NA	0	0
chr13	10257607	10260258	Amillepora15742	2	0	0	0	0	0	0	0	0	0
chr13	10188339	10195533	Amillepora15738	1	0	0	0	0	0	NA	NA	0	0
chr13	10199632	10210989	Amillepora15739	1	0	0	0	0	0	NA	NA	0	0
chr13	10273554	10274463	Amillepora15744	1	0	0	0	0	0	NA	NA	0	0
chr13	10368479	10372100	Amillepora15749	1	0	0	0	0	0	NA	NA	0	0
chr13	10297845	10310255	Amillepora15746	1	0	0	0	0	0	NA	NA	0	0
chr13	10314939	10316800	Amillepora15747	2	0	0	0	0	0	0	0	0	0
chr13	10443481	10447554	Amillepora15758	1	0	0	0	0	0	NA	NA	0	0
chr13	10463822	10465252	Amillepora15760	1	1	1	1	100	100	NA	NA	100	100
chr13	10420649	10433167	Amillepora15756	2	0	0	0	0	0	0	0	0	0
chr13	10526374	10537335	Amillepora15764	6	4	0.6666666666666666	0.6666666666666666	66.66666666666667	100	51.63977794943223	21.081851067789195	100	0
chr13	10510738	10516647	Amillepora15762	1	0	0	0	0	0	NA	NA	0	0
chr13	10516728	10526269	Amillepora15763	4	4	1	1	100	100	0	0	100	100
chr13	10496421	10507429	Amillepora15761	6	1	0.16666666666666666	0.16666666666666666	16.666666666666668	0	40.8248290463863	16.66666666666667	100	0
chr13	10545350	10560492	Amillepora15767	30	2	0.06666666666666667	0.06666666666666667	6.666666666666667	0	25.370813170246244	4.632055558531008	100	0
chr13	10577540	10581885	Amillepora15768	4	0	0	0	0	0	0	0	0	0
chr13	10601145	10606965	Amillepora15770	5	0	0	0	0	0	0	0	0	0
chr13	10629366	10631392	Amillepora15773	3	0	0	0	0	0	0	0	0	0
chr13	10587733	10599778	Amillepora15769	10	0	0	0	0	0	0	0	0	0
chr13	10621708	10628533	Amillepora15772	9	0	0	0	0	0	0	0	0	0
chr13	10651193	10657905	Amillepora15775	8	1	0.125	0.125	12.5	0	35.35533905932738	12.5	100	0
chr13	10661647	10684536	Amillepora15776	16	0	0	0	0	0	0	0	0	0
chr13	10635400	10648490	Amillepora15774	3	0	0	0	0	0	0	0	0	0
chr13	10610804	10612326	Amillepora15771	1	0	0	0	0	0	NA	NA	0	0
chr13	10716790	10769223	Amillepora15781	14	10	0.7142857142857143	0.7333333333333333	71.42857142857143	100	46.88072309384955	12.529400275814705	100	0
chr13	10779217	10789273	Amillepora15783	14	1	0.07142857142857142	0.07142857142857142	7.142857142857143	0	26.72612419124244	7.142857142857143	100	0
chr13	10771072	10771516	Amillepora15782	1	0	0	0	0	0	NA	NA	0	0
chr13	10792662	10797791	Amillepora15786	12	0	0	0	0	0	0	0	0	0
chr13	10860636	10864946	Amillepora15791	10	0	0	0	0	0	0	0	0	0
chr13	10810949	10826025	Amillepora15788	10	0	0	0	0	0	0	0	0	0
chr13	10933977	10941786	Amillepora15797	5	2	0.4	0.4	40	0	54.772255750516614	24.49489742783178	100	0
chr13	10946154	10954544	Amillepora15799	8	2	0.25	0.25	25	0	46.29100498862757	16.366341767699428	100	0
chr13	10884344	10891119	Amillepora15793	10	0	0	0	0	0	0	0	0	0
chr13	10928641	10934057	Amillepora15796	3	0	0	0	0	0	0	0	0	0
chr13	10941797	10946962	Amillepora15798	6	0	0	0	0	0	0	0	0	0
chr13	11048386	11049381	Amillepora15808	1	0	0	0	0	0	NA	NA	0	0
chr13	10995338	11013623	Amillepora15804	14	0	0	0	0	0	0	0	0	0
chr13	11074884	11075621	Amillepora15810	1	0	0	0	0	0	NA	NA	0	0
chr13	10983103	11007812	Amillepora15803	15	3	0.2	0.2	20	0	41.403933560541255	10.690449676496975	100	0
chr13	11020781	11023279	Amillepora15806	3	0	0	0	0	0	0	0	0	0
chr13	11059095	11060624	Amillepora15809	2	0	0	0	0	0	0	0	0	0
chr13	11040340	11045741	Amillepora15807	12	0	0	0	0	0	0	0	0	0
chr13	11100823	11109689	Amillepora15812	3	0	0	0	0	0	0	0	0	0
chr13	11110827	11112790	Amillepora15813	3	1	0.3333333333333333	0.3333333333333333	33.333333333333336	0	57.735026918962575	33.333333333333336	100	0
chr13	11116309	11117386	Amillepora15814	1	0	0	0	0	0	NA	NA	0	0
chr13	11152062	11153063	Amillepora15816	3	0	0	0	0	0	0	0	0	0
chr13	11096826	11100820	Amillepora15811	2	0	0	0	0	0	0	0	0	0
chr13	11154561	11159592	Amillepora15818	3	0	0	0	0	0	0	0	0	0
chr13	11176574	11179633	Amillepora15821	1	0	0	0	0	0	NA	NA	0	0
chr13	11162984	11164819	Amillepora15819	5	0	0	0	0	0	0	0	0	0
chr13	11266761	11268442	Amillepora15823	3	0	0	0	0	0	0	0	0	0
chr13	11375960	11382760	Amillepora15837	11	0	0	0	0	0	0	0	0	0
chr13	11346784	11354391	Amillepora15829	15	0	0	0	0	0	0	0	0	0
chr13	11362801	11367136	Amillepora15832	9	1	0.1111111111111111	0.1111111111111111	11.11111111111111	0	33.333333333333336	11.111111111111112	100	0
chr13	11358789	11361755	Amillepora15831	2	0	0	0	0	0	0	0	0	0
chr13	11309105	11313692	Amillepora15827	2	0	0	0	0	0	0	0	0	0
chr13	11315984	11327813	Amillepora15828	8	2	0.25	0.25	25	0	46.29100498862757	16.366341767699428	100	0
chr13	11451320	11463734	Amillepora15843	22	0	0	0	0	0	0	0	0	0
chr13	11467045	11483032	Amillepora15847	24	2	0.08333333333333333	0.08333333333333333	8.333333333333334	0	28.23298512866401	5.763033956734373	100	0
chr13	11433890	11437196	Amillepora15840	4	0	0	0	0	0	0	0	0	0
chr13	11445833	11448513	Amillepora15842	5	0	0	0	0	0	0	0	0	0
chr13	11464079	11466662	Amillepora15846	2	0	0	0	0	0	0	0	0	0
chr13	11443442	11444621	Amillepora15841	1	0	0	0	0	0	NA	NA	0	0
chr13	11383965	11395337	Amillepora15839	10	0	0	0	0	0	0	0	0	0
chr13	11505862	11511222	Amillepora15852	3	0	0	0	0	0	0	0	0	0
chr13	11496683	11497168	Amillepora15851	5	0	0	0	0	0	0	0	0	0
chr13	11495984	11496501	Amillepora15850	2	0	0	0	0	0	0	0	0	0
chr13	11511318	11517773	Amillepora15853	10	0	0	0	0	0	0	0	0	0
chr13	11525281	11531753	Amillepora15854	1	0	0	0	0	0	NA	NA	0	0
chr13	11725384	11745601	Amillepora15860	14	0	0	0	0	0	0	0	0	0
chr13	11970909	11971748	Amillepora15879	2	0	0	0	0	0	0	0	0	0
chr13	11970599	11977993	Amillepora15878	3	0	0	0	0	0	0	0	0	0
chr13	11870817	11874137	Amillepora15867	1	0	0	0	0	0	NA	NA	0	0
chr13	12017385	12018098	Amillepora15883	3	0	0	0	0	0	0	0	0	0
chr13	12015463	12016176	Amillepora15882	2	0	0	0	0	0	0	0	0	0
chr13	12005462	12028520	Amillepora15881	25	2	0.08	0.08	8	0	27.688746209726915	5.537749241945383	100	0
chr13	12029597	12044500	Amillepora15885	8	1	0.125	0.125	12.5	0	35.35533905932738	12.5	100	0
chr13	12056166	12084884	Amillepora15886	25	0	0	0	0	0	0	0	0	0
chr13	12205829	12207363	Amillepora15994	1	1	1	1	100	100	NA	NA	100	100
chr13	12301247	12312557	Amillepora15996	4	0	0	0	0	0	0	0	0	0
chr13	12463629	12475229	Amillepora16001	3	1	0.3333333333333333	0.3333333333333333	33.333333333333336	0	57.735026918962575	33.333333333333336	100	0
chr13	12529115	12532515	Amillepora16006	3	0	0	0	0	0	0	0	0	0
chr13	12568599	12570934	Amillepora16007	2	1	0.5	0.5	50	50	70.71067811865476	50	100	0
chr13	12495362	12497965	Amillepora16002	1	1	1	1	100	100	NA	NA	100	100
chr13	12643253	12649643	Amillepora16012	9	4	0.4444444444444444	0.4444444444444444	44.44444444444444	0	52.70462766947299	17.568209223157663	100	0
chr13	12638132	12639628	Amillepora16011	1	1	1	1	100	100	NA	NA	100	100
chr13	12592230	12596128	Amillepora16009	3	0	0	0	0	0	0	0	0	0
chr13	12761835	12789012	Amillepora16018	14	5	0.35714285714285715	0.4	35.714285714285715	0	49.72451580988469	13.289435848843764	100	0
chr13	12691039	12701729	Amillepora16015	9	2	0.2222222222222222	0.2222222222222222	22.22222222222222	0	44.09585518440984	14.698618394803281	100	0
chr13	12652394	12657660	Amillepora16013	6	2	0.3333333333333333	0.3333333333333333	33.333333333333336	0	51.63977794943222	21.081851067789195	100	0
chr13	12725723	12761803	Amillepora16017	52	2	0.038461538461538464	0.038461538461538464	3.8461538461538463	0	19.41839093451543	2.692846315438481	100	0
chr13	12708449	12709333	Amillepora16016	2	0	0	0	0	0	0	0	0	0
chr13	12874985	12875941	Amillepora16022	2	0	0	0	0	0	0	0	0	0
chr13	12792296	12798486	Amillepora16021	6	0	0	0	0	0	0	0	0	0
chr13	12791150	12791662	Amillepora16020	2	0	0	0	0	0	0	0	0	0
chr13	12941457	12944100	Amillepora16025	1	0	0	0	0	0	NA	NA	0	0
chr13	12950294	12955410	Amillepora16026	2	0	0	0	0	0	0	0	0	0
chr13	12896641	12897081	Amillepora16023	1	0	0	0	0	0	NA	NA	0	0
chr13	13034192	13037874	Amillepora16033	1	0	0	0	0	0	NA	NA	0	0
chr13	13071940	13084847	Amillepora16037	13	5	0.38461538461538464	0.38461538461538464	38.46153846153846	0	50.63696835418334	14.044168141158107	100	0
chr13	13117417	13139292	Amillepora16040	30	1	0.03333333333333333	0.03333333333333333	3.3333333333333335	0	18.25741858350554	3.333333333333333	100	0
chr13	13084889	13107200	Amillepora16039	29	1	0.034482758620689655	0.034482758620689655	3.4482758620689653	0	18.569533817705192	3.4482758620689653	100	0
chr13	13218584	13225338	Amillepora16043	4	0	0	0	0	0	0	0	0	0
chr13	13214513	13218567	Amillepora16042	5	0	0	0	0	0	0	0	0	0
chr13	13254303	13256197	Amillepora16044	4	0	0	0	0	0	0	0	0	0
chr13	13263923	13288799	Amillepora16045	22	0	0	0	0	0	0	0	0	0
chr13	13296439	13300801	Amillepora16047	3	0	0	0	0	0	0	0	0	0
chr13	13344129	13358490	Amillepora16049	17	0	0	0	0	0	0	0	0	0
chr13	13331716	13341180	Amillepora16048	7	0	0	0	0	0	0	0	0	0
chr13	13428501	13451696	Amillepora16061	23	3	0.13043478260869565	0.13043478260869565	13.043478260869565	0	34.4350221575091	7.180198468215396	100	0
chr13	13402788	13404248	Amillepora16059	5	0	0	0	0	0	0	0	0	0
chr13	13409835	13413198	Amillepora16060	3	0	0	0	0	0	0	0	0	0
chr13	13391515	13394221	Amillepora16057	2	0	0	0	0	0	0	0	0	0
chr13	13384683	13385626	Amillepora16053	3	0	0	0	0	0	0	0	0	0
chr13	13379655	13383733	Amillepora16052	3	0	0	0	0	0	0	0	0	0
chr13	13389911	13390596	Amillepora16055	1	0	0	0	0	0	NA	NA	0	0
chr13	13378410	13378833	Amillepora16051	1	0	0	0	0	0	NA	NA	0	0
chr13	13536508	13544351	Amillepora16069	7	3	0.42857142857142855	0.375	42.857142857142854	0	53.452248382484875	20.203050891044217	100	0
chr13	13500027	13514521	Amillepora16066	12	0	0	0	0	0	0	0	0	0
chr13	13465129	13477227	Amillepora16062	4	0	0	0	0	0	0	0	0	0
chr13	13481873	13495130	Amillepora16064	6	0	0	0	0	0	0	0	0	0
chr13	13477889	13481772	Amillepora16063	1	1	1	1	100	100	NA	NA	100	100
chr13	13522978	13523841	Amillepora16067	3	0	0	0	0	0	0	0	0	0
chr13	13632816	13662172	Amillepora16078	13	6	0.46153846153846156	0.46153846153846156	46.15384615384615	0	51.887452166277086	14.390989949130546	100	0
chr13	13547034	13566066	Amillepora16071	12	1	0.08333333333333333	0.08333333333333333	8.333333333333334	0	28.867513459481295	8.333333333333334	100	0
chr13	13581685	13584043	Amillepora16074	3	1	0.3333333333333333	0.3333333333333333	33.333333333333336	0	57.735026918962575	33.333333333333336	100	0
chr13	13662275	13676881	Amillepora16079	8	5	0.625	0.625	62.5	100	51.75491695067657	18.298126367784995	100	0
chr13	13601524	13612038	Amillepora16077	7	3	0.42857142857142855	0.42857142857142855	42.857142857142854	0	53.45224838248488	20.203050891044217	100	0
chr13	13715419	13724378	Amillepora16083	15	1	0.06666666666666667	0.0625	6.666666666666667	0	25.819888974716115	6.666666666666666	100	0
chr13	13681771	13688216	Amillepora16080	10	7	0.7	0.7	70	100	48.3045891539648	15.275252316519467	100	0
chr13	13705878	13713857	Amillepora16082	22	1	0.045454545454545456	0.045454545454545456	4.545454545454546	0	21.32007163556104	4.545454545454545	100	0
chr13	13690994	13696621	Amillepora16081	4	3	0.75	0.75	75	100	50	25	100	0
chr13	13783673	13785317	Amillepora16085	2	0	0	0	0	0	0	0	0	0
chr13	13824621	13831194	Amillepora16089	6	0	0	0	0	0	0	0	0	0
chr13	13871811	13873721	Amillepora16098	1	0	0	0	0	0	NA	NA	0	0
chr13	13859103	13867572	Amillepora16096	9	0	0	0	0	0	0	0	0	0
chr13	13822294	13824490	Amillepora16088	2	1	0.5	0.5	50	50	70.71067811865476	50	100	0
chr13	13831513	13836034	Amillepora16090	5	0	0	0	0	0	0	0	0	0
chr13	13836179	13852589	Amillepora16092	16	2	0.125	0.125	12.5	0	34.15650255319866	8.539125638299666	100	0
chr13	13915752	13917743	Amillepora16102	7	0	0	0	0	0	0	0	0	0
chr13	13913541	13914476	Amillepora16101	1	0	0	0	0	0	NA	NA	0	0
chr13	13920273	13922474	Amillepora16103	4	0	0	0	0	0	0	0	0	0
chr13	13939683	13952792	Amillepora16107	13	1	0.07692307692307693	0.07692307692307693	7.6923076923076925	0	27.735009811261456	7.6923076923076925	100	0
chr13	13878125	13911630	Amillepora16099	54	0	0	0	0	0	0	0	0	0
chr13	13966600	13973855	Amillepora16108	7	1	0.14285714285714285	0.14285714285714285	14.285714285714286	0	37.79644730092272	14.285714285714285	100	0
chr13	13976205	13986153	Amillepora16110	16	3	0.1875	0.1875	18.75	0	40.311288741492746	10.077822185373186	100	0
chr13	13923202	13927065	Amillepora16104	7	0	0	0	0	0	0	0	0	0
chr13	13935015	13939564	Amillepora16106	7	1	0.14285714285714285	0.14285714285714285	14.285714285714286	0	37.79644730092272	14.285714285714285	100	0
chr13	13933347	13934381	Amillepora16105	2	0	0	0	0	0	0	0	0	0
chr13	13996124	14023228	Amillepora16112	30	1	0.03333333333333333	0.03333333333333333	3.3333333333333335	0	18.25741858350554	3.333333333333333	100	0
chr13	14023515	14025227	Amillepora16115	4	0	0	0	0	0	0	0	0	0
chr13	14038085	14053342	Amillepora16116	35	0	0	0	0	0	0	0	0	0
chr13	14063845	14069473	Amillepora16117	4	0	0	0	0	0	0	0	0	0
chr13	13986469	14002215	Amillepora16111	14	1	0.07142857142857142	0.07142857142857142	7.142857142857143	0	26.72612419124244	7.142857142857143	100	0
chr13	14146116	14173147	Amillepora16126	47	2	0.0425531914893617	0.0425531914893617	4.25531914893617	0	20.40297088885787	2.9760791752350437	100	0
chr13	14070662	14091822	Amillepora16118	20	4	0.2	0.2	20	0	41.03913408340616	9.17662935482247	100	0
chr13	14121548	14125649	Amillepora16121	2	0	0	0	0	0	0	0	0	0
chr13	14126850	14145834	Amillepora16122	7	2	0.2857142857142857	0.2857142857142857	28.571428571428573	0	48.79500364742666	18.442777839082936	100	0
chr13	14248606	14256620	Amillepora16129	3	0	0	0	0	0	0	0	0	0
chr13	14382592	14385027	Amillepora16131	5	1	0.2	0.2	20	0	44.721359549995796	20	100	0
chr13	14392287	14433894	Amillepora16133	66	2	0.030303030303030304	0.030303030303030304	3.0303030303030303	0	17.273340683501196	2.1262012589261317	100	0
chr13	14442875	14462728	Amillepora16135	23	1	0.043478260869565216	0.043478260869565216	4.3478260869565215	0	20.851441405707476	4.347826086956522	100	0
chr13	14465022	14467265	Amillepora16136	5	0	0	0	0	0	0	0	0	0
chr13	14434035	14442794	Amillepora16134	2	1	0.5	0.5	50	50	70.71067811865476	50	100	0
chr13	14385572	14391843	Amillepora16132	7	1	0.14285714285714285	0.14285714285714285	14.285714285714286	0	37.79644730092272	14.285714285714285	100	0
chr13	14525875	14531259	Amillepora16139	1	0	0	0	0	0	NA	NA	0	0
chr13	14490893	14492945	Amillepora16138	5	0	0	0	0	0	0	0	0	0
chr13	14543019	14544803	Amillepora16141	2	0	0	0	0	0	0	0	0	0
chr13	14635694	14638963	Amillepora16145	1	0	0	0	0	0	NA	NA	0	0
chr13	14758783	14760126	Amillepora16151	1	1	1	1	100	100	NA	NA	100	100
chr13	14651398	14668924	Amillepora16146	5	1	0.2	0.2	20	0	44.721359549995796	20	100	0
chr13	14765218	14766797	Amillepora16153	1	1	1	1	100	100	NA	NA	100	100
chr13	14827195	14832155	Amillepora16162	1	1	1	1	100	100	NA	NA	100	100
chr13	14832565	14858876	Amillepora16163	16	3	0.1875	0.1875	18.75	0	40.311288741492746	10.077822185373186	100	0
chr13	14808680	14812492	Amillepora16158	4	1	0.25	0.25	25	0	50	25	100	0
chr13	14813252	14821694	Amillepora16159	1	0	0	0	0	0	NA	NA	0	0
chr13	14822278	14826986	Amillepora16160	2	0	0	0	0	0	0	0	0	0
chr13	14797843	14806640	Amillepora16157	4	0	0	0	0	0	0	0	0	0
chr13	14870903	14873877	Amillepora16165	1	0	0	0	0	0	NA	NA	0	0
chr13	14898235	14918641	Amillepora16170	13	2	0.15384615384615385	0.15384615384615385	15.384615384615385	0	37.553380809940535	10.415433852097385	100	0
chr13	14885389	14890416	Amillepora16168	14	1	0.07142857142857142	0.07142857142857142	7.142857142857143	0	26.726124191242445	7.142857142857143	100	0
chr13	14882058	14885317	Amillepora16167	4	0	0	0	0	0	0	0	0	0
chr13	14890739	14898148	Amillepora16169	15	2	0.13333333333333333	0.13333333333333333	13.333333333333334	0	35.18657752744984	9.085135251589959	100	0
chr13	14965224	14968675	Amillepora16174	1	0	0	0	0	0	NA	NA	0	0
chr13	14920489	14924012	Amillepora16172	6	0	0	0	0	0	0	0	0	0
chr13	14958755	14960922	Amillepora16173	4	0	0	0	0	0	0	0	0	0
chr13	14899432	14903141	Amillepora16171	2	1	0.5	0.5	50	50	70.71067811865476	50	100	0
chr13	14976773	14979424	Amillepora16176	4	0	0	0	0	0	0	0	0	0
chr13	14982690	14989006	Amillepora16177	4	1	0.25	0.25	25	0	50	25	100	0
chr13	15061250	15065907	Amillepora16184	7	0	0	0	0	0	0	0	0	0
chr13	15028407	15039345	Amillepora16180	2	0	0	0	0	0	0	0	0	0
chr13	15046396	15057999	Amillepora16183	12	0	0	0	0	0	0	0	0	0
chr13	15019113	15024321	Amillepora16179	7	0	0	0	0	0	0	0	0	0
chr13	15003963	15012563	Amillepora16178	4	0	0	0	0	0	0	0	0	0
chr13	15103481	15111597	Amillepora16189	13	1	0.07692307692307693	0.07692307692307693	7.6923076923076925	0	27.735009811261456	7.6923076923076925	100	0
chr13	15167376	15179718	Amillepora16194	12	1	0.08333333333333333	0.08333333333333333	8.333333333333334	0	28.867513459481295	8.333333333333334	100	0
chr13	15078369	15089524	Amillepora16185	9	4	0.4444444444444444	0.4444444444444444	44.44444444444444	0	52.70462766947299	17.568209223157663	100	0
chr13	15155279	15163780	Amillepora16193	3	0	0	0	0	0	0	0	0	0
chr13	15145854	15158939	Amillepora16192	16	2	0.125	0.125	12.5	0	34.15650255319866	8.539125638299666	100	0
chr13	15137872	15142452	Amillepora16191	3	1	0.3333333333333333	0.3333333333333333	33.333333333333336	0	57.735026918962575	33.333333333333336	100	0
chr13	15090429	15098147	Amillepora16188	8	0	0	0	0	0	0	0	0	0
chr13	15179732	15195132	Amillepora16197	23	0	0	0	0	0	0	0	0	0
chr13	15204038	15210188	Amillepora16198	7	0	0	0	0	0	0	0	0	0
chr13	15332063	15334180	Amillepora16204	3	1	0.3333333333333333	0.3333333333333333	33.333333333333336	0	57.735026918962575	33.333333333333336	100	0
chr13	15345834	15349275	Amillepora16205	2	0	0	0	0	0	0	0	0	0
chr13	15273119	15286833	Amillepora16201	1	0	0	0	0	0	NA	NA	0	0
chr13	15387816	15401050	Amillepora16207	6	0	0	0	0	0	0	0	0	0
chr13	15444232	15447818	Amillepora16209	8	1	0.125	0.125	12.5	0	35.35533905932738	12.5	100	0
chr13	15470678	15473158	Amillepora16210	3	1	0.3333333333333333	0.3333333333333333	33.333333333333336	0	57.735026918962575	33.333333333333336	100	0
chr13	15535892	15540050	Amillepora16215	4	2	0.5	0.5	50	50	57.735026918962575	28.867513459481287	100	0
chr13	15529888	15535535	Amillepora16214	2	1	0.5	0.5	50	50	70.71067811865476	50	100	0
chr13	15486035	15491043	Amillepora16211	12	0	0	0	0	0	0	0	0	0
chr13	15515849	15527611	Amillepora16213	9	2	0.2222222222222222	0.2	22.22222222222222	0	44.09585518440984	14.698618394803281	100	0
chr13	15493536	15501119	Amillepora16212	9	0	0	0	0	0	0	0	0	0
chr13	15558542	15600732	Amillepora16220	94	4	0.0425531914893617	0.0425531914893617	4.25531914893617	0	20.29298102619	2.093061178033892	100	0
chr13	15602915	15603634	Amillepora16222	1	0	0	0	0	0	NA	NA	0	0
chr13	15606165	15606593	Amillepora16223	1	0	0	0	0	0	NA	NA	0	0
chr13	15629189	15633193	Amillepora16229	6	1	0.16666666666666666	0.16666666666666666	16.666666666666668	0	40.82482904638629	16.66666666666667	100	0
chr13	15620591	15621547	Amillepora16226	4	0	0	0	0	0	0	0	0	0
chr13	15611345	15616633	Amillepora16225	8	0	0	0	0	0	0	0	0	0
chr13	15624095	15626613	Amillepora16227	4	0	0	0	0	0	0	0	0	0
chr13	15736808	15740105	Amillepora16236	6	5	0.8333333333333334	0.8333333333333334	83.33333333333333	100	40.824829046386306	16.66666666666667	100	0
chr13	15755058	15759295	Amillepora16238	3	2	0.6666666666666666	0.6666666666666666	66.66666666666667	100	57.73502691896258	33.333333333333336	100	0
chr13	15647936	15667916	Amillepora16231	23	1	0.043478260869565216	0.043478260869565216	4.3478260869565215	0	20.851441405707476	4.347826086956522	100	0
chr13	15637032	15643741	Amillepora16230	4	2	0.5	0.5	50	50	57.735026918962575	28.867513459481287	100	0
chr13	15688179	15689244	Amillepora16233	1	0	0	0	0	0	NA	NA	0	0
chr13	15696822	15736355	Amillepora16235	51	2	0.0392156862745098	0.038461538461538464	3.9215686274509802	0	19.60392117639215	2.7450980392156863	100	0
chr13	15742796	15754401	Amillepora16237	5	0	0	0	0	0	0	0	0	0
chr13	15759562	15764610	Amillepora16239	9	0	0	0	0	0	0	0	0	0
chr13	15822128	15825813	Amillepora16245	3	0	0	0	0	0	0	0	0	0
chr13	15801448	15811351	Amillepora16243	7	1	0.14285714285714285	0.14285714285714285	14.285714285714286	0	37.79644730092272	14.285714285714285	100	0
chr13	15786421	15792719	Amillepora16242	12	1	0.08333333333333333	0.08333333333333333	8.333333333333334	0	28.867513459481298	8.333333333333334	100	0
chr13	15832240	15853197	Amillepora16246	33	3	0.09090909090909091	0.09090909090909091	9.090909090909092	0	29.193710406057107	5.081972676135885	100	0
chr13	15909102	15919136	Amillepora16252	11	1	0.09090909090909091	0.09090909090909091	9.090909090909092	0	30.151134457776358	9.09090909090909	100	0
chr13	15884326	15895466	Amillepora16250	14	1	0.07142857142857142	0.07142857142857142	7.142857142857143	0	26.72612419124244	7.142857142857143	100	0
chr13	15865329	15879986	Amillepora16248	12	1	0.08333333333333333	0.08333333333333333	8.333333333333334	0	28.867513459481295	8.333333333333334	100	0
chr13	15964612	15966629	Amillepora16254	7	0	0	0	0	0	0	0	0	0
chr13	15901572	15908991	Amillepora16251	4	2	0.5	0.5	50	50	57.735026918962575	28.867513459481287	100	0
chr13	16001994	16017554	Amillepora16257	7	5	0.7142857142857143	0.7142857142857143	71.42857142857143	100	48.79500364742666	18.442777839082936	100	0
chr13	15984669	16000983	Amillepora16256	6	2	0.3333333333333333	0.3333333333333333	33.333333333333336	0	51.63977794943222	21.081851067789195	100	0
chr13	16066290	16080492	Amillepora16263	7	1	0.14285714285714285	0.14285714285714285	14.285714285714286	0	37.79644730092272	14.285714285714285	100	0
chr13	16022675	16024257	Amillepora16258	1	0	0	0	0	0	NA	NA	0	0
chr13	15978025	15983951	Amillepora16255	4	1	0.25	0.25	25	0	50	25	100	0
chr13	16036461	16042344	Amillepora16260	12	0	0	0	0	0	0	0	0	0
chr13	16080899	16085881	Amillepora16265	3	1	0.3333333333333333	0.3333333333333333	33.333333333333336	0	57.735026918962575	33.333333333333336	100	0
chr13	16025333	16030393	Amillepora16259	2	0	0	0	0	0	0	0	0	0
chr13	16046803	16065135	Amillepora16261	19	3	0.15789473684210525	0.15789473684210525	15.789473684210526	0	37.46343246326776	8.5947008518708	100	0
chr13	16150333	16151976	Amillepora16270	3	0	0	0	0	0	0	0	0	0
chr13	16114373	16129662	Amillepora16268	23	0	0	0	0	0	0	0	0	0
chr13	16132102	16133354	Amillepora16269	2	1	0.5	0.5	50	50	70.71067811865476	50	100	0
chr13	16102694	16105745	Amillepora16267	2	0	0	0	0	0	0	0	0	0
chr13	16196709	16209853	Amillepora16277	6	0	0	0	0	0	0	0	0	0
chr13	16175772	16177081	Amillepora16274	2	0	0	0	0	0	0	0	0	0
chr13	16249197	16254569	Amillepora16285	7	0	0	0	0	0	0	0	0	0
chr13	16185857	16187119	Amillepora16276	1	0	0	0	0	0	NA	NA	0	0
chr13	16257456	16258093	Amillepora16286	1	0	0	0	0	0	NA	NA	0	0
chr13	16336980	16353147	Amillepora16298	19	1	0.05263157894736842	0.05263157894736842	5.2631578947368425	0	22.94157338705618	5.263157894736841	100	0
chr13	16354275	16356325	Amillepora16299	14	2	0.14285714285714285	0.14285714285714285	14.285714285714286	0	36.313651960128155	9.705231721239393	100	0
chr13	16358992	16360552	Amillepora16300	1	0	0	0	0	0	NA	NA	0	0
chr13	16327205	16336754	Amillepora16297	9	1	0.1111111111111111	0.1111111111111111	11.11111111111111	0	33.333333333333336	11.111111111111112	100	0
chr13	16308916	16324043	Amillepora16292	18	4	0.2222222222222222	0.2222222222222222	22.22222222222222	0	42.77926319464986	10.08316903303367	100	0
chr13	16450442	16455996	Amillepora16306	1	1	1	1	100	100	NA	NA	100	100
chr13	16471797	16489085	Amillepora16308	2	0	0	0	0	0	0	0	0	0
chr13	16457627	16468669	Amillepora16307	6	0	0	0	0	0	0	0	0	0
chr13	16400770	16402477	Amillepora16302	2	0	0	0	0	0	0	0	0	0
chr13	16429451	16439490	Amillepora16305	4	0	0	0	0	0	0	0	0	0
chr13	16424166	16425699	Amillepora16304	2	0	0	0	0	0	0	0	0	0
chr13	16574887	16587964	Amillepora16321	16	0	0	0	0	0	0	0	0	0
chr13	16562387	16566369	Amillepora16319	1	0	0	0	0	0	NA	NA	0	0
chr13	16569323	16574141	Amillepora16320	2	2	1	1	100	100	0	0	100	100
chr13	16542834	16557889	Amillepora16318	16	1	0.0625	0.0625	6.25	0	25	6.25	100	0
chr13	16538396	16539913	Amillepora16317	3	0	0	0	0	0	0	0	0	0
chr13	16507275	16509791	Amillepora16313	2	0	0	0	0	0	0	0	0	0
chr13	16514314	16519769	Amillepora16314	5	0	0	0	0	0	0	0	0	0
chr13	16499153	16504884	Amillepora16312	2	0	0	0	0	0	0	0	0	0
chr13	16522334	16524200	Amillepora16315	1	0	0	0	0	0	NA	NA	0	0
chr13	16614096	16636211	Amillepora16322	38	1	0.02631578947368421	0.02564102564102564	2.6315789473684212	0	16.22214211307625	2.631578947368421	100	0
chr13	16641202	16660215	Amillepora16323	16	1	0.0625	0.0625	6.25	0	25	6.25	100	0
chr13	16664712	16674869	Amillepora16324	3	1	0.3333333333333333	0.3333333333333333	33.333333333333336	0	57.735026918962575	33.333333333333336	100	0
chr13	16679709	16682168	Amillepora16325	1	1	1	1	100	100	NA	NA	100	100
chr13	16748083	16753945	Amillepora16331	3	2	0.6666666666666666	0.6666666666666666	66.66666666666667	100	57.735026918962575	33.333333333333336	100	0
chr13	16722329	16744462	Amillepora16330	25	5	0.2	0.2	20	0	40.824829046386306	8.16496580927726	100	0
chr13	16692997	16697522	Amillepora16326	3	1	0.3333333333333333	0.3333333333333333	33.333333333333336	0	57.735026918962575	33.333333333333336	100	0
chr13	16706875	16721013	Amillepora16329	11	1	0.09090909090909091	0.09090909090909091	9.090909090909092	0	30.151134457776354	9.09090909090909	100	0
chr13	16760804	16778516	Amillepora16334	8	1	0.125	0.125	12.5	0	35.35533905932738	12.5	100	0
chr13	16697536	16705256	Amillepora16328	2	0	0	0	0	0	0	0	0	0
chr13	16758159	16760060	Amillepora16333	2	1	0.5	0.5	50	50	70.71067811865476	50	100	0
chr13	16882406	16888641	Amillepora16344	7	0	0	0	0	0	0	0	0	0
chr13	16852599	16856542	Amillepora16342	2	1	0.5	0.5	50	50	70.71067811865476	50	100	0
chr13	16873811	16882279	Amillepora16343	3	0	0	0	0	0	0	0	0	0
chr13	16782041	16795539	Amillepora16336	7	1	0.14285714285714285	0.14285714285714285	14.285714285714286	0	37.79644730092272	14.285714285714285	100	0
chr13	16814155	16814649	Amillepora16340	2	0	0	0	0	0	0	0	0	0
chr13	16808243	16809027	Amillepora16339	4	0	0	0	0	0	0	0	0	0
chr13	16895373	16902167	Amillepora16345	17	1	0.058823529411764705	0.05555555555555555	5.882352941176471	0	24.253562503633297	5.88235294117647	100	0
chr13	16923580	16931167	Amillepora16348	12	0	0	0	0	0	0	0	0	0
chr13	16937577	16946159	Amillepora16349	3	2	0.6666666666666666	0.6666666666666666	66.66666666666667	100	57.735026918962575	33.333333333333336	100	0
chr13	16948119	16982181	Amillepora16350	38	6	0.15789473684210525	0.15789473684210525	15.789473684210526	0	36.95370214766321	5.994682078436837	100	0
chr13	17018032	17024075	Amillepora16353	10	0	0	0	0	0	0	0	0	0
chr13	17026943	17030778	Amillepora16354	5	0	0	0	0	0	0	0	0	0
chr13	17067124	17087882	Amillepora16357	19	0	0	0	0	0	0	0	0	0
chr13	17006555	17012466	Amillepora16351	11	0	0	0	0	0	0	0	0	0
chr13	17038036	17051121	Amillepora16356	14	0	0	0	0	0	0	0	0	0
chr13	17032460	17036765	Amillepora16355	7	1	0.14285714285714285	0.14285714285714285	14.285714285714286	0	37.79644730092272	14.285714285714285	100	0
chr13	17111150	17126633	Amillepora16358	14	3	0.21428571428571427	0.21428571428571427	21.428571428571427	0	42.581531362632	11.380392954509878	100	0
chr13	17126692	17138264	Amillepora16360	8	1	0.125	0.125	12.5	0	35.35533905932738	12.5	100	0
chr13	17318790	17326738	Amillepora16367	21	0	0	0	0	0	0	0	0	0
chr13	17290731	17315232	Amillepora16366	18	1	0.05555555555555555	0.05555555555555555	5.555555555555555	0	23.570226039551578	5.555555555555556	100	0
chr13	17525563	17530642	Amillepora16371	4	0	0	0	0	0	0	0	0	0
chr13	17667393	17672954	Amillepora16374	1	1	1	1	100	100	NA	NA	100	100
chr13	17653762	17667321	Amillepora16372	17	0	0	0	0	0	0	0	0	0
chr13	17744633	17757285	Amillepora16380	12	1	0.08333333333333333	0.08333333333333333	8.333333333333334	0	28.867513459481295	8.333333333333334	100	0
chr13	17714978	17727341	Amillepora16377	17	2	0.11764705882352941	0.11764705882352941	11.764705882352942	0	33.21055820775358	8.05474349272303	100	0
chr13	17680369	17710269	Amillepora16376	30	1	0.03333333333333333	0.03333333333333333	3.3333333333333335	0	18.25741858350554	3.333333333333333	100	0
chr13	17736114	17752261	Amillepora16379	17	1	0.058823529411764705	0.058823529411764705	5.882352941176471	0	24.2535625036333	5.88235294117647	100	0
chr13	17732075	17735407	Amillepora16378	7	0	0	0	0	0	0	0	0	0
chr13	17773250	17784717	Amillepora16383	19	0	0	0	0	0	0	0	0	0
chr13	17761562	17770911	Amillepora16382	18	0	0	0	0	0	0	0	0	0
chr13	17824545	17836303	Amillepora16388	11	0	0	0	0	0	0	0	0	0
chr13	17795172	17806823	Amillepora16385	12	0	0	0	0	0	0	0	0	0
chr13	17809626	17818354	Amillepora16386	15	0	0	0	0	0	0	0	0	0
chr13	17818367	17820648	Amillepora16387	2	0	0	0	0	0	0	0	0	0
chr13	18035374	18067121	Amillepora16397	46	2	0.043478260869565216	0.043478260869565216	4.3478260869565215	0	20.61845709423623	3.0400256468700046	100	0
chr13	18017963	18025043	Amillepora16396	19	0	0	0	0	0	0	0	0	0
chr13	18066888	18071481	Amillepora16399	3	2	0.6666666666666666	0.6666666666666666	66.66666666666667	100	57.735026918962575	33.333333333333336	100	0
chr13	18072166	18077639	Amillepora16400	4	1	0.25	0.25	25	0	50	25	100	0
chr13	18120480	18153580	Amillepora16404	4	1	0.25	0.25	25	0	50	25	100	0
chr13	18105479	18107210	Amillepora16403	1	0	0	0	0	0	NA	NA	0	0
chr13	18078826	18090267	Amillepora16401	4	2	0.5	0.5	50	50	57.735026918962575	28.867513459481287	100	0
chr13	18097667	18102304	Amillepora16402	4	0	0	0	0	0	0	0	0	0
chr13	18122404	18153679	Amillepora16405	3	1	0.3333333333333333	0.3333333333333333	33.333333333333336	0	57.735026918962575	33.333333333333336	100	0
chr13	18217658	18230307	Amillepora16413	4	1	0.25	0.25	25	0	50	25	100	0
chr13	18194676	18201697	Amillepora16411	11	1	0.09090909090909091	0.09090909090909091	9.090909090909092	0	30.151134457776354	9.09090909090909	100	0
chr13	18273066	18285351	Amillepora16419	7	0	0	0	0	0	0	0	0	0
chr13	18238188	18242289	Amillepora16415	8	0	0	0	0	0	0	0	0	0
chr13	18257746	18259995	Amillepora16418	7	1	0.14285714285714285	0.14285714285714285	14.285714285714286	0	37.79644730092272	14.285714285714285	100	0
chr13	18230786	18235768	Amillepora16414	1	0	0	0	0	0	NA	NA	0	0
chr13	18245917	18249868	Amillepora16416	5	0	0	0	0	0	0	0	0	0
chr13	18205079	18215246	Amillepora16412	3	2	0.6666666666666666	0.6666666666666666	66.66666666666667	100	57.73502691896258	33.333333333333336	100	0
chr13	18298999	18302226	Amillepora16420	12	0	0	0	0	0	0	0	0	0
chr13	18349599	18355565	Amillepora16426	3	2	0.6666666666666666	0.6666666666666666	66.66666666666667	100	57.735026918962575	33.333333333333336	100	0
chr13	18346704	18349071	Amillepora16425	1	0	0	0	0	0	NA	NA	0	0
chr13	18332221	18334802	Amillepora16424	2	0	0	0	0	0	0	0	0	0
chr13	18308119	18309306	Amillepora16422	7	2	0.2857142857142857	0.2857142857142857	28.571428571428573	0	48.79500364742666	18.442777839082936	100	0
chr13	18311130	18312305	Amillepora16423	5	0	0	0	0	0	0	0	0	0
chr13	18307300	18315566	Amillepora16421	17	2	0.11764705882352941	0.11764705882352941	11.764705882352942	0	33.21055820775357	8.05474349272303	100	0
chr13	18388456	18406320	Amillepora16431	15	4	0.26666666666666666	0.26666666666666666	26.666666666666668	0	45.77377082170634	11.818736805705578	100	0
chr13	18437840	18456574	Amillepora16435	24	0	0	0	0	0	0	0	0	0
chr13	18408247	18433111	Amillepora16433	14	1	0.07142857142857142	0.07142857142857142	7.142857142857143	0	26.72612419124244	7.142857142857143	100	0
chr13	18554827	18561150	Amillepora16446	5	0	0	0	0	0	0	0	0	0
chr13	18573703	18583305	Amillepora16448	6	0	0	0	0	0	0	0	0	0
chr13	18483919	18491602	Amillepora16436	11	0	0	0	0	0	0	0	0	0
chr13	18522468	18529108	Amillepora16442	4	1	0.25	0.25	25	0	50	25	100	0
chr13	18491995	18497079	Amillepora16438	8	0	0	0	0	0	0	0	0	0
chr13	18497727	18500510	Amillepora16439	8	0	0	0	0	0	0	0	0	0
chr13	18501057	18507444	Amillepora16440	7	1	0.14285714285714285	0.14285714285714285	14.285714285714286	0	37.79644730092272	14.285714285714285	100	0
chr13	18509293	18519390	Amillepora16441	13	0	0	0	0	0	0	0	0	0
chr13	18637704	18640055	Amillepora16452	1	0	0	0	0	0	NA	NA	0	0
chr13	18642949	18650296	Amillepora16453	18	1	0.05555555555555555	0.05555555555555555	5.555555555555555	0	23.570226039551578	5.555555555555556	100	0
chr13	18654608	18658592	Amillepora16455	1	0	0	0	0	0	NA	NA	0	0
chr13	18616812	18628149	Amillepora16450	4	2	0.5	0.5	50	50	57.735026918962575	28.867513459481287	100	0
chr13	18742032	18750068	Amillepora16459	2	0	0	0	0	0	0	0	0	0
chr13	18664340	18723516	Amillepora16456	56	3	0.05357142857142857	0.05357142857142857	5.357142857142857	0	22.72077829287032	3.036191711884685	100	0
chr13	18722899	18737611	Amillepora16458	16	2	0.125	0.125	12.5	0	34.15650255319866	8.539125638299666	100	0
chr13	18801713	18809285	Amillepora16463	5	2	0.4	0.4	40	0	54.772255750516614	24.49489742783178	100	0
chr13	18771216	18781455	Amillepora16460	13	2	0.15384615384615385	0.15384615384615385	15.384615384615385	0	37.553380809940535	10.415433852097385	100	0
chr13	18810849	18828513	Amillepora16464	22	0	0	0	0	0	0	0	0	0
chr13	18782499	18801615	Amillepora16461	24	0	0	0	0	0	0	0	0	0
chr13	18856934	18877298	Amillepora16465	31	2	0.06451612903225806	0.06451612903225806	6.451612903225806	0	24.973103811470743	4.485301852605207	100	0
chr13	18890695	18910338	Amillepora16468	29	0	0	0	0	0	0	0	0	0
chr13	18937418	18945578	Amillepora16469	7	0	0	0	0	0	0	0	0	0
chr13	18948647	18957707	Amillepora16470	13	0	0	0	0	0	0	0	0	0
chr13	19011372	19024829	Amillepora16473	8	4	0.5	0.5	50	50	53.45224838248488	18.89822365046136	100	0
chr13	19028506	19038200	Amillepora16475	7	0	0	0	0	0	0	0	0	0
chr13	19038247	19063405	Amillepora16476	22	2	0.09090909090909091	0.09090909090909091	9.090909090909092	0	29.424494316824976	6.273323266748674	100	0
chr13	18999641	19007666	Amillepora16472	20	3	0.15	0.15	15	0	36.634754853252325	8.191780219091253	100	0
chr13	19182118	19188136	Amillepora16489	10	1	0.1	0.1	10	0	31.622776601683793	10	100	0
chr13	19097557	19105642	Amillepora16483	2	0	0	0	0	0	0	0	0	0
chr13	19088228	19094003	Amillepora16482	1	0	0	0	0	0	NA	NA	0	0
chr13	19075988	19088128	Amillepora16478	7	0	0	0	0	0	0	0	0	0
chr13	19172678	19182042	Amillepora16488	2	1	0.5	0.5	50	50	70.71067811865476	50	100	0
chr13	19106316	19139616	Amillepora16484	11	3	0.2727272727272727	0.2727272727272727	27.272727272727273	0	46.70993664969137	14.083575804390607	100	0
chr13	19141545	19143374	Amillepora16486	1	0	0	0	0	0	NA	NA	0	0
chr13	19189662	19213531	Amillepora16490	39	1	0.02564102564102564	0.02564102564102564	2.5641025641025643	0	16.012815380508712	2.564102564102564	100	0
chr13	19215071	19223640	Amillepora16492	13	0	0	0	0	0	0	0	0	0
chr13	19236376	19244977	Amillepora16493	3	0	0	0	0	0	0	0	0	0
chr13	19362309	19364532	Amillepora16502	1	0	0	0	0	0	NA	NA	0	0
chr13	19321304	19361219	Amillepora16500	28	10	0.35714285714285715	0.35714285714285715	35.714285714285715	0	48.79500364742667	9.221388919541468	100	0
chr13	19305729	19320562	Amillepora16499	5	0	0	0	0	0	0	0	0	0
chr13	19366159	19376447	Amillepora16503	4	0	0	0	0	0	0	0	0	0
chr13	19385330	19387886	Amillepora16505	2	1	0.5	0.5	50	50	70.71067811865476	50	100	0
chr13	19462699	19465731	Amillepora16513	5	0	0	0	0	0	0	0	0	0
chr13	19484951	19489317	Amillepora16516	4	0	0	0	0	0	0	0	0	0
chr13	19436924	19441319	Amillepora16510	1	1	1	1	100	100	NA	NA	100	100
chr13	19434783	19436867	Amillepora16509	1	1	1	1	100	100	NA	NA	100	100
chr13	19476517	19478811	Amillepora16515	7	1	0.14285714285714285	0.125	7.142857142857143	0	18.89822365046136	7.142857142857142	50	0
chr13	19466818	19474185	Amillepora16514	18	2	0.1111111111111111	0.1111111111111111	11.11111111111111	0	32.33808333817772	7.622159339667059	100	0
chr13	19378560	19385697	Amillepora16504	6	3	0.5	0.5	50	50	54.772255750516614	22.3606797749979	100	0
chr13	19449632	19458407	Amillepora16512	2	2	1	1	100	100	0	0	100	100
chr13	19402271	19418177	Amillepora16507	21	0	0	0	0	0	0	0	0	0
chr13	19388953	19400388	Amillepora16506	9	6	0.6666666666666666	0.6666666666666666	66.66666666666667	100	50	16.666666666666668	100	0
chr13	19440743	19446061	Amillepora16511	1	0	0	0	0	0	NA	NA	0	0
chr13	19493562	19498635	Amillepora16518	6	0	0	0	0	0	0	0	0	0
chr13	19501255	19510663	Amillepora16520	1	1	1	1	100	100	NA	NA	100	100
chr13	19526659	19530613	Amillepora16525	3	0	0	0	0	0	0	0	0	0
chr13	19520118	19521764	Amillepora16523	2	0	0	0	0	0	0	0	0	0
chr13	19541427	19562557	Amillepora16527	25	1	0.04	0.04	4	0	20	4	100	0
chr13	19531146	19539914	Amillepora16526	15	0	0	0	0	0	0	0	0	0
chr13	19517726	19518628	Amillepora16522	1	0	0	0	0	0	NA	NA	0	0
chr13	19498903	19501045	Amillepora16519	2	0	0	0	0	0	0	0	0	0
chr13	19510979	19516874	Amillepora16521	4	1	0.25	0.25	25	0	50	25	100	0
chr13	19524548	19526511	Amillepora16524	1	0	0	0	0	0	NA	NA	0	0
chr13	19600118	19602052	Amillepora16530	1	0	0	0	0	0	NA	NA	0	0
chr13	19577924	19589234	Amillepora16528	6	0	0	0	0	0	0	0	0	0
chr13	19623584	19631290	Amillepora16536	11	0	0	0	0	0	0	0	0	0
chr13	19632960	19651444	Amillepora16538	27	1	0.037037037037037035	0.037037037037037035	3.7037037037037037	0	19.245008972987527	3.703703703703704	100	0
chr13	19593439	19595721	Amillepora16529	1	0	0	0	0	0	NA	NA	0	0
chr13	19631775	19634524	Amillepora16537	1	0	0	0	0	0	NA	NA	0	0
chr13	19606996	19607871	Amillepora16532	1	0	0	0	0	0	NA	NA	0	0
chr13	19613190	19619025	Amillepora16534	1	0	0	0	0	0	NA	NA	0	0
chr13	19652796	19663785	Amillepora16539	12	1	0.08333333333333333	0.08333333333333333	8.333333333333334	0	28.867513459481305	8.333333333333334	100	0
chr13	19666740	19670956	Amillepora16540	8	0	0	0	0	0	0	0	0	0
chr13	19604037	19605347	Amillepora16531	1	0	0	0	0	0	NA	NA	0	0
chr13	19753435	19762022	Amillepora16550	3	2	0.6666666666666666	0.6666666666666666	66.66666666666667	100	57.73502691896258	33.333333333333336	100	0
chr13	19748032	19751878	Amillepora16548	3	2	0.6666666666666666	0.6666666666666666	66.66666666666667	100	57.73502691896258	33.333333333333336	100	0
chr13	19725431	19730892	Amillepora16545	6	1	0.16666666666666666	0.16666666666666666	16.666666666666668	0	40.82482904638629	16.66666666666667	100	0
chr13	19694835	19708549	Amillepora16543	6	1	0.16666666666666666	0.16666666666666666	16.666666666666668	0	40.8248290463863	16.66666666666667	100	0
chr13	19677819	19687510	Amillepora16541	4	4	1	1	100	100	0	0	100	100
chr13	19762654	19766224	Amillepora16551	1	1	1	1	100	100	NA	NA	100	100
chr13	19752138	19753330	Amillepora16549	2	0	0	0	0	0	0	0	0	0
chr13	19710269	19724790	Amillepora16544	11	7	0.6363636363636364	0.6363636363636364	63.63636363636363	100	50.4524979109513	15.212000482437738	100	0
chr13	19688397	19694657	Amillepora16542	3	0	0	0	0	0	0	0	0	0
chr13	19736653	19744314	Amillepora16546	1	1	1	1	100	100	NA	NA	100	100
chr13	19768311	19780014	Amillepora16553	6	1	0.16666666666666666	0.16666666666666666	16.666666666666668	0	40.8248290463863	16.66666666666667	100	0
chr13	19863065	19863844	Amillepora16560	2	0	0	0	0	0	0	0	0	0
chr13	19857496	19858254	Amillepora16559	2	0	0	0	0	0	0	0	0	0
chr13	19781949	19791477	Amillepora16554	2	0	0	0	0	0	0	0	0	0
chr13	19849812	19855498	Amillepora16557	1	0	0	0	0	0	NA	NA	0	0
chr13	19809629	19820329	Amillepora16555	10	0	0	0	0	0	0	0	0	0
chr13	19949618	19977677	Amillepora16568	25	2	0.08	0.08	8	0	27.688746209726915	5.537749241945383	100	0
chr13	19915000	19925071	Amillepora16566	2	0	0	0	0	0	0	0	0	0
chr13	19977763	19980274	Amillepora16571	6	0	0	0	0	0	0	0	0	0
chr13	19868483	19889861	Amillepora16562	1	0	0	0	0	0	NA	NA	0	0
chr13	20041832	20055200	Amillepora16581	3	1	0.3333333333333333	0.3333333333333333	33.333333333333336	0	57.735026918962575	33.333333333333336	100	0
chr13	20009151	20025413	Amillepora16578	1	0	0	0	0	0	NA	NA	0	0
chr13	19981927	19985601	Amillepora16572	1	1	1	1	100	100	NA	NA	100	100
chr13	20063470	20086499	Amillepora16584	4	1	0.25	0.25	25	0	50	25	100	0
chr13	20025524	20039270	Amillepora16579	1	1	1	1	100	100	NA	NA	100	100
chr13	19995431	20003929	Amillepora16575	2	2	1	1	100	100	0	0	100	100
chr13	19987845	19995138	Amillepora16574	1	0	0	0	0	0	NA	NA	0	0
chr13	20130029	20139457	Amillepora16591	1	0	0	0	0	0	NA	NA	0	0
chr13	20102714	20111025	Amillepora16587	6	0	0	0	0	0	0	0	0	0
chr13	20169144	20186382	Amillepora16594	3	1	0.3333333333333333	0.3333333333333333	33.333333333333336	0	57.735026918962575	33.333333333333336	100	0
chr13	20092813	20102174	Amillepora16586	1	1	1	1	100	100	NA	NA	100	100
chr13	20126149	20129107	Amillepora16590	1	0	0	0	0	0	NA	NA	0	0
chr13	20245696	20257637	Amillepora16602	7	0	0	0	0	0	0	0	0	0
chr13	20231589	20240240	Amillepora16600	2	1	0.5	0.3333333333333333	50	50	70.71067811865476	50	100	0
chr13	20241088	20245288	Amillepora16601	3	0	0	0	0	0	0	0	0	0
chr13	20258318	20270408	Amillepora16603	3	0	0	0	0	0	0	0	0	0
chr13	20288254	20299283	Amillepora16604	1	0	0	0	0	0	NA	NA	0	0
chr13	20355259	20364857	Amillepora16612	2	0	0	0	0	0	0	0	0	0
chr13	20346674	20354739	Amillepora16611	1	0	0	0	0	0	NA	NA	0	0
chr13	20300043	20313096	Amillepora16605	1	0	0	0	0	0	NA	NA	0	0
chr13	20460287	20462587	Amillepora16619	1	0	0	0	0	0	NA	NA	0	0
chr13	20391434	20408516	Amillepora16614	2	1	0.5	0.5	50	50	70.71067811865476	50	100	0
chr13	20449155	20453623	Amillepora16618	2	0	0	0	0	0	0	0	0	0
chr13	20412836	20419211	Amillepora16615	2	2	1	1	100	100	0	0	100	100
chr13	20438957	20448254	Amillepora16617	2	0	0	0	0	0	0	0	0	0
chr13	20468632	20485958	Amillepora16621	3	1	0.3333333333333333	0.3333333333333333	33.333333333333336	0	57.735026918962575	33.333333333333336	100	0
chr13	20490208	20514031	Amillepora16624	10	2	0.2	0.2	20	0	42.16370213557839	13.333333333333332	100	0
chr13	20538189	20551885	Amillepora16629	5	0	0	0	0	0	0	0	0	0
chr13	20535428	20537436	Amillepora16628	1	1	1	1	100	100	NA	NA	100	100
chr13	20522280	20535361	Amillepora16627	4	1	0.25	0.25	25	0	50	25	100	0
chr13	20551996	20568561	Amillepora16630	3	0	0	0	0	0	0	0	0	0
chr13	20669265	20675081	Amillepora16640	3	2	0.6666666666666666	0.6666666666666666	66.66666666666667	100	57.735026918962575	33.333333333333336	100	0
chr13	20581591	20588186	Amillepora16633	1	0	0	0	0	0	NA	NA	0	0
chr13	20599107	20600166	Amillepora16635	1	0	0	0	0	0	NA	NA	0	0
chr13	20613908	20617408	Amillepora16638	1	0	0	0	0	0	NA	NA	0	0
chr13	20600350	20601273	Amillepora16636	6	3	0.5	0.5	50	50	54.772255750516614	22.3606797749979	100	0
chr13	20682778	20686019	Amillepora16641	1	0	0	0	0	0	NA	NA	0	0
chr13	20773764	20776897	Amillepora16648	1	0	0	0	0	0	NA	NA	0	0
chr13	20739838	20742988	Amillepora16645	4	0	0	0	0	0	0	0	0	0
chr13	20767771	20770191	Amillepora16647	1	0	0	0	0	0	NA	NA	0	0
chr13	20728244	20734086	Amillepora16644	5	1	0.2	0.2	20	0	44.721359549995796	20	100	0
chr13	20706269	20710158	Amillepora16642	2	0	0	0	0	0	0	0	0	0
chr13	20748732	20752621	Amillepora16646	1	0	0	0	0	0	NA	NA	0	0
chr13	20830181	20840456	Amillepora16653	2	2	1	1	100	100	0	0	100	100
chr13	20815271	20827004	Amillepora16651	27	0	0	0	0	0	0	0	0	0
chr13	20845484	20889512	Amillepora16655	48	0	0	0	0	0	0	0	0	0
chr13	20828355	20830016	Amillepora16652	1	0	0	0	0	0	NA	NA	0	0
chr13	20843523	20845237	Amillepora16654	2	1	0.5	0.5	50	50	70.71067811865476	50	100	0
chr13	20784024	20789883	Amillepora16649	1	0	0	0	0	0	NA	NA	0	0
chr13	20972725	20979878	Amillepora16666	9	0	0	0	0	0	0	0	0	0
chr13	20897445	20925300	Amillepora16661	23	3	0.13043478260869565	0.13043478260869565	13.043478260869565	0	34.4350221575091	7.180198468215396	100	0
chr13	20947373	20966545	Amillepora16664	38	6	0.15789473684210525	0.14634146341463414	15.789473684210526	0	36.95370214766321	5.994682078436837	100	0
chr13	20928976	20940068	Amillepora16663	10	0	0	0	0	0	0	0	0	0
chr13	20889874	20897306	Amillepora16660	11	1	0.09090909090909091	0.09090909090909091	9.090909090909092	0	30.15113445777636	9.09090909090909	100	0
chr13	20886278	20887082	Amillepora16659	2	0	0	0	0	0	0	0	0	0
chr13	20880596	20881376	Amillepora16658	1	0	0	0	0	0	NA	NA	0	0
chr13	21048054	21052220	Amillepora16669	1	0	0	0	0	0	NA	NA	0	0
chr13	21071238	21078859	Amillepora16671	6	2	0.3333333333333333	0.3333333333333333	33.333333333333336	0	51.63977794943222	21.081851067789195	100	0
chr13	21053991	21064232	Amillepora16670	4	4	1	1	100	100	0	0	100	100
chr13	20984772	20998719	Amillepora16667	11	1	0.09090909090909091	0.09090909090909091	9.090909090909092	0	30.151134457776354	9.09090909090909	100	0
chr13	21010992	21012804	Amillepora16668	2	0	0	0	0	0	0	0	0	0
chr13	21137178	21144804	Amillepora16674	5	3	0.6	0.6	60	100	54.772255750516614	24.49489742783178	100	0
chr13	21155019	21158662	Amillepora16676	9	1	0.1111111111111111	0.1111111111111111	11.11111111111111	0	33.333333333333336	11.111111111111112	100	0
chr13	21178288	21189004	Amillepora16679	5	0	0	0	0	0	0	0	0	0
chr13	21158524	21178174	Amillepora16677	27	3	0.1111111111111111	0.1111111111111111	11.11111111111111	0	32.02563076101741	6.1633355136136565	100	0
chr13	21105848	21109096	Amillepora16673	1	0	0	0	0	0	NA	NA	0	0
chr13	21213225	21237204	Amillepora16683	41	0	0	0	0	0	0	0	0	0
chr13	21249547	21252238	Amillepora16685	4	0	0	0	0	0	0	0	0	0
chr13	21199909	21204746	Amillepora16681	3	0	0	0	0	0	0	0	0	0
chr13	21206955	21213190	Amillepora16682	6	0	0	0	0	0	0	0	0	0
chr13	21195388	21196851	Amillepora16680	5	0	0	0	0	0	0	0	0	0
chr13	21378778	21382411	Amillepora16692	4	0	0	0	0	0	0	0	0	0
chr13	21304976	21312911	Amillepora16687	3	3	1	1	100	100	0	0	100	100
chr13	21320978	21325170	Amillepora16689	3	0	0	0	0	0	0	0	0	0
chr13	21299948	21304855	Amillepora16686	2	1	0.5	0.5	50	50	70.71067811865476	50	100	0
chr13	21328251	21343561	Amillepora16690	16	1	0.0625	0.0625	6.25	0	25	6.25	100	0
chr13	21313177	21316105	Amillepora16688	1	0	0	0	0	0	NA	NA	0	0
chr13	21424686	21432739	Amillepora16697	6	2	0.3333333333333333	0.3333333333333333	33.333333333333336	0	51.63977794943222	21.081851067789195	100	0
chr13	21470716	21476694	Amillepora16701	12	0	0	0	0	0	0	0	0	0
chr13	21396015	21410258	Amillepora16694	4	0	0	0	0	0	0	0	0	0
chr13	21438389	21440969	Amillepora16699	2	0	0	0	0	0	0	0	0	0
chr13	21442217	21452271	Amillepora16700	2	1	0.5	0.5	50	50	70.71067811865476	50	100	0
chr13	21491939	21494850	Amillepora16702	1	0	0	0	0	0	NA	NA	0	0
chr13	21515133	21533394	Amillepora16704	3	1	0.3333333333333333	0.5	33.333333333333336	0	57.735026918962575	33.333333333333336	100	0
chr13	21508919	21512025	Amillepora16703	2	0	0	0	0	0	0	0	0	0
chr13	21534883	21542586	Amillepora16706	2	0	0	0	0	0	0	0	0	0
chr13	21638293	21643379	Amillepora16708	8	1	0.125	0.125	12.5	0	35.35533905932738	12.5	100	0
chr13	21660468	21663540	Amillepora16712	5	2	0.4	0.4	40	0	54.772255750516614	24.49489742783178	100	0
chr13	21648208	21655493	Amillepora16709	1	1	1	1	100	100	NA	NA	100	100
chr13	21663694	21668071	Amillepora16713	3	0	0	0	0	0	0	0	0	0
chr13	21687423	21693806	Amillepora16715	4	0	0	0	0	0	0	0	0	0
chr13	21728340	21748863	Amillepora16717	16	0	0	0	0	0	0	0	0	0
chr13	21750263	21753163	Amillepora16718	5	0	0	0	0	0	0	0	0	0
chr13	21670051	21686251	Amillepora16714	10	8	0.8	0.8181818181818182	80	100	42.16370213557839	13.333333333333332	100	0
chr13	21695276	21727824	Amillepora16716	19	2	0.10526315789473684	0.10526315789473684	10.526315789473685	0	31.530176764230575	7.233518641434491	100	0
chr13	21829435	21834264	Amillepora16723	1	0	0	0	0	0	NA	NA	0	0
chr13	21845530	21867646	Amillepora16725	5	0	0	0	0	0	0	0	0	0
chr13	21814702	21828191	Amillepora16722	5	0	0	0	0	0	0	0	0	0
chr13	21804607	21813475	Amillepora16721	6	2	0.3333333333333333	0.3333333333333333	33.333333333333336	0	51.63977794943222	21.081851067789195	100	0
chr13	21834638	21843093	Amillepora16724	1	0	0	0	0	0	NA	NA	0	0
chr13	21798089	21800671	Amillepora16720	2	1	0.5	0.5	50	50	70.71067811865476	50	100	0
chr13	21941330	21946185	Amillepora16737	1	0	0	0	0	0	NA	NA	0	0
chr13	21962142	21982791	Amillepora16739	11	0	0	0	0	0	0	0	0	0
chr13	21893719	21899822	Amillepora16729	1	1	1	1	100	100	NA	NA	100	100
chr13	21934118	21939643	Amillepora16736	1	0	0	0	0	0	NA	NA	0	0
chr13	21946571	21959700	Amillepora16738	1	1	1	1	100	100	NA	NA	100	100
chr13	21884934	21893089	Amillepora16728	2	0	0	0	0	0	0	0	0	0
chr13	22013453	22019497	Amillepora16742	1	1	1	1	100	100	NA	NA	100	100
chr13	22060526	22066760	Amillepora16749	4	0	0	0	0	0	0	0	0	0
chr13	22027795	22047600	Amillepora16745	3	0	0	0	0	0	0	0	0	0
chr13	22020430	22024038	Amillepora16743	1	0	0	0	0	0	NA	NA	0	0
chr13	22009327	22016692	Amillepora16741	3	1	0.3333333333333333	0.3333333333333333	33.333333333333336	0	57.735026918962575	33.333333333333336	100	0
chr13	21984302	22009307	Amillepora16740	7	0	0	0	0	0	0	0	0	0
chr13	22067774	22088258	Amillepora16750	22	2	0.09090909090909091	0.09090909090909091	9.090909090909092	0	29.42449431682498	6.273323266748674	100	0
chr13	22089294	22092410	Amillepora16751	2	0	0	0	0	0	0	0	0	0
chr13	22093457	22099767	Amillepora16752	8	0	0	0	0	0	0	0	0	0
chr13	22179511	22181774	Amillepora16754	1	0	0	0	0	0	NA	NA	0	0
chr13	22311537	22315970	Amillepora16767	6	1	0.16666666666666666	0.16666666666666666	16.666666666666668	0	40.8248290463863	16.66666666666667	100	0
chr13	22248732	22252850	Amillepora16762	6	0	0	0	0	0	0	0	0	0
chr13	22299350	22310329	Amillepora16766	14	0	0	0	0	0	0	0	0	0
chr13	22223447	22229096	Amillepora16757	2	1	0.5	0.5	50	50	70.71067811865476	50	100	0
chr13	22319846	22325025	Amillepora16768	9	0	0	0	0	0	0	0	0	0
chr13	22271991	22276342	Amillepora16763	4	0	0	0	0	0	0	0	0	0
chr13	22244492	22245260	Amillepora16761	1	0	0	0	0	0	NA	NA	0	0
chr13	22231006	22242975	Amillepora16760	9	2	0.2222222222222222	0.2222222222222222	22.22222222222222	0	44.09585518440984	14.698618394803281	100	0
chr13	22283005	22286521	Amillepora16765	9	1	0.1111111111111111	0.1111111111111111	11.11111111111111	0	33.333333333333336	11.111111111111112	100	0
chr14	24413	40303	Amillepora24858	8	0	0	0	0	0	0	0	0	0
chr14	1	10715	Amillepora24855	2	0	0	0	0	0	0	0	0	0
chr14	53705	60753	Amillepora24860	1	0	0	0	0	0	NA	NA	0	0
chr14	35298	37809	Amillepora24859	1	0	0	0	0	0	NA	NA	0	0
chr14	82771	95687	Amillepora24864	2	0	0	0	0	0	0	0	0	0
chr14	96986	119353	Amillepora24865	3	0	0	0	0	0	0	0	0	0
chr14	150640	168145	Amillepora24869	2	0	0	0	0	0	0	0	0	0
chr14	132615	149264	Amillepora24867	4	4	1	1	100	100	0	0	100	100
chr14	193760	200810	Amillepora24874	1	1	1	1	100	100	NA	NA	100	100
chr14	179975	188765	Amillepora24872	7	3	0.42857142857142855	0.42857142857142855	42.857142857142854	0	53.45224838248488	20.203050891044217	100	0
chr14	266869	283770	Amillepora24881	33	2	0.06060606060606061	0.05714285714285714	6.0606060606060606	0	24.230584229877994	4.21800330517426	100	0
chr14	213712	228986	Amillepora24875	5	1	0.2	0.2	20	0	44.721359549995796	20	100	0
chr14	353388	354398	Amillepora24889	1	0	0	0	0	0	NA	NA	0	0
chr14	369473	372094	Amillepora24890	5	0	0	0	0	0	0	0	0	0
chr14	330479	336190	Amillepora24886	22	0	0	0	0	0	0	0	0	0
chr14	347333	349125	Amillepora24888	4	0	0	0	0	0	0	0	0	0
chr14	337402	339432	Amillepora24887	1	0	0	0	0	0	NA	NA	0	0
chr14	307371	322489	Amillepora24884	7	1	0.14285714285714285	0.14285714285714285	14.285714285714286	0	37.79644730092272	14.285714285714285	100	0
chr14	306138	307229	Amillepora24883	2	0	0	0	0	0	0	0	0	0
chr14	462199	469089	Amillepora24903	4	1	0.25	0.25	25	0	50	25	100	0
chr14	470943	474864	Amillepora24905	1	1	1	1	100	100	NA	NA	100	100
chr14	442545	447827	Amillepora24901	2	0	0	0	0	0	0	0	0	0
chr14	425912	441081	Amillepora24899	22	2	0.09090909090909091	0.09090909090909091	9.090909090909092	0	29.424494316824976	6.273323266748674	100	0
chr14	400942	406751	Amillepora24893	4	2	0.5	0.6	50	50	57.735026918962575	28.867513459481287	100	0
chr14	397991	399444	Amillepora24892	2	0	0	0	0	0	0	0	0	0
chr14	375546	394546	Amillepora24891	6	4	0.6666666666666666	0.6666666666666666	66.66666666666667	100	51.63977794943223	21.081851067789195	100	0
chr14	448799	458730	Amillepora24902	6	3	0.5	0.5	50	50	54.772255750516614	22.3606797749979	100	0
chr14	571439	572152	Amillepora24923	2	0	0	0	0	0	0	0	0	0
chr14	496293	498129	Amillepora24911	1	1	1	1	100	100	NA	NA	100	100
chr14	469567	471501	Amillepora24904	1	1	1	1	100	100	NA	NA	100	100
chr14	490817	492582	Amillepora24908	2	0	0	0	0	0	0	0	0	0
chr14	518853	523920	Amillepora24920	3	1	0.3333333333333333	0.3333333333333333	33.333333333333336	0	57.735026918962575	33.333333333333336	100	0
chr14	474877	481453	Amillepora24906	1	1	1	1	100	100	NA	NA	100	100
chr14	573291	574052	Amillepora24924	1	1	1	1	100	100	NA	NA	100	100
chr14	481578	490534	Amillepora24907	2	0	0	0	0	0	0	0	0	0
chr14	492700	500488	Amillepora24909	3	1	0.3333333333333333	0.3333333333333333	33.333333333333336	0	57.735026918962575	33.333333333333336	100	0
chr14	525304	533869	Amillepora24921	1	0	0	0	0	0	NA	NA	0	0
chr14	512547	518767	Amillepora24912	2	1	0.5	0.5	50	50	70.71067811865476	50	100	0
chr14	565328	567013	Amillepora24922	1	0	0	0	0	0	NA	NA	0	0
chr14	574201	575501	Amillepora24925	4	0	0	0	0	0	0	0	0	0
chr14	623505	630747	Amillepora24935	2	1	0.5	0.5	50	50	70.71067811865476	50	100	0
chr14	614049	620089	Amillepora24932	6	3	0.5	0.5	50	50	54.772255750516614	22.3606797749979	100	0
chr14	672280	681675	Amillepora24940	4	1	0.25	0.25	25	0	50	25	100	0
chr14	591079	605850	Amillepora24929	12	3	0.25	0.25	25	0	45.22670168666454	13.055824196677337	100	0
chr14	658909	663957	Amillepora24938	5	0	0	0	0	0	0	0	0	0
chr14	587679	590395	Amillepora24928	6	2	0.3333333333333333	0.3333333333333333	33.333333333333336	0	51.63977794943222	21.081851067789195	100	0
chr14	649602	657504	Amillepora24937	6	2	0.3333333333333333	0.3333333333333333	33.333333333333336	0	51.63977794943222	21.081851067789195	100	0
chr14	632230	642801	Amillepora24936	5	1	0.2	0.2	20	0	44.721359549995796	20	100	0
chr14	620899	623444	Amillepora24933	4	1	0.25	0.25	25	0	50	25	100	0
chr14	577543	585944	Amillepora24926	2	1	0.5	0.5	50	50	70.71067811865476	50	100	0
chr14	607192	612549	Amillepora24931	1	0	0	0	0	0	NA	NA	0	0
chr14	592453	597148	Amillepora24930	8	0	0	0	0	0	0	0	0	0
chr14	683972	693556	Amillepora24941	3	2	0.6666666666666666	0.6666666666666666	66.66666666666667	100	57.73502691896258	33.333333333333336	100	0
chr14	702198	705865	Amillepora24942	3	1	0.3333333333333333	0.3333333333333333	33.333333333333336	0	57.735026918962575	33.333333333333336	100	0
chr14	708289	761270	Amillepora24944	39	13	0.3333333333333333	0.3333333333333333	33.333333333333336	0	47.75669329409191	7.647191129018725	100	0
chr14	795171	796028	Amillepora24951	1	0	0	0	0	0	NA	NA	0	0
chr14	844896	847357	Amillepora24957	1	0	0	0	0	0	NA	NA	0	0
chr14	800940	812415	Amillepora24953	6	2	0.3333333333333333	0.3333333333333333	33.333333333333336	0	51.63977794943222	21.081851067789195	100	0
chr14	816804	834700	Amillepora24955	10	0	0	0	0	0	0	0	0	0
chr14	787661	792941	Amillepora24949	5	3	0.6	0.6	60	100	54.772255750516614	24.49489742783178	100	0
chr14	760988	769947	Amillepora24945	1	1	1	1	100	100	NA	NA	100	100
chr14	774175	776809	Amillepora24947	1	0	0	0	0	0	NA	NA	0	0
chr14	777322	786300	Amillepora24948	3	0	0	0	0	0	0	0	0	0
chr14	812422	816483	Amillepora24954	3	1	0.3333333333333333	0.3333333333333333	33.333333333333336	0	57.735026918962575	33.333333333333336	100	0
chr14	796874	800837	Amillepora24952	1	0	0	0	0	0	NA	NA	0	0
chr14	837180	844818	Amillepora24956	5	0	0	0	0	0	0	0	0	0
chr14	848667	850262	Amillepora24958	1	0	0	0	0	0	NA	NA	0	0
chr14	929970	948315	Amillepora24967	21	2	0.09523809523809523	0.09523809523809523	9.523809523809524	0	30.079260375911932	6.563832739090582	100	0
chr14	955390	961639	Amillepora24970	4	1	0.25	0.25	25	0	50	25	100	0
chr14	977440	979579	Amillepora24972	5	1	0.2	0.2	20	0	44.721359549995796	20	100	0
chr14	891258	897265	Amillepora24963	2	0	0	0	0	0	0	0	0	0
chr14	915512	928776	Amillepora24966	21	2	0.09523809523809523	0.09523809523809523	9.523809523809524	0	30.07926037591193	6.563832739090582	100	0
chr14	980504	983650	Amillepora24973	8	1	0.125	0.125	12.5	0	35.35533905932738	12.5	100	0
chr14	907251	915621	Amillepora24965	8	0	0	0	0	0	0	0	0	0
chr14	857244	878516	Amillepora24959	21	5	0.23809523809523808	0.23809523809523808	23.80952380952381	0	43.64357804719847	9.523809523809524	100	0
chr14	879758	885339	Amillepora24961	12	1	0.08333333333333333	0.08333333333333333	8.333333333333334	0	28.867513459481298	8.333333333333334	100	0
chr14	897912	902613	Amillepora24964	5	0	0	0	0	0	0	0	0	0
chr14	887116	891173	Amillepora24962	7	1	0.14285714285714285	0.14285714285714285	14.285714285714286	0	37.79644730092272	14.285714285714285	100	0
chr14	963198	975491	Amillepora24971	13	0	0	0	0	0	0	0	0	0
chr14	1049439	1054901	Amillepora24981	10	0	0	0	0	0	0	0	0	0
chr14	1034355	1040312	Amillepora24979	10	0	0	0	0	0	0	0	0	0
chr14	1027938	1033747	Amillepora24978	1	0	0	0	0	0	NA	NA	0	0
chr14	1040574	1049141	Amillepora24980	12	1	0.08333333333333333	0.08333333333333333	8.333333333333334	0	28.867513459481298	8.333333333333334	100	0
chr14	984855	992455	Amillepora24974	9	0	0	0	0	0	0	0	0	0
chr14	993216	999253	Amillepora24975	12	0	0	0	0	0	0	0	0	0
chr14	1001050	1010287	Amillepora24976	11	0	0	0	0	0	0	0	0	0
chr14	1131043	1136477	Amillepora24992	4	0	0	0	0	0	0	0	0	0
chr14	1142479	1146633	Amillepora24993	6	0	0	0	0	0	0	0	0	0
chr14	1084444	1087036	Amillepora24984	2	0	0	0	0	0	0	0	0	0
chr14	1174402	1179419	Amillepora24999	1	1	1	1	100	100	NA	NA	100	100
chr14	1099770	1107948	Amillepora24986	1	1	1	1	100	100	NA	NA	100	100
chr14	1159689	1172203	Amillepora24996	5	2	0.4	0.4	40	0	54.772255750516614	24.49489742783178	100	0
chr14	1157873	1159685	Amillepora24995	1	1	1	1	100	100	NA	NA	100	100
chr14	1127305	1130866	Amillepora24991	2	2	1	1	100	100	0	0	100	100
chr14	1150309	1157670	Amillepora24994	4	1	0.25	0.25	25	0	50	25	100	0
chr14	1055296	1069769	Amillepora24982	11	5	0.45454545454545453	0.45454545454545453	45.45454545454545	0	52.22329678670935	15.745916432444341	100	0
chr14	1108721	1116739	Amillepora24987	5	5	1	1	100	100	0	0	100	100
chr14	1159725	1162193	Amillepora24997	1	1	1	1	100	100	NA	NA	100	100
chr14	1085115	1098525	Amillepora24985	6	2	0.3333333333333333	0.3333333333333333	33.333333333333336	0	51.63977794943222	21.081851067789195	100	0
chr14	1080629	1084370	Amillepora24983	2	2	1	1	100	100	0	0	100	100
chr14	1276799	1283000	Amillepora25013	2	1	0.5	0.5	50	50	70.71067811865476	50	100	0
chr14	1264166	1265548	Amillepora25011	6	0	0	0	0	0	0	0	0	0
chr14	1248543	1262580	Amillepora25008	9	1	0.1111111111111111	0.1111111111111111	11.11111111111111	0	33.333333333333336	11.111111111111112	100	0
chr14	1283464	1289605	Amillepora25014	5	3	0.6	0.6	60	100	54.772255750516614	24.49489742783178	100	0
chr14	1238118	1248438	Amillepora25007	7	0	0	0	0	0	0	0	0	0
chr14	1185369	1190052	Amillepora25002	3	1	0.3333333333333333	0.3333333333333333	33.333333333333336	0	57.735026918962575	33.333333333333336	100	0
chr14	1193960	1202691	Amillepora25003	4	0	0	0	0	0	0	0	0	0
chr14	1225838	1232470	Amillepora25006	4	0	0	0	0	0	0	0	0	0
chr14	1215934	1224420	Amillepora25005	9	1	0.1111111111111111	0.1111111111111111	11.11111111111111	0	33.333333333333336	11.111111111111112	100	0
chr14	1205855	1211270	Amillepora25004	5	1	0.2	0.2	20	0	44.721359549995796	20	100	0
chr14	1310503	1315870	Amillepora25017	9	0	0	0	0	0	0	0	0	0
chr14	1292571	1297897	Amillepora25015	1	1	1	1	100	100	NA	NA	100	100
chr14	1347512	1350311	Amillepora25021	2	1	0.5	0.5	50	50	70.71067811865476	50	100	0
chr14	1303662	1308145	Amillepora25016	3	2	0.6666666666666666	0.6666666666666666	66.66666666666667	100	57.73502691896258	33.333333333333336	100	0
chr14	1339399	1341980	Amillepora25019	1	1	1	1	100	100	NA	NA	100	100
chr14	1317298	1334711	Amillepora25018	6	5	0.8333333333333334	0.8333333333333334	83.33333333333333	100	40.8248290463863	16.66666666666667	100	0
chr14	1451137	1453665	Amillepora25029	2	0	0	0	0	0	0	0	0	0
chr14	1420048	1426656	Amillepora25026	13	0	0	0	0	0	0	0	0	0
chr14	1457467	1459679	Amillepora25030	1	0	0	0	0	0	NA	NA	0	0
chr14	1360317	1376900	Amillepora25022	15	2	0.13333333333333333	0.13333333333333333	13.333333333333334	0	35.18657752744984	9.085135251589959	100	0
chr14	1389662	1393086	Amillepora25024	4	0	0	0	0	0	0	0	0	0
chr14	1466284	1469129	Amillepora25031	1	1	1	1	100	100	NA	NA	100	100
chr14	1474400	1479711	Amillepora25033	7	1	0.14285714285714285	0.14285714285714285	14.285714285714286	0	37.79644730092272	14.285714285714285	100	0
chr14	1342796	1347262	Amillepora25020	4	1	0.25	0.25	25	0	50	25	100	0
chr14	1430890	1446386	Amillepora25027	6	0	0	0	0	0	0	0	0	0
chr14	1414143	1417740	Amillepora25025	7	0	0	0	0	0	0	0	0	0
chr14	1559788	1572092	Amillepora25041	1	0	0	0	0	0	NA	NA	0	0
chr14	1514277	1516135	Amillepora25036	2	0	0	0	0	0	0	0	0	0
chr14	1504284	1513476	Amillepora25035	13	1	0.07692307692307693	0.07692307692307693	7.6923076923076925	0	27.735009811261456	7.6923076923076925	100	0
chr14	1522262	1523137	Amillepora25037	1	0	0	0	0	0	NA	NA	0	0
chr14	1525104	1559570	Amillepora25038	11	2	0.18181818181818182	0.18181818181818182	18.181818181818183	0	40.45199174779453	12.196734422726125	100	0
chr14	1480370	1489549	Amillepora25034	6	0	0	0	0	0	0	0	0	0
chr14	1470024	1474168	Amillepora25032	1	1	1	1	100	100	NA	NA	100	100
chr14	1623548	1627987	Amillepora25046	4	0	0	0	0	0	0	0	0	0
chr14	1639033	1642389	Amillepora25051	2	0	0	0	0	0	0	0	0	0
chr14	1629652	1633977	Amillepora25047	3	0	0	0	0	0	0	0	0	0
chr14	1612273	1619601	Amillepora25045	1	0	0	0	0	0	NA	NA	0	0
chr14	1602033	1611049	Amillepora25043	2	1	0.5	0.5	50	50	70.71067811865476	50	100	0
chr14	1635583	1638983	Amillepora25050	4	0	0	0	0	0	0	0	0	0
chr14	1573492	1588841	Amillepora25042	9	1	0.1111111111111111	0.1111111111111111	11.11111111111111	0	33.333333333333336	11.111111111111112	100	0
chr14	1734459	1759208	Amillepora25058	43	1	0.023255813953488372	0.023255813953488372	2.3255813953488373	0	15.249857033260458	2.3255813953488373	100	0
chr14	1705788	1729196	Amillepora25055	9	6	0.6666666666666666	0.6666666666666666	66.66666666666667	100	50.00000000000001	16.666666666666668	100	0
chr14	1693554	1697615	Amillepora25054	2	1	0.5	0.5	50	50	70.71067811865476	50	100	0
chr14	1732334	1734178	Amillepora25057	1	0	0	0	0	0	NA	NA	0	0
chr14	1685171	1693363	Amillepora25053	8	0	0	0	0	0	0	0	0	0
chr14	1859788	1873349	Amillepora25067	8	1	0.125	0.125	12.5	0	35.35533905932738	12.5	100	0
chr14	1812575	1819841	Amillepora25062	8	0	0	0	0	0	0	0	0	0
chr14	1825673	1830663	Amillepora25063	7	0	0	0	0	0	0	0	0	0
chr14	1832864	1834781	Amillepora25064	1	0	0	0	0	0	NA	NA	0	0
chr14	1836017	1846171	Amillepora25065	2	0	0	0	0	0	0	0	0	0
chr14	1796502	1809634	Amillepora25061	5	2	0.4	0.4	40	0	54.772255750516614	24.49489742783178	100	0
chr14	1849001	1850439	Amillepora25066	1	1	1	1	100	100	NA	NA	100	100
chr14	1937651	1940999	Amillepora25072	8	0	0	0	0	0	0	0	0	0
chr14	1924760	1926970	Amillepora25071	1	0	0	0	0	0	NA	NA	0	0
chr14	1875652	1883588	Amillepora25068	4	0	0	0	0	0	0	0	0	0
chr14	1884545	1898425	Amillepora25069	16	3	0.1875	0.1875	18.75	0	40.311288741492746	10.077822185373186	100	0
chr14	1907340	1920733	Amillepora25070	19	2	0.10526315789473684	0.10526315789473684	10.526315789473685	0	31.53017676423058	7.233518641434491	100	0
chr14	1950802	1981785	Amillepora25073	81	0	0	0	0	0	0	0	0	0
chr14	1983277	1984542	Amillepora25074	4	0	0	0	0	0	0	0	0	0
chr14	1987872	2003876	Amillepora25075	23	2	0.08695652173913043	0.08695652173913043	8.695652173913043	0	28.810406552003034	6.007385040937022	100	0
chr14	2014774	2028112	Amillepora25077	11	2	0.18181818181818182	0.18181818181818182	18.181818181818183	0	40.45199174779453	12.196734422726125	100	0
chr14	2007889	2014551	Amillepora25076	9	1	0.1111111111111111	0.1111111111111111	11.11111111111111	0	33.333333333333336	11.111111111111112	100	0
chr14	2035548	2048886	Amillepora25084	2	0	0	0	0	0	0	0	0	0
chr14	2027536	2032656	Amillepora25083	6	0	0	0	0	0	0	0	0	0
chr14	2083663	2084196	Amillepora25087	2	0	0	0	0	0	0	0	0	0
chr14	2064562	2079720	Amillepora25086	22	0	0	0	0	0	0	0	0	0
chr14	2182254	2184031	Amillepora25097	1	0	0	0	0	0	NA	NA	0	0
chr14	2125887	2130930	Amillepora25090	11	0	0	0	0	0	0	0	0	0
chr14	2091075	2100478	Amillepora25088	7	1	0.14285714285714285	0.14285714285714285	14.285714285714286	0	37.79644730092272	14.285714285714285	100	0
chr14	2156121	2178974	Amillepora25095	24	0	0	0	0	0	0	0	0	0
chr14	2152873	2153832	Amillepora25094	3	0	0	0	0	0	0	0	0	0
chr14	2147999	2150159	Amillepora25093	7	1	0.14285714285714285	0.14285714285714285	14.285714285714286	0	37.79644730092272	14.285714285714285	100	0
chr14	2100498	2125766	Amillepora25089	38	1	0.02631578947368421	0.02631578947368421	2.6315789473684212	0	16.222142113076252	2.631578947368421	100	0
chr14	2265388	2275314	Amillepora25105	9	6	0.6666666666666666	0.6666666666666666	66.66666666666667	100	50.00000000000001	16.666666666666668	100	0
chr14	2231568	2240038	Amillepora25100	11	0	0	0	0	0	0	0	0	0
chr14	2244815	2247726	Amillepora25103	5	0	0	0	0	0	0	0	0	0
chr14	2201824	2214949	Amillepora25098	19	0	0	0	0	0	0	0	0	0
chr14	2216409	2231240	Amillepora25099	23	1	0.043478260869565216	0.043478260869565216	4.3478260869565215	0	20.851441405707476	4.347826086956522	100	0
chr14	2252827	2264469	Amillepora25104	9	2	0.2222222222222222	0.2222222222222222	22.22222222222222	0	44.09585518440984	14.698618394803281	100	0
chr14	2276527	2280532	Amillepora25106	1	0	0	0	0	0	NA	NA	0	0
chr14	2295652	2305309	Amillepora25108	18	2	0.1111111111111111	0.1111111111111111	11.11111111111111	0	32.338083338177725	7.622159339667059	100	0
chr14	2364648	2374375	Amillepora25118	4	1	0.25	0.25	25	0	50	25	100	0
chr14	2309230	2315484	Amillepora25109	3	0	0	0	0	0	0	0	0	0
chr14	2379930	2382917	Amillepora25121	1	0	0	0	0	0	NA	NA	0	0
chr14	2358910	2362428	Amillepora25117	6	1	0.16666666666666666	0.16666666666666666	16.666666666666668	0	40.8248290463863	16.66666666666667	100	0
chr14	2345566	2354543	Amillepora25115	21	0	0	0	0	0	0	0	0	0
chr14	2316806	2321761	Amillepora25111	20	0	0	0	0	0	0	0	0	0
chr14	2323495	2327676	Amillepora25112	13	0	0	0	0	0	0	0	0	0
chr14	2329388	2337276	Amillepora25114	20	0	0	0	0	0	0	0	0	0
chr14	2425764	2433979	Amillepora25127	8	1	0.125	0.125	12.5	0	35.35533905932738	12.5	100	0
chr14	2410722	2418669	Amillepora25125	1	0	0	0	0	0	NA	NA	0	0
chr14	2423158	2425636	Amillepora25126	3	3	1	1	100	100	0	0	100	100
chr14	2477292	2479007	Amillepora25128	1	0	0	0	0	0	NA	NA	0	0
chr14	2400607	2403203	Amillepora25124	1	0	0	0	0	0	NA	NA	0	0
chr14	2579258	2589292	Amillepora25133	1	1	1	1	100	100	NA	NA	100	100
chr14	2522333	2566216	Amillepora25130	55	1	0.01818181818181818	0.01818181818181818	1.8181818181818181	0	13.483997249264833	1.8181818181818181	100	0
chr14	2481144	2499669	Amillepora25129	29	1	0.034482758620689655	0.03333333333333333	3.4482758620689653	0	18.569533817705185	3.4482758620689653	100	0
chr14	2576765	2577805	Amillepora25132	3	0	0	0	0	0	0	0	0	0
chr14	2569778	2575697	Amillepora25131	4	3	0.75	0.75	75	100	50	25	100	0
chr14	2597518	2606053	Amillepora25135	4	2	0.5	0.5	50	50	57.735026918962575	28.867513459481287	100	0
chr14	2658527	2660806	Amillepora25139	1	0	0	0	0	0	NA	NA	0	0
chr14	2595128	2596456	Amillepora25134	2	0	0	0	0	0	0	0	0	0
chr14	2632026	2653625	Amillepora25138	9	4	0.4444444444444444	0.4444444444444444	44.44444444444444	0	52.70462766947299	17.568209223157663	100	0
chr14	2606196	2610563	Amillepora25136	1	1	1	1	100	100	NA	NA	100	100
chr14	2733736	2749099	Amillepora25148	8	0	0	0	0	0	0	0	0	0
chr14	2749613	2766327	Amillepora25149	1	1	1	1	100	100	NA	NA	100	100
chr14	2672357	2694885	Amillepora25142	4	0	0	0	0	0	0	0	0	0
chr14	2700857	2706966	Amillepora25143	3	0	0	0	0	0	0	0	0	0
chr14	2709765	2728525	Amillepora25145	5	0	0	0	0	0	0	0	0	0
chr14	2822657	2824487	Amillepora25157	1	0	0	0	0	0	NA	NA	0	0
chr14	2854232	2865044	Amillepora25159	5	0	0	0	0	0	0	0	0	0
chr14	2822850	2834815	Amillepora25158	3	1	0.3333333333333333	0.3333333333333333	33.333333333333336	0	57.735026918962575	33.333333333333336	100	0
chr14	2795713	2820388	Amillepora25155	9	2	0.2222222222222222	0.2222222222222222	22.22222222222222	0	44.09585518440984	14.698618394803281	100	0
chr14	2766779	2791723	Amillepora25151	4	1	0.25	0.25	25	0	50	25	100	0
chr14	2920428	2978785	Amillepora25164	20	2	0.1	0.1	10	0	30.779350562554622	6.882472016116853	100	0
chr14	2980951	2986574	Amillepora25165	3	0	0	0	0	0	0	0	0	0
chr14	2893250	2919352	Amillepora25161	9	0	0	0	0	0	0	0	0	0
chr14	2866247	2891226	Amillepora25160	6	0	0	0	0	0	0	0	0	0
chr14	3010952	3018853	Amillepora25168	1	0	0	0	0	0	NA	NA	0	0
chr14	3024460	3042838	Amillepora25171	2	0	0	0	0	0	0	0	0	0
chr14	3050454	3065608	Amillepora25173	3	0	0	0	0	0	0	0	0	0
chr14	2989249	3010757	Amillepora25166	4	0	0	0	0	0	0	0	0	0
chr14	3065732	3069420	Amillepora25174	2	1	0.5	0.5	50	50	70.71067811865476	50	100	0
chr14	3111532	3170788	Amillepora25180	19	1	0.05263157894736842	0.05263157894736842	5.2631578947368425	0	22.94157338705618	5.263157894736841	100	0
chr14	3103722	3109354	Amillepora25179	1	1	1	1	100	100	NA	NA	100	100
chr14	3256103	3267186	Amillepora25185	3	0	0	0	0	0	0	0	0	0
chr14	3265480	3267374	Amillepora25186	4	0	0	0	0	0	0	0	0	0
chr14	3224705	3236183	Amillepora25184	2	0	0	0	0	0	0	0	0	0
chr14	3171887	3197399	Amillepora25181	4	2	0.5	0.5	50	50	57.735026918962575	28.867513459481287	100	0
chr14	3278650	3280935	Amillepora25188	3	0	0	0	0	0	0	0	0	0
chr14	3199474	3223329	Amillepora25183	5	2	0.4	0.4	40	0	54.772255750516614	24.49489742783178	100	0
chr14	3375476	3381450	Amillepora25203	2	0	0	0	0	0	0	0	0	0
chr14	3353792	3372637	Amillepora25199	6	0	0	0	0	0	0	0	0	0
chr14	3297546	3319300	Amillepora25191	1	1	1	1	100	100	NA	NA	100	100
chr14	3269557	3294770	Amillepora25187	14	0	0	0	0	0	0	0	0	0
chr14	3294603	3297376	Amillepora25190	2	1	0.5	0.5	50	50	70.71067811865476	50	100	0
chr14	3373419	3374810	Amillepora25202	1	0	0	0	0	0	NA	NA	0	0
chr14	3337406	3350334	Amillepora25197	6	0	0	0	0	0	0	0	0	0
chr14	3387906	3416823	Amillepora25204	3	0	0	0	0	0	0	0	0	0
chr14	3471004	3474887	Amillepora25206	2	0	0	0	0	0	0	0	0	0
chr14	3474931	3478449	Amillepora25207	1	0	0	0	0	0	NA	NA	0	0
chr14	3481820	3483585	Amillepora25209	1	0	0	0	0	0	NA	NA	0	0
chr14	3553079	3557762	Amillepora25214	9	0	0	0	0	0	0	0	0	0
chr14	3574480	3579787	Amillepora25215	5	0	0	0	0	0	0	0	0	0
chr14	3500812	3518481	Amillepora25211	34	1	0.029411764705882353	0.029411764705882353	2.9411764705882355	0	17.149858514250884	2.941176470588235	100	0
chr14	3523792	3525168	Amillepora25213	2	0	0	0	0	0	0	0	0	0
chr14	3518444	3530671	Amillepora25212	14	1	0.07142857142857142	0.07142857142857142	7.142857142857143	0	26.726124191242445	7.142857142857143	100	0
chr14	3495942	3500776	Amillepora25210	2	0	0	0	0	0	0	0	0	0
chr14	3590928	3597422	Amillepora25217	8	1	0.125	0.1111111111111111	12.5	0	35.35533905932738	12.5	100	0
chr14	3599450	3606331	Amillepora25218	4	1	0.25	0.25	25	0	50	25	100	0
chr14	3628959	3650151	Amillepora25222	25	0	0	0	0	0	0	0	0	0
chr14	3583352	3590913	Amillepora25216	9	1	0.1111111111111111	0.1111111111111111	11.11111111111111	0	33.333333333333336	11.111111111111112	100	0
chr14	3615791	3627493	Amillepora25220	17	1	0.058823529411764705	0.058823529411764705	5.882352941176471	0	24.253562503633294	5.88235294117647	100	0
chr14	3607961	3614713	Amillepora25219	1	1	1	1	100	100	NA	NA	100	100
chr14	3650746	3668917	Amillepora25223	27	0	0	0	0	0	0	0	0	0
chr14	3728245	3743253	Amillepora25226	15	0	0	0	0	0	0	0	0	0
chr14	3761558	3763278	Amillepora25229	4	0	0	0	0	0	0	0	0	0
chr14	3748823	3751085	Amillepora25228	4	0	0	0	0	0	0	0	0	0
chr14	3674335	3694865	Amillepora25225	33	1	0.030303030303030304	0.02857142857142857	3.0303030303030303	0	17.407765595569774	3.03030303030303	100	0
chr14	3672349	3673782	Amillepora25224	3	1	0.3333333333333333	0.3333333333333333	33.333333333333336	0	57.735026918962575	33.333333333333336	100	0
chr14	3864257	3878195	Amillepora25237	14	0	0	0	0	0	0	0	0	0
chr14	3851472	3862369	Amillepora25235	19	1	0.05263157894736842	0.05263157894736842	5.2631578947368425	0	22.941573387056184	5.263157894736841	100	0
chr14	3814138	3817090	Amillepora25232	7	0	0	0	0	0	0	0	0	0
chr14	3829188	3837380	Amillepora25233	10	2	0.2	0.2	20	0	42.16370213557839	13.333333333333332	100	0
chr14	3801144	3804883	Amillepora25230	5	0	0	0	0	0	0	0	0	0
chr14	3845423	3849618	Amillepora25234	17	1	0.058823529411764705	0.058823529411764705	5.882352941176471	0	24.2535625036333	5.88235294117647	100	0
chr14	3918921	3935067	Amillepora25240	21	1	0.047619047619047616	0.047619047619047616	4.761904761904762	0	21.82178902359924	4.761904761904762	100	0
chr14	3879593	3896712	Amillepora25238	25	1	0.04	0.04	4	0	20	4	100	0
chr14	3905536	3906402	Amillepora25239	2	0	0	0	0	0	0	0	0	0
chr14	4065423	4074369	Amillepora25252	16	2	0.125	0.125	12.5	0	34.15650255319866	8.539125638299666	100	0
chr14	4033387	4049901	Amillepora25251	10	2	0.2	0.2	20	0	42.16370213557839	13.333333333333332	100	0
chr14	4019776	4025214	Amillepora25250	7	1	0.14285714285714285	0.14285714285714285	14.285714285714286	0	37.79644730092272	14.285714285714285	100	0
chr14	3985884	3988230	Amillepora25245	2	0	0	0	0	0	0	0	0	0
chr14	3976552	3983985	Amillepora25244	6	1	0.16666666666666666	0.16666666666666666	16.666666666666668	0	40.8248290463863	16.66666666666667	100	0
chr14	3945902	3960993	Amillepora25241	9	2	0.2222222222222222	0.2222222222222222	22.22222222222222	0	44.09585518440984	14.698618394803281	100	0
chr14	3995606	4003556	Amillepora25247	12	1	0.08333333333333333	0.08333333333333333	8.333333333333334	0	28.867513459481305	8.333333333333334	100	0
chr14	3970334	3972104	Amillepora25243	3	0	0	0	0	0	0	0	0	0
chr14	3990419	3994161	Amillepora25246	3	0	0	0	0	0	0	0	0	0
chr14	4014373	4019496	Amillepora25249	5	0	0	0	0	0	0	0	0	0
chr14	4005931	4009433	Amillepora25248	2	0	0	0	0	0	0	0	0	0
chr14	4181146	4185603	Amillepora25260	12	0	0	0	0	0	0	0	0	0
chr14	4158488	4165391	Amillepora25258	24	2	0.08333333333333333	0.08333333333333333	8.333333333333334	0	28.232985128664	5.763033956734373	100	0
chr14	4098608	4115854	Amillepora25254	10	2	0.2	0.2	20	0	42.16370213557839	13.333333333333332	100	0
chr14	4133277	4135445	Amillepora25255	1	0	0	0	0	0	NA	NA	0	0
chr14	4142729	4147113	Amillepora25256	4	1	0.25	0.25	25	0	50	25	100	0
chr14	4244414	4248757	Amillepora25269	12	0	0	0	0	0	0	0	0	0
chr14	4226545	4242907	Amillepora25268	18	0	0	0	0	0	0	0	0	0
chr14	4253537	4272462	Amillepora25271	14	0	0	0	0	0	0	0	0	0
chr14	4206735	4222979	Amillepora25267	8	4	0.5	0.5	50	50	53.45224838248488	18.89822365046136	100	0
chr14	4250790	4251764	Amillepora25270	7	0	0	0	0	0	0	0	0	0
chr14	4297269	4300745	Amillepora25275	7	5	0.7142857142857143	0.7142857142857143	71.42857142857143	100	48.79500364742666	18.442777839082936	100	0
chr14	4316528	4327700	Amillepora25277	9	1	0.1111111111111111	0.1111111111111111	11.11111111111111	0	33.333333333333336	11.111111111111112	100	0
chr14	4272528	4293288	Amillepora25272	8	4	0.5	0.5	50	50	53.45224838248488	18.89822365046136	100	0
chr14	4338079	4357606	Amillepora25280	23	2	0.08695652173913043	0.08695652173913043	8.695652173913043	0	28.810406552003034	6.007385040937022	100	0
chr14	4333285	4334721	Amillepora25279	4	0	0	0	0	0	0	0	0	0
chr14	4359037	4370161	Amillepora25281	7	2	0.2857142857142857	0.2857142857142857	28.571428571428573	0	48.79500364742666	18.442777839082936	100	0
chr14	4306389	4314779	Amillepora25276	9	6	0.6666666666666666	0.6666666666666666	66.66666666666667	100	50	16.666666666666668	100	0
chr14	4318752	4327654	Amillepora25278	8	0	0	0	0	0	0	0	0	0
chr14	4471977	4476334	Amillepora25292	8	0	0	0	0	0	0	0	0	0
chr14	4443054	4449021	Amillepora25290	2	0	0	0	0	0	0	0	0	0
chr14	4370253	4389216	Amillepora25282	3	1	0.3333333333333333	0.3333333333333333	33.333333333333336	0	57.735026918962575	33.333333333333336	100	0
chr14	4396994	4403160	Amillepora25283	2	2	1	1	100	100	0	0	100	100
chr14	4439498	4442969	Amillepora25289	6	1	0.16666666666666666	0.16666666666666666	16.666666666666668	0	40.82482904638629	16.66666666666667	100	0
chr14	4450096	4455055	Amillepora25291	1	0	0	0	0	0	NA	NA	0	0
chr14	4431678	4433558	Amillepora25288	5	0	0	0	0	0	0	0	0	0
chr14	4408456	4410117	Amillepora25285	1	0	0	0	0	0	NA	NA	0	0
chr14	4422937	4424454	Amillepora25287	1	0	0	0	0	0	NA	NA	0	0
chr14	4539680	4540162	Amillepora25298	1	0	0	0	0	0	NA	NA	0	0
chr14	4543762	4544247	Amillepora25299	1	0	0	0	0	0	NA	NA	0	0
chr14	4550217	4550762	Amillepora25300	7	1	0.14285714285714285	0.14285714285714285	14.285714285714286	0	37.79644730092272	14.285714285714285	100	0
chr14	4493257	4502018	Amillepora25294	5	0	0	0	0	0	0	0	0	0
chr14	4560485	4566351	Amillepora25301	3	3	1	1	100	100	0	0	100	100
chr14	4478514	4492954	Amillepora25293	14	0	0	0	0	0	0	0	0	0
chr14	4504907	4505419	Amillepora25295	1	0	0	0	0	0	NA	NA	0	0
chr14	4627880	4628968	Amillepora25304	6	3	0.5	0.5	50	50	54.772255750516614	22.3606797749979	100	0
chr14	4635179	4654173	Amillepora25305	7	5	0.7142857142857143	0.7142857142857143	71.42857142857143	100	48.79500364742666	18.442777839082936	100	0
chr14	4621999	4627275	Amillepora25303	29	1	0.034482758620689655	0.034482758620689655	3.4482758620689653	0	18.56953381770519	3.4482758620689653	100	0
chr14	4639436	4663162	Amillepora25306	10	6	0.6	0.6	60	100	51.63977794943222	16.329931618554518	100	0
chr14	4708921	4717810	Amillepora25314	6	1	0.16666666666666666	0.16666666666666666	16.666666666666668	0	40.8248290463863	16.66666666666667	100	0
chr14	4762874	4765849	Amillepora25318	1	0	0	0	0	0	NA	NA	0	0
chr14	4721026	4743718	Amillepora25315	15	3	0.2	0.2	20	0	41.403933560541255	10.690449676496975	100	0
chr14	4776644	4782283	Amillepora25320	5	0	0	0	0	0	0	0	0	0
chr14	4681338	4687893	Amillepora25311	9	2	0.2222222222222222	0.2222222222222222	22.22222222222222	0	44.09585518440984	14.698618394803281	100	0
chr14	4783369	4784403	Amillepora25321	3	0	0	0	0	0	0	0	0	0
chr14	4676463	4677767	Amillepora25310	3	0	0	0	0	0	0	0	0	0
chr14	4802618	4804930	Amillepora25323	1	0	0	0	0	0	NA	NA	0	0
chr14	4863458	4873508	Amillepora25331	10	0	0	0	0	0	0	0	0	0
chr14	4862117	4862677	Amillepora25330	1	0	0	0	0	0	NA	NA	0	0
chr14	4851198	4855056	Amillepora25326	3	0	0	0	0	0	0	0	0	0
chr14	4886417	4887499	Amillepora25333	1	0	0	0	0	0	NA	NA	0	0
chr14	4861554	4862011	Amillepora25329	1	0	0	0	0	0	NA	NA	0	0
chr14	4955938	4960401	Amillepora25338	7	0	0	0	0	0	0	0	0	0
chr14	4899336	4916506	Amillepora25335	7	0	0	0	0	0	0	0	0	0
chr14	4917150	4953415	Amillepora25336	14	4	0.2857142857142857	0.2857142857142857	28.571428571428573	0	46.88072309384955	12.529400275814705	100	0
chr14	4961736	4965512	Amillepora25339	7	3	0.42857142857142855	0.42857142857142855	42.857142857142854	0	53.45224838248488	20.203050891044217	100	0
chr14	4978357	4983990	Amillepora25341	9	0	0	0	0	0	0	0	0	0
chr14	4894681	4895763	Amillepora25334	5	0	0	0	0	0	0	0	0	0
chr14	4939154	4955570	Amillepora25337	6	4	0.6666666666666666	0.6666666666666666	66.66666666666667	100	51.63977794943223	21.081851067789195	100	0
chr14	5004446	5028781	Amillepora25344	32	1	0.03125	0.03125	3.125	0	17.67766952966369	3.125	100	0
chr14	5022714	5037086	Amillepora25345	4	1	0.25	0.25	25	0	50	25	100	0
chr14	5052210	5059035	Amillepora25347	16	0	0	0	0	0	0	0	0	0
chr14	5059448	5102825	Amillepora25348	85	1	0.011764705882352941	0.011627906976744186	1.1764705882352942	0	10.846522890932807	1.1764705882352942	100	0
chr14	5195707	5199391	Amillepora25350	7	0	0	0	0	0	0	0	0	0
chr14	5219927	5227785	Amillepora25351	3	0	0	0	0	0	0	0	0	0
chr14	5291705	5364318	Amillepora25356	92	7	0.07608695652173914	0.07608695652173914	7.608695652173913	0	26.659001127895305	2.7793929997649935	100	0
chr14	5271278	5289854	Amillepora25355	19	1	0.05263157894736842	0.05263157894736842	5.2631578947368425	0	22.941573387056184	5.263157894736841	100	0
chr14	5369014	5369779	Amillepora25360	1	0	0	0	0	0	NA	NA	0	0
chr14	5487183	5488101	Amillepora25370	2	0	0	0	0	0	0	0	0	0
chr14	5451954	5454757	Amillepora25367	4	0	0	0	0	0	0	0	0	0
chr14	5371652	5393316	Amillepora25361	33	0	0	0	0	0	0	0	0	0
chr14	5457561	5477247	Amillepora25369	22	1	0.045454545454545456	0.045454545454545456	4.545454545454546	0	21.320071635561042	4.545454545454545	100	0
chr14	5426927	5429035	Amillepora25364	1	0	0	0	0	0	NA	NA	0	0
chr14	5431973	5449888	Amillepora25366	28	0	0	0	0	0	0	0	0	0
chr14	5402448	5426106	Amillepora25362	54	0	0	0	0	0	0	0	0	0
chr14	5523757	5531446	Amillepora25373	15	0	0	0	0	0	0	0	0	0
chr14	5492931	5501567	Amillepora25371	6	0	0	0	0	0	0	0	0	0
chr14	5684068	5687720	Amillepora25384	8	0	0	0	0	0	0	0	0	0
chr14	5608014	5611295	Amillepora25379	2	1	0.5	0.5	50	50	70.71067811865476	50	100	0
chr14	5564204	5574338	Amillepora25376	5	0	0	0	0	0	0	0	0	0
chr14	5654601	5677168	Amillepora25383	14	3	0.21428571428571427	0.21428571428571427	21.428571428571427	0	42.581531362632006	11.380392954509878	100	0
chr14	5580386	5584708	Amillepora25377	2	0	0	0	0	0	0	0	0	0
chr14	5651391	5667309	Amillepora25382	13	2	0.15384615384615385	0.15384615384615385	15.384615384615385	0	37.553380809940535	10.415433852097385	100	0
chr14	5647935	5650515	Amillepora25381	3	0	0	0	0	0	0	0	0	0
chr14	5749255	5752987	Amillepora25391	8	0	0	0	0	0	0	0	0	0
chr14	5735276	5738348	Amillepora25390	4	0	0	0	0	0	0	0	0	0
chr14	5689085	5694579	Amillepora25385	9	0	0	0	0	0	0	0	0	0
chr14	5696060	5725777	Amillepora25386	44	2	0.045454545454545456	0.045454545454545456	4.545454545454546	0	21.070705494148555	3.1765283723713993	100	0
chr14	5726572	5729013	Amillepora25389	7	0	0	0	0	0	0	0	0	0
chr14	5809784	5817872	Amillepora25394	18	0	0	0	0	0	0	0	0	0
chr14	5820098	5839706	Amillepora25395	26	1	0.038461538461538464	0.038461538461538464	3.8461538461538463	0	19.61161351381839	3.8461538461538467	100	0
chr14	5791309	5807616	Amillepora25392	20	1	0.05	0.05	5	0	22.360679774997898	5	100	0
chr14	5842962	5862194	Amillepora25397	30	3	0.1	0.1	10	0	30.51285766293647	5.570860145311556	100	0
chr14	5876575	5899038	Amillepora25398	5	1	0.2	0.2	20	0	44.721359549995796	20	100	0
chr14	5966571	5971773	Amillepora25406	8	0	0	0	0	0	0	0	0	0
chr14	5946763	5948937	Amillepora25404	5	0	0	0	0	0	0	0	0	0
chr14	5901348	5906293	Amillepora25399	7	0	0	0	0	0	0	0	0	0
chr14	5938668	5940843	Amillepora25403	2	0	0	0	0	0	0	0	0	0
chr14	5929246	5937057	Amillepora25402	2	0	0	0	0	0	0	0	0	0
chr14	5949734	5952324	Amillepora25405	2	0	0	0	0	0	0	0	0	0
chr14	5993336	6007433	Amillepora25410	7	0	0	0	0	0	0	0	0	0
chr14	6028569	6045722	Amillepora25413	8	0	0	0	0	0	0	0	0	0
chr14	6020518	6024111	Amillepora25412	2	0	0	0	0	0	0	0	0	0
chr14	6060138	6061712	Amillepora25418	1	0	0	0	0	0	NA	NA	0	0
chr14	6047684	6049876	Amillepora25415	2	0	0	0	0	0	0	0	0	0
chr14	5993188	6000143	Amillepora25409	4	0	0	0	0	0	0	0	0	0
chr14	5977161	5987559	Amillepora25407	11	0	0	0	0	0	0	0	0	0
chr14	6050887	6056402	Amillepora25416	13	1	0.07692307692307693	0.07692307692307693	7.6923076923076925	0	27.735009811261456	7.6923076923076925	100	0
chr14	6162203	6173506	Amillepora25429	3	0	0	0	0	0	0	0	0	0
chr14	6130423	6135096	Amillepora25426	1	0	0	0	0	0	NA	NA	0	0
chr14	6237552	6238301	Amillepora25435	1	0	0	0	0	0	NA	NA	0	0
chr14	6193537	6200317	Amillepora25431	10	0	0	0	0	0	0	0	0	0
chr14	6279210	6290149	Amillepora25437	2	0	0	0	0	0	0	0	0	0
chr14	6258967	6270561	Amillepora25436	6	1	0.16666666666666666	0.16666666666666666	16.666666666666668	0	40.82482904638629	16.66666666666667	100	0
chr14	6329509	6338969	Amillepora25440	3	1	0.3333333333333333	0.3333333333333333	33.333333333333336	0	57.735026918962575	33.333333333333336	100	0
chr14	6358512	6365113	Amillepora25444	2	0	0	0	0	0	0	0	0	0
chr14	6304957	6312777	Amillepora25439	6	0	0	0	0	0	0	0	0	0
chr14	6402380	6413170	Amillepora25450	5	0	0	0	0	0	0	0	0	0
chr14	6457756	6467939	Amillepora25459	1	0	0	0	0	0	NA	NA	0	0
chr14	6473447	6492260	Amillepora25460	1	0	0	0	0	0	NA	NA	0	0
chr14	6557506	6559530	Amillepora25463	1	0	0	0	0	0	NA	NA	0	0
chr14	6614359	6651412	Amillepora25472	13	2	0.15384615384615385	0.15384615384615385	15.384615384615385	0	37.553380809940535	10.415433852097385	100	0
chr14	6583846	6586581	Amillepora25466	5	0	0	0	0	0	0	0	0	0
chr14	6652238	6653935	Amillepora25476	1	0	0	0	0	0	NA	NA	0	0
chr14	6656722	6664254	Amillepora25477	1	1	1	1	100	100	NA	NA	100	100
chr14	6598510	6601124	Amillepora25469	1	0	0	0	0	0	NA	NA	0	0
chr14	6601176	6603608	Amillepora25470	3	0	0	0	0	0	0	0	0	0
chr14	6767443	6770109	Amillepora25484	2	0	0	0	0	0	0	0	0	0
chr14	6743996	6748272	Amillepora25483	2	0	0	0	0	0	0	0	0	0
chr14	6713911	6714986	Amillepora25481	1	0	0	0	0	0	NA	NA	0	0
chr14	6864449	6866227	Amillepora25493	3	0	0	0	0	0	0	0	0	0
chr14	6857752	6873028	Amillepora25492	7	1	0.14285714285714285	0.14285714285714285	14.285714285714286	0	37.79644730092272	14.285714285714285	100	0
chr14	6814478	6816175	Amillepora25487	3	0	0	0	0	0	0	0	0	0
chr14	6817001	6848911	Amillepora25488	10	0	0	0	0	0	0	0	0	0
chr14	6889195	6902387	Amillepora25496	4	0	0	0	0	0	0	0	0	0
chr14	6962449	6980792	Amillepora25500	3	0	0	0	0	0	0	0	0	0
chr14	6986335	6997523	Amillepora25501	2	1	0.5	0.5	50	50	70.71067811865476	50	100	0
chr14	7098628	7104007	Amillepora25509	3	2	0.6666666666666666	0.6666666666666666	66.66666666666667	100	57.735026918962575	33.333333333333336	100	0
chr14	7104286	7111025	Amillepora25510	4	1	0.25	0.25	25	0	50	25	100	0
chr14	7092768	7096724	Amillepora25508	1	1	1	1	100	100	NA	NA	100	100
chr14	7151288	7172145	Amillepora25516	10	5	0.5	0.5	50	50	52.70462766947299	16.666666666666668	100	0
chr14	7226327	7232338	Amillepora25522	6	0	0	0	0	0	0	0	0	0
chr14	7153538	7169151	Amillepora25517	6	3	0.5	0.5	50	50	54.772255750516614	22.3606797749979	100	0
chr14	7193667	7194593	Amillepora25518	1	0	0	0	0	0	NA	NA	0	0
chr14	7208991	7210775	Amillepora25519	2	0	0	0	0	0	0	0	0	0
chr14	7210866	7213932	Amillepora25520	6	0	0	0	0	0	0	0	0	0
chr14	7340580	7344617	Amillepora25529	2	1	0.5	0.5	50	50	70.71067811865476	50	100	0
chr14	7325713	7329197	Amillepora25526	6	6	1	1	100	100	0	0	100	100
chr14	7334913	7340426	Amillepora25528	2	1	0.5	0.5	50	50	70.71067811865476	50	100	0
chr14	7355896	7361419	Amillepora25530	4	1	0.25	0.25	25	0	50	25	100	0
chr14	7402993	7403751	Amillepora25534	2	0	0	0	0	0	0	0	0	0
chr14	7454067	7464303	Amillepora25535	5	2	0.4	0.4	40	0	54.772255750516614	24.49489742783178	100	0
chr14	7552609	7558392	Amillepora25540	7	0	0	0	0	0	0	0	0	0
chr14	7503299	7506392	Amillepora25537	1	1	1	1	100	100	NA	NA	100	100
chr14	7528377	7529810	Amillepora25538	6	2	0.3333333333333333	0.3333333333333333	33.333333333333336	0	51.63977794943222	21.081851067789195	100	0
chr14	7602623	7605650	Amillepora25545	3	3	1	1	100	100	0	0	100	100
chr14	7665261	7667081	Amillepora25550	2	0	0	0	0	0	0	0	0	0
chr14	7697412	7698878	Amillepora25554	1	0	0	0	0	0	NA	NA	0	0
chr14	7684230	7696360	Amillepora25552	10	1	0.1	0.1	10	0	31.622776601683793	10	100	0
chr14	7778827	7783189	Amillepora25557	3	1	0.3333333333333333	0.3333333333333333	33.333333333333336	0	57.735026918962575	33.333333333333336	100	0
chr14	7652426	7672743	Amillepora25549	15	4	0.26666666666666666	0.26666666666666666	26.666666666666668	0	45.77377082170634	11.818736805705578	100	0
chr14	7673212	7673687	Amillepora25551	2	1	0.5	0.5	50	50	70.71067811865476	50	100	0
chr14	7786543	7792874	Amillepora25559	1	1	1	1	100	100	NA	NA	100	100
chr14	7828504	7829457	Amillepora25562	2	0	0	0	0	0	0	0	0	0
chr14	7830887	7832055	Amillepora25565	2	1	0.5	0.5	50	50	70.71067811865476	50	100	0
chr14	7827649	7828257	Amillepora25561	1	0	0	0	0	0	NA	NA	0	0
chr14	7859330	7860811	Amillepora25568	8	2	0.25	0.2222222222222222	25	0	46.29100498862757	16.366341767699428	100	0
chr14	7782574	7783878	Amillepora25558	1	1	1	1	100	100	NA	NA	100	100
chr14	7848730	7857500	Amillepora25567	2	1	0.5	0.5	50	50	70.71067811865476	50	100	0
chr14	7836094	7844007	Amillepora25566	2	1	0.5	0.5	50	50	70.71067811865476	50	100	0
chr14	7936693	7952152	Amillepora25573	1	0	0	0	0	0	NA	NA	0	0
chr14	7907978	7913294	Amillepora25569	1	0	0	0	0	0	NA	NA	0	0
chr14	7982580	7992089	Amillepora25576	11	1	0.09090909090909091	0.09090909090909091	9.090909090909092	0	30.151134457776358	9.09090909090909	100	0
chr14	7970144	7975861	Amillepora25575	2	0	0	0	0	0	0	0	0	0
chr14	8014461	8015936	Amillepora25579	2	1	0.5	0.5	50	50	70.71067811865476	50	100	0
chr14	8020123	8052101	Amillepora25580	8	4	0.5	0.5	50	50	53.45224838248488	18.89822365046136	100	0
chr14	7997708	8003317	Amillepora25578	4	0	0	0	0	0	0	0	0	0
chr14	8153474	8154223	Amillepora25589	2	0	0	0	0	0	0	0	0	0
chr14	8080137	8081054	Amillepora25585	2	0	0	0	0	0	0	0	0	0
chr14	8121984	8145105	Amillepora25588	23	3	0.13043478260869565	0.13043478260869565	13.043478260869565	0	34.435022157509096	7.180198468215396	100	0
chr14	8155322	8186516	Amillepora25590	34	1	0.029411764705882353	0.029411764705882353	2.9411764705882355	0	17.149858514250884	2.941176470588235	100	0
chr14	8085265	8116781	Amillepora25586	10	5	0.5	0.5	50	50	52.70462766947299	16.666666666666668	100	0
chr14	8186400	8192083	Amillepora25591	4	0	0	0	0	0	0	0	0	0
chr14	8223086	8231495	Amillepora25594	5	0	0	0	0	0	0	0	0	0
chr14	8237078	8285490	Amillepora25596	64	4	0.0625	0.0625	6.25	0	24.397501823713327	3.049687727964166	100	0
chr14	8190262	8218970	Amillepora25592	10	5	0.5	0.5	50	50	52.70462766947299	16.666666666666668	100	0
chr14	8339409	8347817	Amillepora25608	1	1	1	1	100	100	NA	NA	100	100
chr14	8376985	8378112	Amillepora25612	1	0	0	0	0	0	NA	NA	0	0
chr14	8328332	8338493	Amillepora25606	5	1	0.2	0.2	20	0	44.721359549995796	20	100	0
chr14	8367834	8369613	Amillepora25611	1	0	0	0	0	0	NA	NA	0	0
chr14	8292966	8300215	Amillepora25600	5	1	0.2	0.2	20	0	44.721359549995796	20	100	0
chr14	8302793	8303758	Amillepora25602	1	0	0	0	0	0	NA	NA	0	0
chr14	8338626	8339330	Amillepora25607	1	1	1	1	100	100	NA	NA	100	100
chr14	8389018	8390514	Amillepora25614	4	1	0.25	0.25	25	0	50	25	100	0
chr14	8414757	8415452	Amillepora25617	5	0	0	0	0	0	0	0	0	0
chr14	8397807	8404442	Amillepora25615	5	0	0	0	0	0	0	0	0	0
chr14	8406304	8411103	Amillepora25616	2	0	0	0	0	0	0	0	0	0
chr14	8599038	8602774	Amillepora25632	1	0	0	0	0	0	NA	NA	0	0
chr14	8824187	8854661	Amillepora25639	42	1	0.023809523809523808	0.023809523809523808	2.380952380952381	0	15.430334996209185	2.380952380952381	100	0
chr14	8946257	8953636	Amillepora25650	5	2	0.4	0.4	40	0	54.772255750516614	24.49489742783178	100	0
chr14	8905499	8907679	Amillepora25645	1	0	0	0	0	0	NA	NA	0	0
chr14	8912371	8914545	Amillepora25646	2	0	0	0	0	0	0	0	0	0
chr14	8963030	8964328	Amillepora25654	7	0	0	0	0	0	0	0	0	0
chr14	8942680	8945421	Amillepora25649	2	1	0.5	0.5	50	50	70.71067811865476	50	100	0
chr14	8969680	8978961	Amillepora25656	1	0	0	0	0	0	NA	NA	0	0
chr14	8966076	8969179	Amillepora25655	1	1	1	1	100	100	NA	NA	100	100
chr14	8957890	8962864	Amillepora25653	1	1	1	1	100	100	NA	NA	100	100
chr14	8920417	8942585	Amillepora25647	16	2	0.125	0.125	12.5	0	34.15650255319866	8.539125638299666	100	0
chr14	8978471	8980329	Amillepora25657	1	0	0	0	0	0	NA	NA	0	0
chr14	9049517	9061057	Amillepora25661	1	0	0	0	0	0	NA	NA	0	0
chr14	8988185	9004648	Amillepora25658	4	0	0	0	0	0	0	0	0	0
chr14	9013822	9014882	Amillepora25659	2	1	0.5	0.5	50	50	70.71067811865476	50	100	0
chr14	9147908	9164385	Amillepora25670	2	0	0	0	0	0	0	0	0	0
chr14	9084977	9085624	Amillepora25663	1	0	0	0	0	0	NA	NA	0	0
chr14	9112803	9118444	Amillepora25667	1	0	0	0	0	0	NA	NA	0	0
chr14	9174756	9176937	Amillepora25671	1	0	0	0	0	0	NA	NA	0	0
chr14	9239088	9242611	Amillepora25677	4	0	0	0	0	0	0	0	0	0
chr14	9260815	9275464	Amillepora25679	4	1	0.25	0.25	25	0	50	25	100	0
chr14	9193079	9206596	Amillepora25672	11	0	0	0	0	0	0	0	0	0
chr14	9217728	9219980	Amillepora25674	1	0	0	0	0	0	NA	NA	0	0
chr14	9253573	9256740	Amillepora25678	1	0	0	0	0	0	NA	NA	0	0
chr14	9286523	9329099	Amillepora25682	6	0	0	0	0	0	0	0	0	0
chr14	9330385	9369589	Amillepora25683	13	1	0.07692307692307693	0.07692307692307693	7.6923076923076925	0	27.735009811261456	7.6923076923076925	100	0
chr14	9283665	9286402	Amillepora25681	1	0	0	0	0	0	NA	NA	0	0
chr14	9457858	9459996	Amillepora25699	9	3	0.3333333333333333	0.3333333333333333	33.333333333333336	0	50	16.666666666666668	100	0
chr14	9423824	9425083	Amillepora25691	1	0	0	0	0	0	NA	NA	0	0
chr14	9475753	9480120	Amillepora25700	3	1	0.3333333333333333	0.3333333333333333	33.333333333333336	0	57.735026918962575	33.333333333333336	100	0
chr14	9387117	9393368	Amillepora25685	8	1	0.125	0.1111111111111111	12.5	0	35.35533905932738	12.5	100	0
chr14	9447628	9453011	Amillepora25698	3	0	0	0	0	0	0	0	0	0
chr14	9436619	9437822	Amillepora25694	2	0	0	0	0	0	0	0	0	0
chr14	9419055	9421830	Amillepora25690	2	0	0	0	0	0	0	0	0	0
chr14	9380347	9386857	Amillepora25684	5	0	0	0	0	0	0	0	0	0
chr14	9394289	9401914	Amillepora25686	7	1	0.14285714285714285	0.14285714285714285	14.285714285714286	0	37.79644730092272	14.285714285714285	100	0
chr14	9411753	9414030	Amillepora25688	2	0	0	0	0	0	0	0	0	0
chr14	9439714	9440283	Amillepora25697	1	0	0	0	0	0	NA	NA	0	0
chr14	9527162	9536526	Amillepora25704	6	2	0.3333333333333333	0.3333333333333333	33.333333333333336	0	51.63977794943222	21.081851067789195	100	0
chr14	9491330	9494146	Amillepora25702	7	6	0.8571428571428571	0.8571428571428571	85.71428571428571	100	37.79644730092272	14.285714285714285	100	0
chr14	9481389	9486748	Amillepora25701	2	2	1	1	100	100	0	0	100	100
chr14	9558398	9558791	Amillepora25705	1	0	0	0	0	0	NA	NA	0	0
chr14	9669670	9680868	Amillepora25710	4	0	0	0	0	0	0	0	0	0
chr14	9651557	9655592	Amillepora25708	9	1	0.1111111111111111	0.1111111111111111	11.11111111111111	0	33.333333333333336	11.111111111111112	100	0
chr14	9726527	9744845	Amillepora25713	6	0	0	0	0	0	0	0	0	0
chr14	9753545	9757644	Amillepora25714	9	2	0.2222222222222222	0.2222222222222222	22.22222222222222	0	44.09585518440984	14.698618394803281	100	0
chr14	9881940	9884125	Amillepora25725	4	0	0	0	0	0	0	0	0	0
chr14	9839185	9846461	Amillepora25721	7	3	0.42857142857142855	0.42857142857142855	42.857142857142854	0	53.452248382484875	20.203050891044217	100	0
chr14	9808718	9819053	Amillepora25718	2	1	0.5	0.5	50	50	70.71067811865476	50	100	0
chr14	9853190	9870025	Amillepora25722	3	2	0.6666666666666666	0.6666666666666666	66.66666666666667	100	57.73502691896258	33.333333333333336	100	0
chr14	9764916	9765712	Amillepora25715	1	0	0	0	0	0	NA	NA	0	0
chr14	9797953	9806717	Amillepora25717	8	0	0	0	0	0	0	0	0	0
chr14	9826175	9833886	Amillepora25719	3	1	0.3333333333333333	0.3333333333333333	33.333333333333336	0	57.735026918962575	33.333333333333336	100	0
chr14	9770487	9773041	Amillepora25716	3	1	0.3333333333333333	0.3333333333333333	33.333333333333336	0	57.735026918962575	33.333333333333336	100	0
chr14	9914248	9939823	Amillepora25727	8	3	0.375	0.375	37.5	0	51.75491695067657	18.298126367784995	100	0
chr14	9953812	9955896	Amillepora25733	1	0	0	0	0	0	NA	NA	0	0
chr14	9943115	9945608	Amillepora25731	1	0	0	0	0	0	NA	NA	0	0
chr14	9936895	9940453	Amillepora25729	1	1	1	1	100	100	NA	NA	100	100
chr14	9908784	9912363	Amillepora25726	2	1	0.5	0.5	50	50	70.71067811865476	50	100	0
chr14	9987511	9992692	Amillepora25735	2	0	0	0	0	0	0	0	0	0
chr14	10029985	10042566	Amillepora25739	5	2	0.4	0.4	40	0	54.772255750516614	24.49489742783178	100	0
chr14	10068443	10073065	Amillepora25742	5	0	0	0	0	0	0	0	0	0
chr14	10074206	10075967	Amillepora25743	5	0	0	0	0	0	0	0	0	0
chr14	9945801	9952799	Amillepora25732	3	2	0.6666666666666666	0.6666666666666666	66.66666666666667	100	57.735026918962575	33.333333333333336	100	0
chr14	9960584	9980640	Amillepora25734	8	2	0.25	0.25	25	0	46.29100498862757	16.366341767699428	100	0
chr14	10077084	10082478	Amillepora25744	15	0	0	0	0	0	0	0	0	0
chr14	9994587	9997643	Amillepora25736	11	6	0.5454545454545454	0.5454545454545454	54.54545454545455	100	52.22329678670935	15.745916432444341	100	0
chr14	10012016	10024908	Amillepora25738	12	3	0.25	0.25	25	0	45.22670168666454	13.055824196677337	100	0
chr14	10049156	10054891	Amillepora25740	7	0	0	0	0	0	0	0	0	0
chr14	10063688	10067592	Amillepora25741	7	0	0	0	0	0	0	0	0	0
chr14	10093297	10109665	Amillepora25746	9	1	0.1111111111111111	0.1111111111111111	11.11111111111111	0	33.333333333333336	11.111111111111112	100	0
chr14	10137278	10146360	Amillepora25749	5	2	0.4	0.4	40	0	54.772255750516614	24.49489742783178	100	0
chr14	10156093	10170309	Amillepora25754	7	2	0.2857142857142857	0.2857142857142857	28.571428571428573	0	48.79500364742666	18.442777839082936	100	0
chr14	10112028	10136073	Amillepora25747	33	1	0.030303030303030304	0.030303030303030304	3.0303030303030303	0	17.407765595569774	3.03030303030303	100	0
chr14	10084148	10090775	Amillepora25745	10	1	0.1	0.1	10	0	31.622776601683793	10	100	0
chr14	10153521	10153967	Amillepora25753	1	0	0	0	0	0	NA	NA	0	0
chr14	10184848	10198047	Amillepora25755	10	0	0	0	0	0	0	0	0	0
chr14	10246683	10247410	Amillepora25759	3	0	0	0	0	0	0	0	0	0
chr14	10209227	10219371	Amillepora25756	8	0	0	0	0	0	0	0	0	0
chr14	10266676	10275945	Amillepora25760	17	1	0.058823529411764705	0.058823529411764705	5.882352941176471	0	24.253562503633297	5.88235294117647	100	0
chr14	10320749	10322161	Amillepora25766	4	0	0	0	0	0	0	0	0	0
chr14	10276658	10289438	Amillepora25762	4	4	1	1	100	100	0	0	100	100
chr14	10358318	10377479	Amillepora25768	4	2	0.5	0.5	50	50	57.735026918962575	28.867513459481287	100	0
chr14	10326999	10358397	Amillepora25767	39	4	0.10256410256410256	0.10256410256410256	10.256410256410257	0	30.735474060472832	4.921614717627658	100	0
chr14	10305355	10315209	Amillepora25764	18	0	0	0	0	0	0	0	0	0
chr14	10378318	10380507	Amillepora25769	7	0	0	0	0	0	0	0	0	0
chr14	10483510	10487848	Amillepora25778	2	0	0	0	0	0	0	0	0	0
chr14	10426635	10437407	Amillepora25773	18	0	0	0	0	0	0	0	0	0
chr14	10388833	10401170	Amillepora25770	11	1	0.09090909090909091	0.09090909090909091	9.090909090909092	0	30.15113445777636	9.09090909090909	100	0
chr14	10430658	10432205	Amillepora25774	8	0	0	0	0	0	0	0	0	0
chr14	10417050	10427042	Amillepora25772	20	0	0	0	0	0	0	0	0	0
chr14	10435961	10442815	Amillepora25775	16	1	0.0625	0.0625	6.25	0	25	6.25	100	0
chr14	10579457	10581316	Amillepora25782	3	0	0	0	0	0	0	0	0	0
chr14	10597287	10600731	Amillepora25786	1	1	1	1	100	100	NA	NA	100	100
chr14	10654289	10656997	Amillepora25788	1	0	0	0	0	0	NA	NA	0	0
chr14	10593909	10597163	Amillepora25785	5	2	0.4	0.4	40	0	54.772255750516614	24.49489742783178	100	0
chr14	10608662	10619353	Amillepora25787	2	0	0	0	0	0	0	0	0	0
chr14	10592798	10593888	Amillepora25784	1	1	1	1	100	100	NA	NA	100	100
chr14	10592383	10592790	Amillepora25783	1	0	0	0	0	0	NA	NA	0	0
chr14	10672671	10675725	Amillepora25790	1	1	1	1	100	100	NA	NA	100	100
chr14	10674210	10703656	Amillepora25791	3	0	0	0	0	0	0	0	0	0
chr14	10818752	10822354	Amillepora25804	2	0	0	0	0	0	0	0	0	0
chr14	10771589	10772230	Amillepora25798	1	1	1	1	100	100	NA	NA	100	100
chr14	10797612	10805887	Amillepora25802	1	0	0	0	0	0	NA	NA	0	0
chr14	10762995	10770538	Amillepora25797	1	0	0	0	0	0	NA	NA	0	0
chr14	10858053	10873805	Amillepora25808	8	3	0.375	0.375	37.5	0	51.75491695067657	18.298126367784995	100	0
chr14	10794539	10796952	Amillepora25801	3	2	0.6666666666666666	0.6666666666666666	66.66666666666667	100	57.73502691896258	33.333333333333336	100	0
chr14	10779448	10790446	Amillepora25800	8	4	0.5	0.5	50	50	53.45224838248488	18.89822365046136	100	0
chr14	10808362	10823487	Amillepora25803	5	1	0.2	0.2	20	0	44.721359549995796	20	100	0
chr14	10823679	10827634	Amillepora25805	1	0	0	0	0	0	NA	NA	0	0
chr14	10920347	10926176	Amillepora25810	1	0	0	0	0	0	NA	NA	0	0
chr14	10975546	10981544	Amillepora25815	5	3	0.6	0.6	60	100	54.772255750516614	24.49489742783178	100	0
chr14	10946767	10949691	Amillepora25811	7	4	0.5714285714285714	0.4444444444444444	57.142857142857146	100	53.45224838248488	20.203050891044217	100	0
chr14	11030269	11036203	Amillepora25818	3	0	0	0	0	0	0	0	0	0
chr14	11028647	11029240	Amillepora25817	2	0	0	0	0	0	0	0	0	0
chr14	11173196	11175304	Amillepora25824	1	0	0	0	0	0	NA	NA	0	0
chr14	11172455	11173165	Amillepora25823	3	0	0	0	0	0	0	0	0	0
chr14	11020274	11095139	Amillepora25816	58	19	0.3275862068965517	0.3220338983050847	32.758620689655174	0	47.343207647399936	6.216467716317223	100	0
chr14	11257082	11276523	Amillepora25829	19	12	0.631578947368421	0.631578947368421	63.1578947368421	100	49.55946277833521	11.369720523522561	100	0
chr14	11222609	11227668	Amillepora25827	1	0	0	0	0	0	NA	NA	0	0
chr14	11210081	11214203	Amillepora25826	2	0	0	0	0	0	0	0	0	0
chr14	11298506	11314227	Amillepora25830	19	0	0	0	0	0	0	0	0	0
chr14	11322520	11323029	Amillepora25832	1	0	0	0	0	0	NA	NA	0	0
chr14	11361057	11380256	Amillepora25838	13	0	0	0	0	0	0	0	0	0
chr14	11337524	11339773	Amillepora25834	2	0	0	0	0	0	0	0	0	0
chr14	11357324	11360351	Amillepora25837	1	0	0	0	0	0	NA	NA	0	0
chr14	11419856	11425093	Amillepora25839	4	0	0	0	0	0	0	0	0	0
chr14	11560996	11562374	Amillepora25847	1	0	0	0	0	0	NA	NA	0	0
chr14	11541038	11556422	Amillepora25845	14	0	0	0	0	0	0	0	0	0
chr14	11571120	11592873	Amillepora25848	6	1	0.16666666666666666	0.16666666666666666	16.666666666666668	0	40.8248290463863	16.66666666666667	100	0
chr14	11648525	11668998	Amillepora25850	15	0	0	0	0	0	0	0	0	0
chr14	11604562	11608392	Amillepora25849	1	0	0	0	0	0	NA	NA	0	0
chr14	11683539	11688672	Amillepora25861	15	0	0	0	0	0	0	0	0	0
chr14	11695007	11702371	Amillepora25862	2	0	0	0	0	0	0	0	0	0
chr14	11717888	11726865	Amillepora25863	17	0	0	0	0	0	0	0	0	0
chr14	11767432	11780833	Amillepora25867	11	1	0.09090909090909091	0.09090909090909091	9.090909090909092	0	30.15113445777636	9.09090909090909	100	0
chr14	11750035	11758829	Amillepora25865	8	1	0.125	0.125	12.5	0	35.35533905932738	12.5	100	0
chr14	11826200	11838621	Amillepora25870	16	2	0.125	0.125	12.5	0	34.15650255319866	8.539125638299666	100	0
chr14	11939254	11939964	Amillepora25871	3	3	1	1	100	100	0	0	100	100
chr14	11957912	11968825	Amillepora25873	3	2	0.6666666666666666	0.6666666666666666	66.66666666666667	100	57.73502691896258	33.333333333333336	100	0
chr14	11952785	11956266	Amillepora25872	14	7	0.5	0.5	50	50	51.887452166277086	13.86750490563073	100	0
chr14	11960622	11991802	Amillepora25874	15	9	0.6	0.6	60	100	50.709255283710995	13.093073414159543	100	0
chr14	11998003	12001449	Amillepora25877	3	3	1	1	100	100	0	0	100	100
chr14	11979694	11993705	Amillepora25876	2	2	1	1	100	100	0	0	100	100
chr14	12057342	12060885	Amillepora25885	3	0	0	0	0	0	0	0	0	0
chr14	12071045	12074743	Amillepora25886	5	1	0.2	0.2	20	0	44.721359549995796	20	100	0
chr14	12074765	12075883	Amillepora25887	2	0	0	0	0	0	0	0	0	0
chr14	12082268	12093527	Amillepora25888	1	0	0	0	0	0	NA	NA	0	0
chr14	12125093	12126620	Amillepora25891	1	1	1	1	100	100	NA	NA	100	100
chr14	12096548	12114577	Amillepora25889	7	5	0.7142857142857143	0.7142857142857143	71.42857142857143	100	48.79500364742666	18.442777839082936	100	0
chr14	12164889	12171566	Amillepora25894	5	3	0.6	0.6	60	100	54.772255750516614	24.49489742783178	100	0
chr14	12167152	12168898	Amillepora25895	3	2	0.6666666666666666	0.6666666666666666	66.66666666666667	100	57.73502691896258	33.333333333333336	100	0
chr14	12285338	12291848	Amillepora25902	2	2	1	1	100	100	0	0	100	100
chr14	12319776	12345287	Amillepora25905	9	0	0	0	0	0	0	0	0	0
chr14	12342929	12344934	Amillepora25907	1	0	0	0	0	0	NA	NA	0	0
chr14	12378845	12380488	Amillepora25910	5	1	0.2	0.2	20	0	44.721359549995796	20	100	0
chr14	12380595	12381633	Amillepora25911	1	0	0	0	0	0	NA	NA	0	0
chr14	12398450	12399798	Amillepora25912	2	1	0.5	0.5	50	50	70.71067811865476	50	100	0
chr14	12485570	12490349	Amillepora25918	1	1	1	1	100	100	NA	NA	100	100
chr14	12676089	12677272	Amillepora25925	2	0	0	0	0	0	0	0	0	0
chr14	12764894	12772143	Amillepora25929	12	1	0.08333333333333333	0.08333333333333333	8.333333333333334	0	28.8675134594813	8.333333333333334	100	0
chr14	12860948	12869447	Amillepora25936	11	1	0.09090909090909091	0.09090909090909091	9.090909090909092	0	30.151134457776358	9.09090909090909	100	0
chr14	12817789	12829669	Amillepora25933	2	0	0	0	0	0	0	0	0	0
chr14	12802076	12814673	Amillepora25932	1	0	0	0	0	0	NA	NA	0	0
chr14	12796611	12801911	Amillepora25931	5	0	0	0	0	0	0	0	0	0
chr14	12837577	12840118	Amillepora25935	7	0	0	0	0	0	0	0	0	0
chr14	12787835	12792113	Amillepora25930	2	0	0	0	0	0	0	0	0	0
chr14	12878438	12895334	Amillepora25937	9	1	0.1111111111111111	0.1111111111111111	11.11111111111111	0	33.333333333333336	11.111111111111112	100	0
chr14	12938044	12946881	Amillepora25940	5	0	0	0	0	0	0	0	0	0
chr14	13020279	13030831	Amillepora25945	10	0	0	0	0	0	0	0	0	0
chr14	13017940	13019887	Amillepora25944	3	0	0	0	0	0	0	0	0	0
chr14	12975637	12995041	Amillepora25941	30	1	0.03333333333333333	0.03333333333333333	3.3333333333333335	0	18.257418583505537	3.333333333333333	100	0
chr14	13084498	13085239	Amillepora25952	3	0	0	0	0	0	0	0	0	0
chr14	13128564	13131981	Amillepora25954	4	0	0	0	0	0	0	0	0	0
chr14	13112941	13116305	Amillepora25953	1	0	0	0	0	0	NA	NA	0	0
chr14	13253453	13257369	Amillepora25959	5	4	0.8	0.8	80	100	44.721359549995796	20	100	0
chr14	13258599	13268046	Amillepora25960	4	2	0.5	0.5	50	50	57.735026918962575	28.867513459481287	100	0
chr14	13295506	13296609	Amillepora25961	1	0	0	0	0	0	NA	NA	0	0
chr14	13312841	13317484	Amillepora25963	1	1	1	1	100	100	NA	NA	100	100
chr14	13338692	13341671	Amillepora25965	15	1	0.06666666666666667	0.06666666666666667	6.666666666666667	0	25.81988897471611	6.666666666666666	100	0
chr14	13296165	13305443	Amillepora25962	3	2	0.6666666666666666	0.6666666666666666	66.66666666666667	100	57.73502691896258	33.333333333333336	100	0
chr14	13467880	13485964	Amillepora25967	3	1	0.3333333333333333	0.3333333333333333	33.333333333333336	0	57.735026918962575	33.333333333333336	100	0
chr14	13539855	13544619	Amillepora25972	1	0	0	0	0	0	NA	NA	0	0
chr14	13551783	13554281	Amillepora25973	3	0	0	0	0	0	0	0	0	0
chr14	13536737	13538903	Amillepora25971	1	0	0	0	0	0	NA	NA	0	0
chr14	13636372	13638341	Amillepora25975	2	0	0	0	0	0	0	0	0	0
chr14	13710427	13714616	Amillepora25980	1	0	0	0	0	0	NA	NA	0	0
chr14	13703758	13708620	Amillepora25979	3	1	0.3333333333333333	0.3333333333333333	33.333333333333336	0	57.735026918962575	33.333333333333336	100	0
chr14	13777993	13790969	Amillepora25984	2	0	0	0	0	0	0	0	0	0
chr14	14045074	14054375	Amillepora25993	9	0	0	0	0	0	0	0	0	0
chr14	14003636	14005565	Amillepora25992	1	0	0	0	0	0	NA	NA	0	0
chr14	13991900	13996152	Amillepora25989	2	0	0	0	0	0	0	0	0	0
chr14	14152075	14163003	Amillepora25999	8	0	0	0	0	0	0	0	0	0
chr14	14081949	14125050	Amillepora25996	35	5	0.14285714285714285	0.16666666666666666	14.285714285714286	0	35.50358012483632	6.001200360120041	100	0
chr14	14090816	14096379	Amillepora25998	2	1	0.5	0.5	50	50	70.71067811865476	50	100	0
chr14	14085942	14087687	Amillepora25997	1	0	0	0	0	0	NA	NA	0	0
chr14	14163879	14166509	Amillepora26001	2	1	0.5	0.5	50	50	70.71067811865476	50	100	0
chr14	14189286	14217606	Amillepora26005	35	1	0.02857142857142857	0.02857142857142857	2.857142857142857	0	16.90308509457033	2.857142857142857	100	0
chr14	14166904	14178328	Amillepora26002	6	1	0.16666666666666666	0.16666666666666666	16.666666666666668	0	40.8248290463863	16.66666666666667	100	0
chr14	14280463	14281401	Amillepora26012	1	0	0	0	0	0	NA	NA	0	0
chr14	14265418	14266323	Amillepora26010	1	0	0	0	0	0	NA	NA	0	0
chr14	14254454	14257931	Amillepora26007	3	1	0.3333333333333333	0.3333333333333333	33.333333333333336	0	57.735026918962575	33.333333333333336	100	0
chr14	14260095	14263777	Amillepora26009	2	0	0	0	0	0	0	0	0	0
chr14	14179587	14190583	Amillepora26003	9	0	0	0	0	0	0	0	0	0
chr14	14268108	14273981	Amillepora26011	1	0	0	0	0	0	NA	NA	0	0
chr14	14258327	14260070	Amillepora26008	2	0	0	0	0	0	0	0	0	0
chr14	14363280	14387652	Amillepora26018	40	5	0.125	0.125	12.5	0	33.49320635285418	5.295740910852021	100	0
chr14	14336138	14347624	Amillepora26016	5	0	0	0	0	0	0	0	0	0
chr14	14350294	14363195	Amillepora26017	8	0	0	0	0	0	0	0	0	0
chr14	14310255	14315521	Amillepora26013	1	0	0	0	0	0	NA	NA	0	0
chr14	14455405	14456860	Amillepora26027	3	0	0	0	0	0	0	0	0	0
chr14	14393492	14401099	Amillepora26020	10	0	0	0	0	0	0	0	0	0
chr14	14447859	14454832	Amillepora26026	7	0	0	0	0	0	0	0	0	0
chr14	14390189	14392522	Amillepora26019	3	0	0	0	0	0	0	0	0	0
chr14	14436147	14437501	Amillepora26025	1	0	0	0	0	0	NA	NA	0	0
chr14	14404255	14412022	Amillepora26021	16	0	0	0	0	0	0	0	0	0
chr14	14414294	14433889	Amillepora26023	16	0	0	0	0	0	0	0	0	0
chr14	14462718	14463506	Amillepora26030	3	0	0	0	0	0	0	0	0	0
chr14	14535294	14542124	Amillepora26034	4	2	0.5	0.5	50	50	57.735026918962575	28.867513459481287	100	0
chr14	14544645	14566834	Amillepora26035	25	0	0	0	0	0	0	0	0	0
chr14	14480142	14507017	Amillepora26031	20	0	0	0	0	0	0	0	0	0
chr14	14508625	14522120	Amillepora26033	19	0	0	0	0	0	0	0	0	0
chr14	14592841	14618949	Amillepora26038	18	9	0.5	0.5	50	50	51.44957554275265	12.126781251816649	100	0
chr14	14668301	14675060	Amillepora26044	2	1	0.5	0.5	50	50	70.71067811865476	50	100	0
chr14	14586839	14592415	Amillepora26037	3	0	0	0	0	0	0	0	0	0
chr14	14625762	14648410	Amillepora26039	32	1	0.03125	0.03125	3.125	0	17.67766952966369	3.125	100	0
chr14	14663270	14665969	Amillepora26043	2	1	0.5	0.5	50	50	70.71067811865476	50	100	0
chr14	14652435	14658679	Amillepora26040	4	1	0.25	0.25	25	0	50	25	100	0
chr14	14584515	14586131	Amillepora26036	1	1	1	1	100	100	NA	NA	100	100
chr14	14766037	14771501	Amillepora26051	11	0	0	0	0	0	0	0	0	0
chr14	14747246	14763926	Amillepora26050	18	1	0.05555555555555555	0.05555555555555555	5.555555555555555	0	23.570226039551585	5.555555555555556	100	0
chr14	14712771	14726623	Amillepora26048	35	0	0	0	0	0	0	0	0	0
chr14	14695197	14703406	Amillepora26047	1	0	0	0	0	0	NA	NA	0	0
chr14	14692135	14694820	Amillepora26046	2	1	0.5	0.5	50	50	70.71067811865476	50	100	0
chr14	14729421	14744082	Amillepora26049	14	0	0	0	0	0	0	0	0	0
chr14	14775654	14815694	Amillepora26052	41	3	0.07317073170731707	0.07317073170731707	7.317073170731708	0	26.36516548818747	4.117547077105886	100	0
chr14	14837417	14846575	Amillepora26055	9	1	0.1111111111111111	0.1111111111111111	11.11111111111111	0	33.333333333333336	11.111111111111112	100	0
chr14	14820482	14828379	Amillepora26053	6	0	0	0	0	0	0	0	0	0
chr14	14850377	14859504	Amillepora26056	1	1	1	1	100	100	NA	NA	100	100
chr14	14829672	14837318	Amillepora26054	6	0	0	0	0	0	0	0	0	0
chr14	14861098	14874923	Amillepora26057	19	0	0	0	0	0	0	0	0	0
chr14	14880548	14890253	Amillepora26059	7	1	0.14285714285714285	0.14285714285714285	14.285714285714286	0	37.79644730092272	14.285714285714285	100	0
chr14	14890893	14893034	Amillepora26060	6	1	0.16666666666666666	0.16666666666666666	16.666666666666668	0	40.82482904638629	16.66666666666667	100	0
chr14	14907987	14911255	Amillepora26061	3	0	0	0	0	0	0	0	0	0
chr14	14954041	14956900	Amillepora26064	3	0	0	0	0	0	0	0	0	0
chr14	14918785	14927494	Amillepora26062	14	2	0.14285714285714285	0.14285714285714285	14.285714285714286	0	36.31365196012815	9.705231721239393	100	0
chr14	14928198	14945336	Amillepora26063	15	7	0.4666666666666667	0.4666666666666667	46.666666666666664	0	51.63977794943223	13.333333333333332	100	0
chr14	15058838	15060889	Amillepora26069	4	0	0	0	0	0	0	0	0	0
chr14	15012246	15044701	Amillepora26067	27	2	0.07407407407407407	0.07407407407407407	7.407407407407407	0	26.688025634181187	5.13611292801138	100	0
chr14	14991552	15000124	Amillepora26065	2	0	0	0	0	0	0	0	0	0
chr14	15001530	15004414	Amillepora26066	4	0	0	0	0	0	0	0	0	0
chr14	15060899	15079399	Amillepora26070	30	0	0	0	0	0	0	0	0	0
chr14	15157801	15162957	Amillepora26076	1	0	0	0	0	0	NA	NA	0	0
chr14	15105255	15137103	Amillepora26074	12	1	0.08333333333333333	0.08333333333333333	8.333333333333334	0	28.86751345948129	8.333333333333334	100	0
chr14	15194549	15208614	Amillepora26077	21	0	0	0	0	0	0	0	0	0
chr14	15234712	15235903	Amillepora26080	1	0	0	0	0	0	NA	NA	0	0
chr14	15262328	15267746	Amillepora26083	12	0	0	0	0	0	0	0	0	0
chr14	15330380	15339501	Amillepora26087	11	0	0	0	0	0	0	0	0	0
chr14	15399277	15405557	Amillepora26092	6	0	0	0	0	0	0	0	0	0
chr14	15427126	15433651	Amillepora26094	7	0	0	0	0	0	0	0	0	0
chr14	15370087	15372601	Amillepora26089	6	0	0	0	0	0	0	0	0	0
chr14	15375297	15380318	Amillepora26090	5	1	0.2	0.2	20	0	44.721359549995796	20	100	0
chr14	15391590	15395308	Amillepora26091	5	0	0	0	0	0	0	0	0	0
chr14	15420184	15423237	Amillepora26093	2	0	0	0	0	0	0	0	0	0
chr14	15344050	15361032	Amillepora26088	30	0	0	0	0	0	0	0	0	0
chr14	15450399	15467240	Amillepora26095	4	1	0.25	0.25	25	0	50	25	100	0
chr14	15547676	15562570	Amillepora26100	3	1	0.3333333333333333	0.3333333333333333	33.333333333333336	0	57.735026918962575	33.333333333333336	100	0
chr14	15563632	15569617	Amillepora26101	9	1	0.1111111111111111	0.1111111111111111	11.11111111111111	0	33.333333333333336	11.111111111111112	100	0
chr14	15519810	15537578	Amillepora26099	12	1	0.08333333333333333	0.08333333333333333	8.333333333333334	0	28.867513459481295	8.333333333333334	100	0
chr14	15504517	15518031	Amillepora26098	1	0	0	0	0	0	NA	NA	0	0
chr14	15622025	15630014	Amillepora26108	1	0	0	0	0	0	NA	NA	0	0
chr14	15636773	15652307	Amillepora26110	5	2	0.4	0.4	40	0	54.772255750516614	24.49489742783178	100	0
chr14	15573795	15577210	Amillepora26102	2	1	0.5	0.5	50	50	70.71067811865476	50	100	0
chr14	15643652	15647372	Amillepora26111	2	0	0	0	0	0	0	0	0	0
chr14	15599846	15611662	Amillepora26105	5	1	0.2	0.2	20	0	44.721359549995796	20	100	0
chr14	15578257	15598392	Amillepora26103	3	1	0.3333333333333333	0.3333333333333333	33.333333333333336	0	57.735026918962575	33.333333333333336	100	0
chr14	15664799	15675250	Amillepora26112	4	1	0.25	0.25	25	0	50	25	100	0
chr14	15616072	15621668	Amillepora26107	2	1	0.5	0.5	50	50	70.71067811865476	50	100	0
chr14	15633814	15635252	Amillepora26109	4	0	0	0	0	0	0	0	0	0
chr14	15759223	15768687	Amillepora26118	4	0	0	0	0	0	0	0	0	0
chr14	15749458	15757767	Amillepora26117	1	1	1	1	100	100	NA	NA	100	100
chr14	15770134	15782944	Amillepora26119	19	3	0.15789473684210525	0.15789473684210525	15.789473684210526	0	37.46343246326775	8.5947008518708	100	0
chr14	15718238	15725786	Amillepora26114	1	0	0	0	0	0	NA	NA	0	0
chr14	15708827	15718221	Amillepora26113	2	1	0.5	0.5	50	50	70.71067811865476	50	100	0
chr14	15788203	15798452	Amillepora26120	5	0	0	0	0	0	0	0	0	0
chr14	15849650	15865286	Amillepora26127	6	2	0.3333333333333333	0.3333333333333333	33.333333333333336	0	51.63977794943222	21.081851067789195	100	0
chr14	15814372	15822417	Amillepora26122	11	0	0	0	0	0	0	0	0	0
chr14	15829376	15838374	Amillepora26124	2	0	0	0	0	0	0	0	0	0
chr14	15823138	15825743	Amillepora26123	2	1	0.5	0.5	50	50	70.71067811865476	50	100	0
chr14	15847657	15849558	Amillepora26126	1	0	0	0	0	0	NA	NA	0	0
chr14	15802331	15809547	Amillepora26121	11	0	0	0	0	0	0	0	0	0
chr14	15871066	15875197	Amillepora26129	1	0	0	0	0	0	NA	NA	0	0
chr14	15946336	15966727	Amillepora26136	17	3	0.17647058823529413	0.17647058823529413	17.647058823529413	0	39.295262399668786	9.530501027070382	100	0
chr14	15894240	15937766	Amillepora26133	44	5	0.11363636363636363	0.11363636363636363	11.363636363636363	0	32.10382206405505	4.839833278309255	100	0
chr14	15940251	15944314	Amillepora26134	7	1	0.14285714285714285	0.14285714285714285	14.285714285714286	0	37.79644730092272	14.285714285714285	100	0
chr14	15877657	15881600	Amillepora26130	1	1	1	1	100	100	NA	NA	100	100
chr14	15892985	15899993	Amillepora26132	8	2	0.25	0.25	25	0	46.29100498862757	16.366341767699428	100	0
chr14	16054255	16061365	Amillepora26139	14	3	0.21428571428571427	0.21428571428571427	21.428571428571427	0	42.581531362632	11.380392954509878	100	0
chr14	16065988	16068538	Amillepora26140	1	0	0	0	0	0	NA	NA	0	0
chr14	16013203	16023050	Amillepora26137	4	2	0.5	0.5	50	50	57.735026918962575	28.867513459481287	100	0
chr14	16025359	16039897	Amillepora26138	5	0	0	0	0	0	0	0	0	0
chr14	16092973	16097616	Amillepora26145	1	1	1	1	100	100	NA	NA	100	100
chr14	16135347	16155799	Amillepora26149	7	2	0.2857142857142857	0.2857142857142857	28.571428571428573	0	48.79500364742666	18.442777839082936	100	0
chr14	16100596	16110671	Amillepora26146	12	2	0.16666666666666666	0.16666666666666666	16.666666666666668	0	38.92494720807615	11.236664374387368	100	0
chr14	16127072	16130456	Amillepora26148	4	0	0	0	0	0	0	0	0	0
chr14	16168731	16176344	Amillepora26150	11	1	0.09090909090909091	0.09090909090909091	9.090909090909092	0	30.15113445777636	9.09090909090909	100	0
chr14	16113959	16125785	Amillepora26147	7	6	0.8571428571428571	0.8571428571428571	85.71428571428571	100	37.79644730092272	14.285714285714285	100	0
chr14	16083823	16096154	Amillepora26142	7	4	0.5714285714285714	0.5714285714285714	57.142857142857146	100	53.45224838248488	20.203050891044217	100	0
chr14	16240124	16243837	Amillepora26161	6	0	0	0	0	0	0	0	0	0
chr14	16227412	16233663	Amillepora26159	13	3	0.23076923076923078	0.23076923076923078	23.076923076923077	0	43.85290096535146	12.162606385262997	100	0
chr14	16265861	16269058	Amillepora26165	1	0	0	0	0	0	NA	NA	0	0
chr14	16194640	16211001	Amillepora26155	15	3	0.2	0.2	20	0	41.403933560541255	10.690449676496975	100	0
chr14	16186905	16189869	Amillepora26153	2	0	0	0	0	0	0	0	0	0
chr14	16180750	16182696	Amillepora26152	6	1	0.16666666666666666	0.16666666666666666	16.666666666666668	0	40.8248290463863	16.66666666666667	100	0
chr14	16245025	16262393	Amillepora26162	19	0	0	0	0	0	0	0	0	0
chr14	16191541	16194562	Amillepora26154	1	0	0	0	0	0	NA	NA	0	0
chr14	16215417	16231792	Amillepora26157	20	3	0.15	0.15	15	0	36.634754853252325	8.191780219091253	100	0
chr14	16235494	16236600	Amillepora26160	2	0	0	0	0	0	0	0	0	0
chr14	16263365	16263968	Amillepora26164	2	0	0	0	0	0	0	0	0	0
chr14	16211910	16213219	Amillepora26156	2	0	0	0	0	0	0	0	0	0
chr14	16322927	16366568	Amillepora26169	46	0	0	0	0	0	0	0	0	0
chr14	16286082	16307087	Amillepora26166	44	0	0	0	0	0	0	0	0	0
chr14	16313883	16317482	Amillepora26167	4	0	0	0	0	0	0	0	0	0
chr14	16318231	16331536	Amillepora26168	8	2	0.25	0.25	25	0	46.29100498862757	16.366341767699428	100	0
chr14	16393086	16398160	Amillepora26171	2	1	0.5	0.5	50	50	70.71067811865476	50	100	0
chr14	16399042	16430025	Amillepora26172	18	6	0.3333333333333333	0.3333333333333333	33.333333333333336	0	48.50712500726659	11.433239009500591	100	0
chr14	16430080	16431015	Amillepora26173	2	0	0	0	0	0	0	0	0	0
chr14	16432104	16438270	Amillepora26174	11	0	0	0	0	0	0	0	0	0
chr14	16472248	16477184	Amillepora26177	5	0	0	0	0	0	0	0	0	0
chr14	16455296	16471415	Amillepora26176	10	1	0.1	0.1	10	0	31.622776601683793	10	100	0
chr14	16439953	16454632	Amillepora26175	7	0	0	0	0	0	0	0	0	0
chr14	16497136	16499007	Amillepora26179	10	1	0.1	0.1	10	0	31.622776601683793	10	100	0
chr14	16522160	16525911	Amillepora26182	2	1	0.5	0.5	50	50	70.71067811865476	50	100	0
chr14	16479191	16493833	Amillepora26178	1	0	0	0	0	0	NA	NA	0	0
chr14	16503992	16510548	Amillepora26180	6	5	0.8333333333333334	0.8333333333333334	83.33333333333333	100	40.824829046386306	16.66666666666667	100	0
chr14	16543897	16567820	Amillepora26184	23	6	0.2608695652173913	0.2608695652173913	26.08695652173913	0	44.89777585448796	9.361833424764438	100	0
chr14	16513567	16520725	Amillepora26181	1	0	0	0	0	0	NA	NA	0	0
chr14	16526457	16543378	Amillepora26183	25	0	0	0	0	0	0	0	0	0
chr14	16635646	16644922	Amillepora26188	7	0	0	0	0	0	0	0	0	0
chr14	16607013	16611611	Amillepora26187	6	1	0.16666666666666666	0.16666666666666666	16.666666666666668	0	40.8248290463863	16.66666666666667	100	0
chr14	16662514	16664279	Amillepora26190	1	0	0	0	0	0	NA	NA	0	0
chr14	16591667	16593760	Amillepora26185	1	0	0	0	0	0	NA	NA	0	0
chr14	16595458	16604702	Amillepora26186	5	1	0.2	0.2	20	0	44.721359549995796	20	100	0
chr14	16711436	16714570	Amillepora26194	8	0	0	0	0	0	0	0	0	0
chr14	16717034	16731700	Amillepora26195	5	4	0.8	0.8	80	100	44.721359549995796	20	100	0
chr14	16688060	16703345	Amillepora26192	14	0	0	0	0	0	0	0	0	0
chr14	16703820	16710307	Amillepora26193	6	1	0.16666666666666666	0.16666666666666666	16.666666666666668	0	40.8248290463863	16.66666666666667	100	0
chr14	16757606	16762895	Amillepora26198	9	0	0	0	0	0	0	0	0	0
chr14	16777815	16780945	Amillepora26199	10	1	0.1	0.1	10	0	31.622776601683793	10	100	0
chr14	16741366	16755228	Amillepora26197	12	0	0	0	0	0	0	0	0	0
chr14	16731950	16739929	Amillepora26196	3	0	0	0	0	0	0	0	0	0
chr14	16835388	16843305	Amillepora26206	5	2	0.4	0.4	40	0	54.772255750516614	24.49489742783178	100	0
chr14	16812354	16817831	Amillepora26203	6	0	0	0	0	0	0	0	0	0
chr14	16865203	16884704	Amillepora26210	12	2	0.16666666666666666	0.16666666666666666	16.666666666666668	0	38.92494720807615	11.236664374387368	100	0
chr14	16797867	16799078	Amillepora26201	1	0	0	0	0	0	NA	NA	0	0
chr14	16806566	16810251	Amillepora26202	2	0	0	0	0	0	0	0	0	0
chr14	16843117	16846719	Amillepora26207	10	0	0	0	0	0	0	0	0	0
chr14	16855769	16865360	Amillepora26209	5	3	0.6	0.6	60	100	54.772255750516614	24.49489742783178	100	0
chr14	16821354	16835453	Amillepora26204	14	3	0.21428571428571427	0.21428571428571427	21.428571428571427	0	42.581531362632	11.380392954509878	100	0
chr14	16954871	16957417	Amillepora26213	1	0	0	0	0	0	NA	NA	0	0
chr14	16934544	16952667	Amillepora26212	6	1	0.16666666666666666	0.16666666666666666	16.666666666666668	0	40.8248290463863	16.66666666666667	100	0
chr14	16908507	16910723	Amillepora26211	1	0	0	0	0	0	NA	NA	0	0
chr14	17001139	17013003	Amillepora26215	16	2	0.125	0.125	12.5	0	34.15650255319866	8.539125638299666	100	0
chr14	17057235	17064995	Amillepora26221	11	0	0	0	0	0	0	0	0	0
chr14	17035339	17057132	Amillepora26219	11	5	0.45454545454545453	0.45454545454545453	45.45454545454545	0	52.22329678670935	15.745916432444341	100	0
chr14	16983595	17001005	Amillepora26214	6	1	0.16666666666666666	0.16666666666666666	16.666666666666668	0	40.8248290463863	16.66666666666667	100	0
chr14	17065769	17080285	Amillepora26222	23	1	0.043478260869565216	0.043478260869565216	4.3478260869565215	0	20.851441405707472	4.347826086956522	100	0
chr14	17016037	17025213	Amillepora26217	1	0	0	0	0	0	NA	NA	0	0
chr14	17029132	17031173	Amillepora26218	6	0	0	0	0	0	0	0	0	0
chr14	17162817	17165762	Amillepora26232	5	0	0	0	0	0	0	0	0	0
chr14	17084206	17096116	Amillepora26225	6	1	0.16666666666666666	0.16666666666666666	16.666666666666668	0	40.8248290463863	16.66666666666667	100	0
chr14	17105326	17120111	Amillepora26227	15	0	0	0	0	0	0	0	0	0
chr14	17120854	17122933	Amillepora26228	5	0	0	0	0	0	0	0	0	0
chr14	17077671	17083596	Amillepora26224	1	1	1	1	100	100	NA	NA	100	100
chr14	17125306	17137322	Amillepora26229	2	1	0.5	0.5	50	50	70.71067811865476	50	100	0
chr14	17125724	17158381	Amillepora26230	12	2	0.16666666666666666	0.16666666666666666	16.666666666666668	0	38.92494720807615	11.236664374387368	100	0
chr14	17096707	17098401	Amillepora26226	5	0	0	0	0	0	0	0	0	0
chr14	17184439	17192443	Amillepora26234	3	0	0	0	0	0	0	0	0	0
chr14	17214681	17219838	Amillepora26238	5	0	0	0	0	0	0	0	0	0
chr14	17203531	17209428	Amillepora26237	6	0	0	0	0	0	0	0	0	0
chr14	17194998	17202409	Amillepora26236	2	0	0	0	0	0	0	0	0	0
chr14	17243379	17279489	Amillepora26239	15	6	0.4	0.4	40	0	50.709255283710995	13.093073414159543	100	0
chr14	17193107	17194879	Amillepora26235	3	0	0	0	0	0	0	0	0	0
chr14	17279830	17285982	Amillepora26242	4	1	0.25	0.25	25	0	50	25	100	0
chr14	17321358	17331390	Amillepora26247	9	0	0	0	0	0	0	0	0	0
chr14	17371608	17377129	Amillepora26252	3	0	0	0	0	0	0	0	0	0
chr14	17377785	17387904	Amillepora26253	8	2	0.25	0.2222222222222222	25	0	46.29100498862757	16.366341767699428	100	0
chr14	17295588	17308523	Amillepora26245	6	2	0.3333333333333333	0.3333333333333333	33.333333333333336	0	51.63977794943222	21.081851067789195	100	0
chr14	17290327	17291664	Amillepora26243	3	0	0	0	0	0	0	0	0	0
chr14	17402316	17420949	Amillepora26257	6	6	1	1	100	100	0	0	100	100
chr14	17340918	17345104	Amillepora26249	5	0	0	0	0	0	0	0	0	0
chr14	17352231	17359030	Amillepora26251	8	0	0	0	0	0	0	0	0	0
chr14	17346120	17350469	Amillepora26250	2	0	0	0	0	0	0	0	0	0
chr14	17308600	17316945	Amillepora26246	13	1	0.07692307692307693	0.07692307692307693	7.6923076923076925	0	27.735009811261456	7.6923076923076925	100	0
chr14	17332022	17338753	Amillepora26248	13	0	0	0	0	0	0	0	0	0
chr14	17389981	17391316	Amillepora26255	3	0	0	0	0	0	0	0	0	0
chr14	17391502	17416408	Amillepora26256	15	7	0.4666666666666667	0.4666666666666667	46.666666666666664	0	51.63977794943223	13.333333333333332	100	0
chr1	15503	48020	Amillepora00001	54	4	0.07407407407407407	0.07407407407407407	7.407407407407407	0	26.435052857271465	3.597355045767645	100	0
chr1	53066	54685	Amillepora00003	2	0	0	0	0	0	0	0	0	0
chr1	55176	69114	Amillepora00004	14	2	0.14285714285714285	0.14285714285714285	14.285714285714286	0	36.313651960128155	9.705231721239393	100	0
chr1	48411	49719	Amillepora00002	3	0	0	0	0	0	0	0	0	0
chr1	69380	73239	Amillepora00005	2	1	0.5	0.5	50	50	70.71067811865476	50	100	0
chr1	77282	84565	Amillepora00006	11	0	0	0	0	0	0	0	0	0
chr1	108799	142141	Amillepora00009	16	2	0.125	0.125	12.5	0	34.15650255319866	8.539125638299666	100	0
chr1	145359	153824	Amillepora00011	1	1	1	1	100	100	NA	NA	100	100
chr1	95361	108461	Amillepora00008	2	2	1	1	100	100	0	0	100	100
chr1	167575	172242	Amillepora00013	1	0	0	0	0	0	NA	NA	0	0
chr1	196541	199779	Amillepora00017	1	0	0	0	0	0	NA	NA	0	0
chr1	202227	206924	Amillepora00019	1	1	1	1	100	100	NA	NA	100	100
chr1	334889	353519	Amillepora00028	3	0	0	0	0	0	0	0	0	0
chr1	417200	432402	Amillepora00032	2	1	0.5	0.5	50	50	70.71067811865476	50	100	0
chr1	443841	468430	Amillepora00035	8	2	0.25	0.25	25	0	46.29100498862757	16.366341767699428	100	0
chr1	395023	406930	Amillepora00029	22	0	0	0	0	0	0	0	0	0
chr1	245669	261261	Amillepora00022	16	0	0	0	0	0	0	0	0	0
chr1	288053	386099	Amillepora00027	56	1	0.017857142857142856	0.017543859649122806	1.7857142857142858	0	13.3630620956212	1.7857142857142858	100	0
chr1	263467	276757	Amillepora00024	8	1	0.125	0.125	12.5	0	35.35533905932738	12.5	100	0
chr1	279971	288015	Amillepora00025	2	0	0	0	0	0	0	0	0	0
chr1	431411	435453	Amillepora00033	1	1	1	1	100	100	NA	NA	100	100
chr1	400191	409540	Amillepora00030	14	0	0	0	0	0	0	0	0	0
chr1	410769	412411	Amillepora00031	2	0	0	0	0	0	0	0	0	0
chr1	559122	564757	Amillepora00043	3	1	0.3333333333333333	0.3333333333333333	33.333333333333336	0	57.735026918962575	33.333333333333336	100	0
chr1	496057	498598	Amillepora00037	7	0	0	0	0	0	0	0	0	0
chr1	566669	573220	Amillepora00044	5	0	0	0	0	0	0	0	0	0
chr1	499449	507042	Amillepora00038	7	0	0	0	0	0	0	0	0	0
chr1	507390	515201	Amillepora00039	4	0	0	0	0	0	0	0	0	0
chr1	615318	619691	Amillepora00046	3	1	0.3333333333333333	0.3333333333333333	33.333333333333336	0	57.735026918962575	33.333333333333336	100	0
chr1	581874	614579	Amillepora00045	14	4	0.2857142857142857	0.2857142857142857	28.571428571428573	0	46.88072309384955	12.529400275814705	100	0
chr1	623213	629965	Amillepora00048	2	1	0.5	0.5	50	50	70.71067811865476	50	100	0
chr1	654053	655268	Amillepora00053	4	0	0	0	0	0	0	0	0	0
chr1	619748	623124	Amillepora00047	2	2	1	1	100	100	0	0	100	100
chr1	648115	652913	Amillepora00052	9	0	0	0	0	0	0	0	0	0
chr1	672063	680947	Amillepora00055	3	1	0.3333333333333333	0.3333333333333333	33.333333333333336	0	57.735026918962575	33.333333333333336	100	0
chr1	659544	661218	Amillepora00054	1	0	0	0	0	0	NA	NA	0	0
chr1	632302	633431	Amillepora00049	1	0	0	0	0	0	NA	NA	0	0
chr1	633650	635276	Amillepora00050	3	0	0	0	0	0	0	0	0	0
chr1	644432	646927	Amillepora00051	3	0	0	0	0	0	0	0	0	0
chr1	769865	770837	Amillepora00066	1	0	0	0	0	0	NA	NA	0	0
chr1	722693	733148	Amillepora00059	4	3	0.75	0.75	75	100	50	25	100	0
chr1	681096	686483	Amillepora00056	1	0	0	0	0	0	NA	NA	0	0
chr1	771547	772812	Amillepora00067	3	0	0	0	0	0	0	0	0	0
chr1	732466	744233	Amillepora00060	4	3	0.75	0.75	75	100	50	25	100	0
chr1	686226	700810	Amillepora00057	5	2	0.4	0.4	40	0	54.772255750516614	24.49489742783178	100	0
chr1	751208	759396	Amillepora00064	10	0	0	0	0	0	0	0	0	0
chr1	763404	769712	Amillepora00065	2	0	0	0	0	0	0	0	0	0
chr1	702728	722621	Amillepora00058	16	2	0.125	0.125	12.5	0	34.15650255319866	8.539125638299666	100	0
chr1	749657	750928	Amillepora00063	3	0	0	0	0	0	0	0	0	0
chr1	854667	868334	Amillepora00074	10	5	0.5	0.5	50	50	52.70462766947299	16.666666666666668	100	0
chr1	779909	790659	Amillepora00069	17	0	0	0	0	0	0	0	0	0
chr1	804426	814999	Amillepora00071	4	1	0.25	0.25	25	0	50	25	100	0
chr1	816603	845055	Amillepora00073	7	6	0.8571428571428571	0.8571428571428571	85.71428571428571	100	37.79644730092272	14.285714285714285	100	0
chr1	796650	802788	Amillepora00070	8	0	0	0	0	0	0	0	0	0
chr1	814995	850802	Amillepora00072	11	8	0.7272727272727273	0.7272727272727273	72.72727272727273	100	46.70993664969138	14.083575804390607	100	0
chr1	982329	989733	Amillepora00087	4	0	0	0	0	0	0	0	0	0
chr1	890897	895779	Amillepora00079	1	0	0	0	0	0	NA	NA	0	0
chr1	968114	968797	Amillepora00086	4	0	0	0	0	0	0	0	0	0
chr1	878977	890836	Amillepora00077	10	0	0	0	0	0	0	0	0	0
chr1	908527	926800	Amillepora00083	23	1	0.043478260869565216	0.043478260869565216	4.3478260869565215	0	20.851441405707472	4.347826086956522	100	0
chr1	957181	958448	Amillepora00085	2	0	0	0	0	0	0	0	0	0
chr1	999112	1004240	Amillepora00090	2	1	0.5	0.5	50	50	70.71067811865476	50	100	0
chr1	1006526	1031711	Amillepora00092	24	2	0.08333333333333333	0.08333333333333333	8.333333333333334	0	28.23298512866401	5.763033956734373	100	0
chr1	989784	996218	Amillepora00088	18	0	0	0	0	0	0	0	0	0
chr1	1060995	1063555	Amillepora00098	4	0	0	0	0	0	0	0	0	0
chr1	1039454	1040431	Amillepora00094	1	0	0	0	0	0	NA	NA	0	0
chr1	1042472	1044121	Amillepora00096	2	0	0	0	0	0	0	0	0	0
chr1	1004830	1006437	Amillepora00091	3	0	0	0	0	0	0	0	0	0
chr1	1040674	1041276	Amillepora00095	2	0	0	0	0	0	0	0	0	0
chr1	1044385	1058205	Amillepora00097	4	1	0.25	0.25	25	0	50	25	100	0
chr1	1033493	1038492	Amillepora00093	3	0	0	0	0	0	0	0	0	0
chr1	1066566	1087899	Amillepora00099	33	1	0.030303030303030304	0.029411764705882353	3.0303030303030303	0	17.407765595569767	3.03030303030303	100	0
chr1	1090611	1114841	Amillepora00100	9	1	0.1111111111111111	0.1111111111111111	11.11111111111111	0	33.333333333333336	11.111111111111112	100	0
chr1	1228897	1232612	Amillepora00109	8	2	0.25	0.25	25	0	46.29100498862757	16.366341767699428	100	0
chr1	1232909	1235493	Amillepora00110	1	0	0	0	0	0	NA	NA	0	0
chr1	1177080	1179762	Amillepora00104	1	0	0	0	0	0	NA	NA	0	0
chr1	1180201	1200208	Amillepora00105	10	2	0.2	0.2	20	0	42.16370213557839	13.333333333333332	100	0
chr1	1200270	1221671	Amillepora00108	6	1	0.16666666666666666	0.16666666666666666	16.666666666666668	0	40.8248290463863	16.66666666666667	100	0
chr1	1334077	1337129	Amillepora00119	4	0	0	0	0	0	0	0	0	0
chr1	1311028	1328384	Amillepora00116	6	3	0.5	0.5	50	50	54.772255750516614	22.3606797749979	100	0
chr1	1353471	1371080	Amillepora00123	17	3	0.17647058823529413	0.17647058823529413	17.647058823529413	0	39.295262399668786	9.530501027070382	100	0
chr1	1290931	1299497	Amillepora00114	7	0	0	0	0	0	0	0	0	0
chr1	1306427	1309302	Amillepora00115	3	2	0.6666666666666666	0.6666666666666666	66.66666666666667	100	57.73502691896258	33.333333333333336	100	0
chr1	1338607	1352117	Amillepora00120	5	4	0.8	0.8	80	100	44.721359549995796	20	100	0
chr1	1486472	1487195	Amillepora00130	2	0	0	0	0	0	0	0	0	0
chr1	1419183	1420475	Amillepora00126	4	0	0	0	0	0	0	0	0	0
chr1	1353464	1401959	Amillepora00122	55	5	0.09090909090909091	0.08928571428571429	9.090909090909092	0	29.012942659282967	3.912104390108502	100	0
chr1	1450096	1477823	Amillepora00129	30	1	0.03333333333333333	0.03333333333333333	3.3333333333333335	0	18.257418583505544	3.333333333333333	100	0
chr1	1430104	1443806	Amillepora00128	14	0	0	0	0	0	0	0	0	0
chr1	1510127	1520109	Amillepora00136	3	1	0.3333333333333333	0.3333333333333333	33.333333333333336	0	57.735026918962575	33.333333333333336	100	0
chr1	1549248	1581117	Amillepora00138	24	3	0.125	0.12	12.5	0	33.78319623460881	6.89596605459213	100	0
chr1	1505653	1507679	Amillepora00135	1	0	0	0	0	0	NA	NA	0	0
chr1	1498041	1499316	Amillepora00132	6	0	0	0	0	0	0	0	0	0
chr1	1500806	1502209	Amillepora00134	3	0	0	0	0	0	0	0	0	0
chr1	1524069	1536279	Amillepora00137	10	2	0.2	0.2	20	0	42.16370213557839	13.333333333333332	100	0
chr1	1644676	1656131	Amillepora00146	13	1	0.07692307692307693	0.07692307692307693	7.6923076923076925	0	27.735009811261456	7.6923076923076925	100	0
chr1	1635295	1641728	Amillepora00144	4	1	0.25	0.25	25	0	50	25	100	0
chr1	1590870	1597336	Amillepora00141	3	0	0	0	0	0	0	0	0	0
chr1	1587373	1589863	Amillepora00140	1	0	0	0	0	0	NA	NA	0	0
chr1	1608466	1635049	Amillepora00143	31	4	0.12903225806451613	0.12903225806451613	12.903225806451612	0	34.07771005482388	6.120537406777509	100	0
chr1	1699191	1710851	Amillepora00148	14	3	0.21428571428571427	0.21428571428571427	21.428571428571427	0	42.581531362632	11.380392954509878	100	0
chr1	1714586	1734179	Amillepora00150	7	4	0.5714285714285714	0.5714285714285714	57.142857142857146	100	53.452248382484875	20.203050891044217	100	0
chr1	1774624	1777821	Amillepora00160	1	0	0	0	0	0	NA	NA	0	0
chr1	1760079	1763688	Amillepora00154	2	2	1	1	100	100	0	0	100	100
chr1	1735187	1739493	Amillepora00151	2	2	1	1	100	100	0	0	100	100
chr1	1685130	1692165	Amillepora00147	6	1	0.16666666666666666	0.16666666666666666	16.666666666666668	0	40.8248290463863	16.66666666666667	100	0
chr1	1748607	1759196	Amillepora00153	3	2	0.6666666666666666	0.6666666666666666	66.66666666666667	100	57.73502691896258	33.333333333333336	100	0
chr1	1766414	1774540	Amillepora00156	3	2	0.6666666666666666	0.6666666666666666	66.66666666666667	100	57.73502691896258	33.333333333333336	100	0
chr1	1743390	1747625	Amillepora00152	4	0	0	0	0	0	0	0	0	0
chr1	1853865	1873430	Amillepora00165	53	7	0.1320754716981132	0.12962962962962962	13.20754716981132	0	34.18128057789595	4.695159976668161	100	0
chr1	1848114	1853560	Amillepora00164	4	0	0	0	0	0	0	0	0	0
chr1	1783777	1797439	Amillepora00161	6	4	0.6666666666666666	0.6666666666666666	66.66666666666667	100	51.63977794943223	21.081851067789195	100	0
chr1	1815711	1827430	Amillepora00162	3	1	0.3333333333333333	0.3333333333333333	33.333333333333336	0	57.735026918962575	33.333333333333336	100	0
chr1	1873818	1879324	Amillepora00166	7	1	0.14285714285714285	0.14285714285714285	14.285714285714286	0	37.79644730092272	14.285714285714285	100	0
chr1	1838154	1844196	Amillepora00163	1	0	0	0	0	0	NA	NA	0	0
chr1	1959718	1969590	Amillepora00173	1	1	1	1	100	100	NA	NA	100	100
chr1	1883055	1890754	Amillepora00167	6	0	0	0	0	0	0	0	0	0
chr1	1947715	1955072	Amillepora00172	2	1	0.5	0.5	50	50	70.71067811865476	50	100	0
chr1	1895084	1898635	Amillepora00168	9	0	0	0	0	0	0	0	0	0
chr1	1920869	1941068	Amillepora00171	8	2	0.25	0.25	25	0	46.29100498862757	16.366341767699428	100	0
chr1	2016505	2023796	Amillepora00177	13	0	0	0	0	0	0	0	0	0
chr1	1996938	2015907	Amillepora00176	21	2	0.09523809523809523	0.09523809523809523	9.523809523809524	0	30.079260375911932	6.563832739090582	100	0
chr1	2025282	2036406	Amillepora00179	10	1	0.1	0.1	10	0	31.622776601683793	10	100	0
chr1	1971906	1988013	Amillepora00174	7	4	0.5714285714285714	0.5714285714285714	57.142857142857146	100	53.45224838248488	20.203050891044217	100	0
chr1	2023819	2025653	Amillepora00178	5	0	0	0	0	0	0	0	0	0
chr1	1988051	1996664	Amillepora00175	1	0	0	0	0	0	NA	NA	0	0
chr1	2054983	2153773	Amillepora00184	49	3	0.061224489795918366	0.061224489795918366	6.122448979591836	0	24.22260708259024	3.4603724403700347	100	0
chr1	2042432	2046403	Amillepora00180	2	0	0	0	0	0	0	0	0	0
chr1	2158062	2158810	Amillepora00189	1	0	0	0	0	0	NA	NA	0	0
chr1	2210797	2266020	Amillepora00192	77	2	0.025974025974025976	0.02564102564102564	2.5974025974025974	0	16.01007884876515	1.8245178147695336	100	0
chr1	2192770	2204569	Amillepora00190	4	0	0	0	0	0	0	0	0	0
chr1	2266602	2269157	Amillepora00193	8	0	0	0	0	0	0	0	0	0
chr1	2292796	2297064	Amillepora00196	2	0	0	0	0	0	0	0	0	0
chr1	2356192	2359586	Amillepora00226	7	2	0.2857142857142857	0.25	28.571428571428573	0	48.79500364742666	18.442777839082936	100	0
chr1	2338569	2348411	Amillepora00224	1	0	0	0	0	0	NA	NA	0	0
chr1	2299704	2308913	Amillepora00197	9	0	0	0	0	0	0	0	0	0
chr1	2311964	2318923	Amillepora00198	13	0	0	0	0	0	0	0	0	0
chr1	2390888	2401072	Amillepora00230	11	2	0.18181818181818182	0.18181818181818182	18.181818181818183	0	40.45199174779453	12.196734422726125	100	0
chr1	2414529	2414795	Amillepora00231	1	0	0	0	0	0	NA	NA	0	0
chr1	2390467	2391543	Amillepora00229	1	0	0	0	0	0	NA	NA	0	0
chr1	2360206	2361675	Amillepora00227	2	0	0	0	0	0	0	0	0	0
chr1	2418712	2428678	Amillepora00232	13	1	0.07692307692307693	0.07692307692307693	7.6923076923076925	0	27.735009811261456	7.6923076923076925	100	0
chr1	2486433	2491847	Amillepora00235	5	0	0	0	0	0	0	0	0	0
chr1	2556473	2558413	Amillepora00238	1	0	0	0	0	0	NA	NA	0	0
chr1	2706884	2710916	Amillepora00253	3	0	0	0	0	0	0	0	0	0
chr1	2714389	2715729	Amillepora00254	2	0	0	0	0	0	0	0	0	0
chr1	2701196	2703055	Amillepora00251	2	0	0	0	0	0	0	0	0	0
chr1	2733845	2744617	Amillepora00256	2	0	0	0	0	0	0	0	0	0
chr1	2698230	2698875	Amillepora00249	3	0	0	0	0	0	0	0	0	0
chr1	2698899	2701093	Amillepora00250	4	0	0	0	0	0	0	0	0	0
chr1	2840654	2849880	Amillepora00271	5	3	0.6	0.6	60	100	54.772255750516614	24.49489742783178	100	0
chr1	2806907	2822495	Amillepora00266	6	1	0.16666666666666666	0.16666666666666666	16.666666666666668	0	40.8248290463863	16.66666666666667	100	0
chr1	2858965	2864137	Amillepora00273	7	3	0.42857142857142855	0.42857142857142855	42.857142857142854	0	53.452248382484875	20.203050891044217	100	0
chr1	2795583	2806779	Amillepora00265	7	1	0.14285714285714285	0.14285714285714285	14.285714285714286	0	37.79644730092272	14.285714285714285	100	0
chr1	2791286	2793453	Amillepora00264	7	0	0	0	0	0	0	0	0	0
chr1	2779912	2783850	Amillepora00262	2	1	0.5	0.5	50	50	70.71067811865476	50	100	0
chr1	2831928	2832449	Amillepora00270	2	0	0	0	0	0	0	0	0	0
chr1	2866403	2867848	Amillepora00274	4	0	0	0	0	0	0	0	0	0
chr1	2873154	2874599	Amillepora00275	2	0	0	0	0	0	0	0	0	0
chr1	2879757	2881202	Amillepora00276	1	0	0	0	0	0	NA	NA	0	0
chr1	2918216	2927101	Amillepora00282	3	2	0.6666666666666666	0.6666666666666666	66.66666666666667	100	57.735026918962575	33.333333333333336	100	0
chr1	2951963	2963440	Amillepora00283	5	0	0	0	0	0	0	0	0	0
chr1	2885973	2898359	Amillepora00277	15	0	0	0	0	0	0	0	0	0
chr1	2903927	2917127	Amillepora00278	7	0	0	0	0	0	0	0	0	0
chr1	2992912	3006546	Amillepora00286	3	0	0	0	0	0	0	0	0	0
chr1	3057640	3087778	Amillepora00290	6	1	0.16666666666666666	0.16666666666666666	16.666666666666668	0	40.8248290463863	16.66666666666667	100	0
chr1	3033680	3051013	Amillepora00288	3	0	0	0	0	0	0	0	0	0
chr1	2983037	2991890	Amillepora00285	3	0	0	0	0	0	0	0	0	0
chr1	3128378	3144218	Amillepora00294	2	1	0.5	0.5	50	50	70.71067811865476	50	100	0
chr1	3148712	3161197	Amillepora00297	4	0	0	0	0	0	0	0	0	0
chr1	3094732	3110805	Amillepora00292	3	3	1	1	100	100	0	0	100	100
chr1	3145099	3146610	Amillepora00296	1	0	0	0	0	0	NA	NA	0	0
chr1	3182879	3188682	Amillepora00300	2	0	0	0	0	0	0	0	0	0
chr1	3161473	3177378	Amillepora00299	4	0	0	0	0	0	0	0	0	0
chr1	3090383	3093330	Amillepora00291	1	0	0	0	0	0	NA	NA	0	0
chr1	3205533	3215532	Amillepora00302	1	0	0	0	0	0	NA	NA	0	0
chr1	3273818	3283521	Amillepora00308	2	1	0.5	0.5	50	50	70.71067811865476	50	100	0
chr1	3251087	3269059	Amillepora00307	1	0	0	0	0	0	NA	NA	0	0
chr1	3237126	3247824	Amillepora00305	2	0	0	0	0	0	0	0	0	0
chr1	3225609	3228731	Amillepora00303	2	0	0	0	0	0	0	0	0	0
chr1	3319727	3368402	Amillepora00309	2	0	0	0	0	0	0	0	0	0
chr1	3587522	3589015	Amillepora00323	1	0	0	0	0	0	NA	NA	0	0
chr1	3497641	3505529	Amillepora00315	2	0	0	0	0	0	0	0	0	0
chr1	3508291	3517351	Amillepora00316	2	0	0	0	0	0	0	0	0	0
chr1	3478699	3495901	Amillepora00314	5	0	0	0	0	0	0	0	0	0
chr1	3563641	3569407	Amillepora00320	2	0	0	0	0	0	0	0	0	0
chr1	3520914	3536138	Amillepora00317	5	2	0.4	0.4	40	0	54.772255750516614	24.49489742783178	100	0
chr1	3624474	3642815	Amillepora00327	2	0	0	0	0	0	0	0	0	0
chr1	3644735	3675688	Amillepora00329	4	0	0	0	0	0	0	0	0	0
chr1	3590286	3605223	Amillepora00324	3	0	0	0	0	0	0	0	0	0
chr1	3747936	3757404	Amillepora00334	4	0	0	0	0	0	0	0	0	0
chr1	3776846	3789260	Amillepora00338	1	0	0	0	0	0	NA	NA	0	0
chr1	3727268	3741813	Amillepora00332	5	0	0	0	0	0	0	0	0	0
chr1	3682150	3709531	Amillepora00331	6	0	0	0	0	0	0	0	0	0
chr1	3823546	3835978	Amillepora00340	5	0	0	0	0	0	0	0	0	0
chr1	3814239	3822709	Amillepora00339	3	0	0	0	0	0	0	0	0	0
chr1	3883002	3884908	Amillepora00345	1	0	0	0	0	0	NA	NA	0	0
chr1	3853334	3856635	Amillepora00343	4	1	0.25	0.25	25	0	50	25	100	0
chr1	3929008	3930303	Amillepora00350	4	0	0	0	0	0	0	0	0	0
chr1	3914195	3922074	Amillepora00349	2	0	0	0	0	0	0	0	0	0
chr1	3930559	3931653	Amillepora00351	2	0	0	0	0	0	0	0	0	0
chr1	4043990	4045003	Amillepora00362	4	0	0	0	0	0	0	0	0	0
chr1	4001106	4018392	Amillepora00356	20	2	0.1	0.1	10	0	30.779350562554622	6.882472016116853	100	0
chr1	3962653	3994082	Amillepora00355	30	2	0.06666666666666667	0.06666666666666667	6.666666666666667	0	25.37081317024625	4.632055558531008	100	0
chr1	4096438	4097058	Amillepora00365	1	0	0	0	0	0	NA	NA	0	0
chr1	4145113	4145688	Amillepora00373	4	3	0.75	0.75	75	100	50	25	100	0
chr1	4138465	4139282	Amillepora00371	3	2	0.6666666666666666	0.6666666666666666	66.66666666666667	100	57.73502691896258	33.333333333333336	100	0
chr1	4142447	4144905	Amillepora00372	4	1	0.25	0.25	25	0	50	25	100	0
chr1	4072188	4086350	Amillepora00364	15	11	0.7333333333333333	0.7333333333333333	73.33333333333333	100	45.773770821706336	11.818736805705578	100	0
chr1	4100290	4102437	Amillepora00367	1	0	0	0	0	0	NA	NA	0	0
chr1	4123744	4127034	Amillepora00369	1	0	0	0	0	0	NA	NA	0	0
chr1	4103113	4104215	Amillepora00368	1	0	0	0	0	0	NA	NA	0	0
chr1	4180583	4181746	Amillepora00375	2	2	1	1	100	100	0	0	100	100
chr1	4271036	4275197	Amillepora00381	1	0	0	0	0	0	NA	NA	0	0
chr1	4250917	4253774	Amillepora00378	1	1	1	1	100	100	NA	NA	100	100
chr1	4260271	4265385	Amillepora00380	7	3	0.42857142857142855	0.42857142857142855	42.857142857142854	0	53.45224838248488	20.203050891044217	100	0
chr1	4254228	4260263	Amillepora00379	1	1	1	1	100	100	NA	NA	100	100
chr1	4296373	4299253	Amillepora00386	7	2	0.2857142857142857	0.2857142857142857	28.571428571428573	0	48.79500364742666	18.442777839082936	100	0
chr1	4358154	4362552	Amillepora00393	3	1	0.3333333333333333	0.3333333333333333	33.333333333333336	0	57.735026918962575	33.333333333333336	100	0
chr1	4293452	4296260	Amillepora00385	5	2	0.4	0.4	40	0	54.772255750516614	24.49489742783178	100	0
chr1	4298725	4303829	Amillepora00387	6	2	0.3333333333333333	0.3333333333333333	33.333333333333336	0	51.63977794943222	21.081851067789195	100	0
chr1	4289664	4290158	Amillepora00384	3	3	1	1	100	100	0	0	100	100
chr1	4282876	4288474	Amillepora00383	14	6	0.42857142857142855	0.42857142857142855	42.857142857142854	0	51.35525910130955	13.725270326150326	100	0
chr1	4358443	4376537	Amillepora00394	12	6	0.5	0.5	50	50	52.223296786709355	15.075567228888183	100	0
chr1	4319695	4323358	Amillepora00389	2	1	0.5	0.5	50	50	70.71067811865476	50	100	0
chr1	4324649	4325736	Amillepora00390	1	0	0	0	0	0	NA	NA	0	0
chr1	4325749	4335124	Amillepora00391	6	5	0.8333333333333334	0.8333333333333334	83.33333333333333	100	40.824829046386306	16.66666666666667	100	0
chr1	4379021	4384800	Amillepora00395	2	2	1	1	100	100	0	0	100	100
chr1	4420459	4425327	Amillepora00402	2	2	1	1	100	100	0	0	100	100
chr1	4393605	4394162	Amillepora00398	1	0	0	0	0	0	NA	NA	0	0
chr1	4510501	4518850	Amillepora00407	10	7	0.7	0.7	70	100	48.3045891539648	15.275252316519467	100	0
chr1	4527718	4543185	Amillepora00411	10	5	0.5	0.5	50	50	52.70462766947299	16.666666666666668	100	0
chr1	4491690	4501108	Amillepora00406	3	2	0.6666666666666666	0.6666666666666666	66.66666666666667	100	57.73502691896258	33.333333333333336	100	0
chr1	4523332	4525968	Amillepora00410	2	1	0.5	0.5	50	50	70.71067811865476	50	100	0
chr1	4513719	4518530	Amillepora00408	4	4	1	1	100	100	0	0	100	100
chr1	4625719	4652529	Amillepora00422	1	1	1	1	100	100	NA	NA	100	100
chr1	4567820	4571375	Amillepora00414	2	0	0	0	0	0	0	0	0	0
chr1	4617781	4625413	Amillepora00421	2	1	0.5	0.5	50	50	70.71067811865476	50	100	0
chr1	4710873	4741390	Amillepora00431	4	0	0	0	0	0	0	0	0	0
chr1	4677378	4707884	Amillepora00428	5	0	0	0	0	0	0	0	0	0
chr1	4749016	4749813	Amillepora00434	1	0	0	0	0	0	NA	NA	0	0
chr1	4779116	4791519	Amillepora00436	1	0	0	0	0	0	NA	NA	0	0
chr1	4750074	4778139	Amillepora00435	11	0	0	0	0	0	0	0	0	0
chr1	4793482	4806004	Amillepora00438	3	0	0	0	0	0	0	0	0	0
chr1	4831224	4843323	Amillepora00441	1	1	1	1	100	100	NA	NA	100	100
chr1	4844280	4871535	Amillepora00443	4	0	0	0	0	0	0	0	0	0
chr1	4812008	4829506	Amillepora00440	9	0	0	0	0	0	0	0	0	0
chr1	4973219	4973854	Amillepora00453	1	0	0	0	0	0	NA	NA	0	0
chr1	4952395	4956459	Amillepora00450	1	0	0	0	0	0	NA	NA	0	0
chr1	4964735	4969301	Amillepora00452	1	0	0	0	0	0	NA	NA	0	0
chr1	4879872	4909943	Amillepora00446	5	1	0.2	0.2	20	0	44.721359549995796	20	100	0
chr1	4911103	4946663	Amillepora00447	15	0	0	0	0	0	0	0	0	0
chr1	5070613	5074852	Amillepora00463	2	0	0	0	0	0	0	0	0	0
chr1	5016542	5028993	Amillepora00459	15	2	0.13333333333333333	0.13333333333333333	13.333333333333334	0	35.18657752744984	9.085135251589959	100	0
chr1	5011708	5016443	Amillepora00458	1	0	0	0	0	0	NA	NA	0	0
chr1	4974146	5002648	Amillepora00454	4	1	0.25	0.25	25	0	50	25	100	0
chr1	5053851	5078785	Amillepora00461	19	0	0	0	0	0	0	0	0	0
chr1	5042631	5043074	Amillepora00460	2	1	0.5	0.3333333333333333	25	25	35.35533905932738	25	50	0
chr1	5093238	5094379	Amillepora00466	3	1	0.3333333333333333	0.3333333333333333	33.333333333333336	0	57.735026918962575	33.333333333333336	100	0
chr1	5123930	5128224	Amillepora00468	4	0	0	0	0	0	0	0	0	0
chr1	5086599	5088143	Amillepora00465	2	0	0	0	0	0	0	0	0	0
chr1	5140944	5152431	Amillepora00471	9	1	0.1111111111111111	0.1111111111111111	11.11111111111111	0	33.333333333333336	11.111111111111112	100	0
chr1	5137066	5145843	Amillepora00469	5	1	0.2	0.2	20	0	44.721359549995796	20	100	0
chr1	5154018	5169069	Amillepora00472	14	0	0	0	0	0	0	0	0	0
chr1	5278334	5285669	Amillepora00490	10	0	0	0	0	0	0	0	0	0
chr1	5239043	5242510	Amillepora00478	8	0	0	0	0	0	0	0	0	0
chr1	5245927	5275676	Amillepora00480	20	2	0.1	0.1	10	0	30.779350562554622	6.882472016116853	100	0
chr1	5178450	5230738	Amillepora00475	18	2	0.1111111111111111	0.1111111111111111	11.11111111111111	0	32.338083338177725	7.622159339667059	100	0
chr1	5322834	5327864	Amillepora00491	8	1	0.125	0.125	12.5	0	35.35533905932738	12.5	100	0
chr1	5356093	5367835	Amillepora00496	1	0	0	0	0	0	NA	NA	0	0
chr1	5329751	5356333	Amillepora00492	23	1	0.043478260869565216	0.043478260869565216	4.3478260869565215	0	20.851441405707476	4.347826086956522	100	0
chr1	5376428	5408375	Amillepora00499	17	0	0	0	0	0	0	0	0	0
chr1	5423351	5444893	Amillepora00501	5	1	0.2	0.2	20	0	44.721359549995796	20	100	0
chr1	5534090	5544994	Amillepora00510	4	0	0	0	0	0	0	0	0	0
chr1	5555248	5569397	Amillepora00512	9	1	0.1111111111111111	0.1111111111111111	11.11111111111111	0	33.333333333333336	11.111111111111112	100	0
chr1	5508347	5510128	Amillepora00508	4	0	0	0	0	0	0	0	0	0
chr1	5545461	5550625	Amillepora00511	1	0	0	0	0	0	NA	NA	0	0
chr1	5515685	5517103	Amillepora00509	1	0	0	0	0	0	NA	NA	0	0
chr1	5497096	5498046	Amillepora00507	1	0	0	0	0	0	NA	NA	0	0
chr1	5617283	5618596	Amillepora00518	1	0	0	0	0	0	NA	NA	0	0
chr1	5600162	5610839	Amillepora00516	1	0	0	0	0	0	NA	NA	0	0
chr1	5661828	5679629	Amillepora00524	2	1	0.5	0.5	50	50	70.71067811865476	50	100	0
chr1	5693371	5716110	Amillepora00527	2	0	0	0	0	0	0	0	0	0
chr1	5753608	5758659	Amillepora00529	1	0	0	0	0	0	NA	NA	0	0
chr1	5711417	5751010	Amillepora00528	19	0	0	0	0	0	0	0	0	0
chr1	5682261	5703053	Amillepora00526	4	0	0	0	0	0	0	0	0	0
chr1	5848122	5856389	Amillepora00535	1	1	1	1	100	100	NA	NA	100	100
chr1	5826454	5833230	Amillepora00533	4	0	0	0	0	0	0	0	0	0
chr1	5802146	5804961	Amillepora00532	1	0	0	0	0	0	NA	NA	0	0
chr1	5939365	5958692	Amillepora00549	7	0	0	0	0	0	0	0	0	0
chr1	5918010	5938909	Amillepora00546	8	0	0	0	0	0	0	0	0	0
chr1	5888868	5891918	Amillepora00540	1	0	0	0	0	0	NA	NA	0	0
chr1	5894244	5903457	Amillepora00542	1	0	0	0	0	0	NA	NA	0	0
chr1	5904376	5906594	Amillepora00543	4	0	0	0	0	0	0	0	0	0
chr1	5905706	5911295	Amillepora00544	5	2	0.4	0.4	40	0	54.772255750516614	24.49489742783178	100	0
chr1	6026866	6030347	Amillepora00560	2	0	0	0	0	0	0	0	0	0
chr1	6056831	6062359	Amillepora00562	2	0	0	0	0	0	0	0	0	0
chr1	6071572	6090134	Amillepora00564	6	0	0	0	0	0	0	0	0	0
chr1	6090592	6109076	Amillepora00566	3	0	0	0	0	0	0	0	0	0
chr1	6128533	6131558	Amillepora00571	1	1	1	1	100	100	NA	NA	100	100
chr1	6120721	6126235	Amillepora00569	2	1	0.5	0.5	50	50	70.71067811865476	50	100	0
chr1	6132673	6154434	Amillepora00572	4	0	0	0	0	0	0	0	0	0
chr1	6109388	6113558	Amillepora00568	1	0	0	0	0	0	NA	NA	0	0
chr1	6202819	6209705	Amillepora00580	5	1	0.2	0.2	20	0	44.721359549995796	20	100	0
chr1	6187209	6193871	Amillepora00579	6	0	0	0	0	0	0	0	0	0
chr1	6247049	6254454	Amillepora00582	2	0	0	0	0	0	0	0	0	0
chr1	6417444	6421012	Amillepora00594	1	0	0	0	0	0	NA	NA	0	0
chr1	6503282	6533527	Amillepora00599	6	1	0.16666666666666666	0.16666666666666666	16.666666666666668	0	40.8248290463863	16.66666666666667	100	0
chr1	6628892	6634853	Amillepora00609	7	0	0	0	0	0	0	0	0	0
chr1	6669666	6676457	Amillepora00610	2	1	0.5	0.5	50	50	70.71067811865476	50	100	0
chr1	6678964	6739015	Amillepora00611	93	4	0.043010752688172046	0.0425531914893617	4.301075268817204	0	20.398095044388974	2.1151839225551416	100	0
chr1	6737684	6757804	Amillepora00612	26	1	0.038461538461538464	0.038461538461538464	3.8461538461538463	0	19.611613513818384	3.8461538461538467	100	0
chr1	6768435	6784046	Amillepora00613	6	0	0	0	0	0	0	0	0	0
chr1	6784841	6792864	Amillepora00614	5	0	0	0	0	0	0	0	0	0
chr1	6818893	6820683	Amillepora00616	1	0	0	0	0	0	NA	NA	0	0
chr1	6826860	6828209	Amillepora00617	1	0	0	0	0	0	NA	NA	0	0
chr1	6943468	6958263	Amillepora00632	2	0	0	0	0	0	0	0	0	0
chr1	6884139	6885595	Amillepora00626	4	0	0	0	0	0	0	0	0	0
chr1	7041100	7048811	Amillepora00645	2	0	0	0	0	0	0	0	0	0
chr1	7049551	7050901	Amillepora00646	2	0	0	0	0	0	0	0	0	0
chr1	7029384	7040918	Amillepora00644	5	1	0.2	0.2	20	0	44.721359549995796	20	100	0
chr1	7075440	7087089	Amillepora00647	3	0	0	0	0	0	0	0	0	0
chr1	6973840	6977506	Amillepora00635	3	0	0	0	0	0	0	0	0	0
chr1	6989939	6995817	Amillepora00638	3	1	0.3333333333333333	0.3333333333333333	33.333333333333336	0	57.735026918962575	33.333333333333336	100	0
chr1	6987876	6989929	Amillepora00637	1	0	0	0	0	0	NA	NA	0	0
chr1	7013545	7019446	Amillepora00642	1	0	0	0	0	0	NA	NA	0	0
chr1	7110043	7113852	Amillepora00649	2	0	0	0	0	0	0	0	0	0
chr1	7087233	7106437	Amillepora00648	11	0	0	0	0	0	0	0	0	0
chr1	7115088	7116828	Amillepora00650	1	0	0	0	0	0	NA	NA	0	0
chr1	7132143	7158984	Amillepora00651	21	0	0	0	0	0	0	0	0	0
chr1	7164911	7177151	Amillepora00652	15	0	0	0	0	0	0	0	0	0
chr1	7227651	7237500	Amillepora00658	7	0	0	0	0	0	0	0	0	0
chr1	7243369	7268991	Amillepora00660	21	0	0	0	0	0	0	0	0	0
chr1	7189215	7197556	Amillepora00655	1	0	0	0	0	0	NA	NA	0	0
chr1	7239936	7240891	Amillepora00659	4	0	0	0	0	0	0	0	0	0
chr1	7208045	7234130	Amillepora00657	5	1	0.2	0.2	20	0	44.721359549995796	20	100	0
chr1	7358599	7372538	Amillepora00665	20	1	0.05	0.05	5	0	22.360679774997898	5	100	0
chr1	7339559	7354987	Amillepora00664	21	1	0.047619047619047616	0.047619047619047616	4.761904761904762	0	21.82178902359924	4.761904761904762	100	0
chr1	7303035	7326558	Amillepora00662	31	0	0	0	0	0	0	0	0	0
chr1	7333467	7334480	Amillepora00663	2	2	1	1	100	100	0	0	100	100
chr1	7427217	7436856	Amillepora00669	22	2	0.09090909090909091	0.09090909090909091	9.090909090909092	0	29.42449431682498	6.273323266748674	100	0
chr1	7477632	7481386	Amillepora00671	8	0	0	0	0	0	0	0	0	0
chr1	7398844	7407129	Amillepora00667	6	0	0	0	0	0	0	0	0	0
chr1	7478764	7488716	Amillepora00672	7	0	0	0	0	0	0	0	0	0
chr1	7471879	7473861	Amillepora00670	2	0	0	0	0	0	0	0	0	0
chr1	7373016	7393390	Amillepora00666	51	2	0.0392156862745098	0.0392156862745098	3.9215686274509802	0	19.603921176392152	2.7450980392156863	100	0
chr1	7407597	7409856	Amillepora00668	4	1	0.25	0.25	25	0	50	25	100	0
chr1	7491841	7504809	Amillepora00673	27	0	0	0	0	0	0	0	0	0
chr1	7536323	7538108	Amillepora00678	1	0	0	0	0	0	NA	NA	0	0
chr1	7523576	7528603	Amillepora00676	2	0	0	0	0	0	0	0	0	0
chr1	7547215	7560178	Amillepora00680	5	0	0	0	0	0	0	0	0	0
chr1	7663464	7668402	Amillepora00683	7	0	0	0	0	0	0	0	0	0
chr1	7672425	7677368	Amillepora00684	4	0	0	0	0	0	0	0	0	0
chr1	7585660	7594544	Amillepora00681	9	0	0	0	0	0	0	0	0	0
chr1	7716600	7725657	Amillepora00688	6	1	0.16666666666666666	0.16666666666666666	16.666666666666668	0	40.8248290463863	16.66666666666667	100	0
chr1	7736426	7748432	Amillepora00691	7	0	0	0	0	0	0	0	0	0
chr1	7830280	7851012	Amillepora00704	13	1	0.07692307692307693	0.07692307692307693	7.6923076923076925	0	27.735009811261456	7.6923076923076925	100	0
chr1	7801484	7805436	Amillepora00699	5	0	0	0	0	0	0	0	0	0
chr1	7773618	7778225	Amillepora00693	5	0	0	0	0	0	0	0	0	0
chr1	7779868	7785668	Amillepora00694	8	0	0	0	0	0	0	0	0	0
chr1	7805591	7813938	Amillepora00700	8	0	0	0	0	0	0	0	0	0
chr1	7799595	7800926	Amillepora00698	5	0	0	0	0	0	0	0	0	0
chr1	7767940	7771137	Amillepora00692	3	0	0	0	0	0	0	0	0	0
chr1	7792612	7796652	Amillepora00697	2	0	0	0	0	0	0	0	0	0
chr1	7890399	7961592	Amillepora00705	14	2	0.14285714285714285	0.14285714285714285	14.285714285714286	0	36.31365196012815	9.705231721239393	100	0
chr1	8048653	8054153	Amillepora00710	7	1	0.14285714285714285	0.14285714285714285	14.285714285714286	0	37.79644730092272	14.285714285714285	100	0
chr1	8059991	8078813	Amillepora00711	17	2	0.11764705882352941	0.11764705882352941	11.764705882352942	0	33.210558207753564	8.05474349272303	100	0
chr1	8139337	8143080	Amillepora00721	1	0	0	0	0	0	NA	NA	0	0
chr1	8084204	8088322	Amillepora00712	19	1	0.05263157894736842	0.05263157894736842	5.2631578947368425	0	22.94157338705618	5.263157894736841	100	0
chr1	8177212	8181779	Amillepora00723	7	0	0	0	0	0	0	0	0	0
chr1	8098795	8108193	Amillepora00713	4	2	0.5	0.5	50	50	57.735026918962575	28.867513459481287	100	0
chr1	8125281	8130534	Amillepora00715	1	0	0	0	0	0	NA	NA	0	0
chr1	8117312	8123220	Amillepora00714	2	1	0.5	0.5	50	50	70.71067811865476	50	100	0
chr1	8131811	8139320	Amillepora00716	2	2	1	1	100	100	0	0	100	100
chr1	8275813	8279527	Amillepora00725	1	1	1	1	100	100	NA	NA	100	100
chr1	8253505	8266531	Amillepora00724	9	8	0.8888888888888888	0.8888888888888888	88.88888888888889	100	33.333333333333336	11.111111111111112	100	0
chr1	8282360	8289506	Amillepora00726	5	0	0	0	0	0	0	0	0	0
chr1	8381061	8394467	Amillepora00729	20	3	0.15	0.15	15	0	36.634754853252325	8.191780219091253	100	0
chr1	8362578	8370954	Amillepora00728	1	0	0	0	0	0	NA	NA	0	0
chr1	8399129	8448106	Amillepora00731	71	0	0	0	0	0	0	0	0	0
chr1	8449952	8456699	Amillepora00732	9	0	0	0	0	0	0	0	0	0
chr1	8460182	8465863	Amillepora00734	9	0	0	0	0	0	0	0	0	0
chr1	8467481	8472683	Amillepora00735	5	0	0	0	0	0	0	0	0	0
chr1	8474459	8494255	Amillepora00736	17	0	0	0	0	0	0	0	0	0
chr1	8534433	8576812	Amillepora00740	69	4	0.057971014492753624	0.057971014492753624	5.797101449275362	0	23.54006578914351	2.83389090172117	100	0
chr1	8495544	8513140	Amillepora00737	3	1	0.3333333333333333	0.3333333333333333	33.333333333333336	0	57.735026918962575	33.333333333333336	100	0
chr1	8513322	8521715	Amillepora00738	2	0	0	0	0	0	0	0	0	0
chr1	8521784	8522723	Amillepora00739	1	0	0	0	0	0	NA	NA	0	0
chr1	8670457	8673869	Amillepora00753	4	1	0.25	0.25	25	0	50	25	100	0
chr1	8580335	8605865	Amillepora00743	47	7	0.14893617021276595	0.14893617021276595	14.893617021276595	0	35.98745798587227	5.249310253140095	100	0
chr1	8659592	8664098	Amillepora00751	7	0	0	0	0	0	0	0	0	0
chr1	8625432	8628128	Amillepora00748	5	1	0.2	0.2	20	0	44.721359549995796	20	100	0
chr1	8630928	8648053	Amillepora00749	13	1	0.07692307692307693	0.07692307692307693	7.6923076923076925	0	27.735009811261456	7.6923076923076925	100	0
chr1	8609659	8611910	Amillepora00745	8	0	0	0	0	0	0	0	0	0
chr1	8665090	8670366	Amillepora00752	2	2	1	1	100	100	0	0	100	100
chr1	8649577	8659411	Amillepora00750	10	2	0.2	0.2	20	0	42.16370213557839	13.333333333333332	100	0
chr1	8614702	8625193	Amillepora00747	9	2	0.2222222222222222	0.2222222222222222	22.22222222222222	0	44.09585518440984	14.698618394803281	100	0
chr1	8701496	8705926	Amillepora00755	1	0	0	0	0	0	NA	NA	0	0
chr1	8718369	8758474	Amillepora00758	69	1	0.014492753623188406	0.013888888888888888	1.4492753623188406	0	12.038585308576907	1.4492753623188406	100	0
chr1	8676602	8700410	Amillepora00754	22	2	0.09090909090909091	0.09090909090909091	9.090909090909092	0	29.42449431682498	6.273323266748674	100	0
chr1	8708323	8715238	Amillepora00757	13	0	0	0	0	0	0	0	0	0
chr1	8759332	8768545	Amillepora00759	5	0	0	0	0	0	0	0	0	0
chr1	8880155	8882613	Amillepora00767	4	0	0	0	0	0	0	0	0	0
chr1	8786062	8793030	Amillepora00762	8	6	0.75	0.75	75	100	46.29100498862757	16.366341767699428	100	0
chr1	8885609	8887397	Amillepora00768	2	0	0	0	0	0	0	0	0	0
chr1	8780759	8785889	Amillepora00761	3	0	0	0	0	0	0	0	0	0
chr1	8792963	8809703	Amillepora00763	23	2	0.08695652173913043	0.08695652173913043	8.695652173913043	0	28.810406552003034	6.007385040937022	100	0
chr1	8869690	8875792	Amillepora00766	12	0	0	0	0	0	0	0	0	0
chr1	8814126	8867821	Amillepora00765	64	5	0.078125	0.078125	7.8125	0	27.048970875004198	3.3811213593755247	100	0
chr1	8772732	8777733	Amillepora00760	1	0	0	0	0	0	NA	NA	0	0
chr1	8927681	8939523	Amillepora00773	2	1	0.5	0.5	50	50	70.71067811865476	50	100	0
chr1	8941330	8948500	Amillepora00774	2	1	0.5	0.5	50	50	70.71067811865476	50	100	0
chr1	8907221	8926802	Amillepora00770	27	1	0.037037037037037035	0.037037037037037035	3.7037037037037037	0	19.245008972987527	3.703703703703704	100	0
chr1	8887456	8902458	Amillepora00769	13	0	0	0	0	0	0	0	0	0
chr1	8986140	9012968	Amillepora00775	12	0	0	0	0	0	0	0	0	0
chr1	9156095	9178674	Amillepora00791	18	1	0.05555555555555555	0.05555555555555555	5.555555555555555	0	23.570226039551578	5.555555555555556	100	0
chr1	9142245	9146285	Amillepora00789	2	0	0	0	0	0	0	0	0	0
chr1	9125782	9138769	Amillepora00788	6	0	0	0	0	0	0	0	0	0
chr1	9101840	9107257	Amillepora00786	1	1	1	1	100	100	NA	NA	100	100
chr1	9111474	9114542	Amillepora00787	1	1	1	1	100	100	NA	NA	100	100
chr1	9147761	9155837	Amillepora00790	1	0	0	0	0	0	NA	NA	0	0
chr1	9074359	9101722	Amillepora00784	29	1	0.034482758620689655	0.03333333333333333	3.4482758620689653	0	18.569533817705192	3.4482758620689653	100	0
chr1	9257473	9268667	Amillepora00801	14	0	0	0	0	0	0	0	0	0
chr1	9232683	9233830	Amillepora00798	1	0	0	0	0	0	NA	NA	0	0
chr1	9186573	9188060	Amillepora00793	1	0	0	0	0	0	NA	NA	0	0
chr1	9247097	9248549	Amillepora00800	3	0	0	0	0	0	0	0	0	0
chr1	9207337	9208909	Amillepora00797	1	0	0	0	0	0	NA	NA	0	0
chr1	9336710	9362876	Amillepora00805	3	1	0.3333333333333333	0.3333333333333333	33.333333333333336	0	57.735026918962575	33.333333333333336	100	0
chr1	9280145	9298336	Amillepora00802	1	0	0	0	0	0	NA	NA	0	0
chr1	9528252	9530857	Amillepora00827	1	0	0	0	0	0	NA	NA	0	0
chr1	9542614	9560562	Amillepora00828	2	1	0.5	0.5	50	50	70.71067811865476	50	100	0
chr1	9577120	9589760	Amillepora00831	4	0	0	0	0	0	0	0	0	0
chr1	9564290	9572691	Amillepora00829	5	1	0.2	0.2	20	0	44.721359549995796	20	100	0
chr1	9480043	9505308	Amillepora00825	4	2	0.5	0.5	50	50	57.735026918962575	28.867513459481287	100	0
chr1	9616458	9626338	Amillepora00837	3	0	0	0	0	0	0	0	0	0
chr1	9594410	9611403	Amillepora00834	5	0	0	0	0	0	0	0	0	0
chr1	9643716	9649533	Amillepora00839	1	0	0	0	0	0	NA	NA	0	0
chr1	9650594	9652653	Amillepora00840	1	0	0	0	0	0	NA	NA	0	0
chr1	9656602	9676184	Amillepora00841	8	0	0	0	0	0	0	0	0	0
chr1	9627099	9631225	Amillepora00838	5	0	0	0	0	0	0	0	0	0
chr1	9611822	9616371	Amillepora00836	4	1	0.25	0.25	25	0	50	25	100	0
chr1	9857641	9861181	Amillepora00857	1	0	0	0	0	0	NA	NA	0	0
chr1	9785484	9793745	Amillepora00849	4	0	0	0	0	0	0	0	0	0
chr1	9807151	9813412	Amillepora00852	1	0	0	0	0	0	NA	NA	0	0
chr1	9814397	9837172	Amillepora00853	5	0	0	0	0	0	0	0	0	0
chr1	9953575	9956727	Amillepora00865	1	0	0	0	0	0	NA	NA	0	0
chr1	9937328	9945325	Amillepora00864	2	0	0	0	0	0	0	0	0	0
chr1	9929230	9934042	Amillepora00863	1	0	0	0	0	0	NA	NA	0	0
chr1	9876335	9903931	Amillepora00859	4	2	0.5	0.5	50	50	57.735026918962575	28.867513459481287	100	0
chr1	10012553	10020274	Amillepora00914	3	0	0	0	0	0	0	0	0	0
chr1	9980007	9999272	Amillepora00911	6	0	0	0	0	0	0	0	0	0
chr1	10034931	10057689	Amillepora00917	7	1	0.14285714285714285	0.14285714285714285	14.285714285714286	0	37.79644730092272	14.285714285714285	100	0
chr1	10062918	10077127	Amillepora00919	24	3	0.125	0.125	12.5	0	33.78319623460881	6.89596605459213	100	0
chr1	10080005	10083010	Amillepora00921	3	0	0	0	0	0	0	0	0	0
chr1	10155166	10178342	Amillepora00926	24	2	0.08333333333333333	0.08333333333333333	8.333333333333334	0	28.23298512866401	5.763033956734373	100	0
chr1	10083758	10089716	Amillepora00922	6	0	0	0	0	0	0	0	0	0
chr1	10097143	10120955	Amillepora00923	31	1	0.03225806451612903	0.03225806451612903	3.225806451612903	0	17.960530202677496	3.2258064516129035	100	0
chr1	10122904	10139501	Amillepora00924	27	5	0.18518518518518517	0.18518518518518517	18.51851851851852	0	39.58473906635695	7.618086585254095	100	0
chr1	10141255	10153718	Amillepora00925	20	2	0.1	0.1	10	0	30.779350562554622	6.882472016116853	100	0
chr1	10269651	10282555	Amillepora00938	9	0	0	0	0	0	0	0	0	0
chr1	10250931	10256881	Amillepora00935	3	0	0	0	0	0	0	0	0	0
chr1	10198143	10211649	Amillepora00930	2	2	1	1	100	100	0	0	100	100
chr1	10178504	10189899	Amillepora00929	5	1	0.2	0.2	20	0	44.721359549995796	20	100	0
chr1	10262310	10267960	Amillepora00937	13	0	0	0	0	0	0	0	0	0
chr1	10225539	10247538	Amillepora00932	30	2	0.06666666666666667	0.06666666666666667	6.666666666666667	0	25.37081317024624	4.632055558531008	100	0
chr1	10257896	10260189	Amillepora00936	1	0	0	0	0	0	NA	NA	0	0
chr1	10222851	10224689	Amillepora00931	5	0	0	0	0	0	0	0	0	0
chr1	10247567	10250208	Amillepora00934	1	0	0	0	0	0	NA	NA	0	0
chr1	10298212	10301596	Amillepora00940	4	0	0	0	0	0	0	0	0	0
chr1	10286626	10296986	Amillepora00939	12	0	0	0	0	0	0	0	0	0
chr1	10347357	10360606	Amillepora00946	16	0	0	0	0	0	0	0	0	0
chr1	10364134	10374433	Amillepora00947	9	0	0	0	0	0	0	0	0	0
chr1	10316694	10331176	Amillepora00943	24	0	0	0	0	0	0	0	0	0
chr1	10332532	10336330	Amillepora00944	7	1	0.14285714285714285	0.14285714285714285	14.285714285714286	0	37.79644730092272	14.285714285714285	100	0
chr1	10307311	10314844	Amillepora00941	14	1	0.07142857142857142	0.07142857142857142	7.142857142857143	0	26.72612419124244	7.142857142857143	100	0
chr1	10424682	10431531	Amillepora00951	8	0	0	0	0	0	0	0	0	0
chr1	10462591	10466937	Amillepora00954	2	0	0	0	0	0	0	0	0	0
chr1	10433360	10445806	Amillepora00952	14	0	0	0	0	0	0	0	0	0
chr1	10449595	10458813	Amillepora00953	14	2	0.14285714285714285	0.14285714285714285	14.285714285714286	0	36.313651960128155	9.705231721239393	100	0
chr1	10387922	10398873	Amillepora00948	15	0	0	0	0	0	0	0	0	0
chr1	10408268	10423899	Amillepora00950	15	0	0	0	0	0	0	0	0	0
chr1	10480347	10485377	Amillepora00956	5	3	0.6	0.6	60	100	54.772255750516614	24.49489742783178	100	0
chr1	10501741	10563990	Amillepora00958	40	11	0.275	0.275	27.5	0	45.22025867763026	7.149950690165274	100	0
chr1	10473418	10479459	Amillepora00955	2	0	0	0	0	0	0	0	0	0
chr1	10648388	10662349	Amillepora00964	10	1	0.1	0.1	10	0	31.622776601683793	10	100	0
chr1	10604334	10604840	Amillepora00963	1	0	0	0	0	0	NA	NA	0	0
chr1	10743742	10751435	Amillepora00969	2	0	0	0	0	0	0	0	0	0
chr1	10666365	10690519	Amillepora00965	32	0	0	0	0	0	0	0	0	0
chr1	10766175	10770910	Amillepora00970	10	0	0	0	0	0	0	0	0	0
chr1	10776155	10780815	Amillepora00971	6	0	0	0	0	0	0	0	0	0
chr1	10727998	10736400	Amillepora00967	6	1	0.16666666666666666	0.16666666666666666	16.666666666666668	0	40.8248290463863	16.66666666666667	100	0
chr1	10708654	10717206	Amillepora00966	4	0	0	0	0	0	0	0	0	0
chr1	10824129	10830375	Amillepora00977	5	0	0	0	0	0	0	0	0	0
chr1	10796833	10805077	Amillepora00974	6	0	0	0	0	0	0	0	0	0
chr1	10835849	10840968	Amillepora00979	1	1	1	1	100	100	NA	NA	100	100
chr1	10860998	10867811	Amillepora00983	3	2	0.6666666666666666	0.6666666666666666	66.66666666666667	100	57.735026918962575	33.333333333333336	100	0
chr1	10869983	10870624	Amillepora00984	1	0	0	0	0	0	NA	NA	0	0
chr1	10846261	10860885	Amillepora00981	17	3	0.17647058823529413	0.17647058823529413	17.647058823529413	0	39.295262399668786	9.530501027070382	100	0
chr1	10786350	10796826	Amillepora00973	8	2	0.25	0.3333333333333333	25	0	46.29100498862757	16.366341767699428	100	0
chr1	10841775	10844871	Amillepora00980	3	0	0	0	0	0	0	0	0	0
chr1	10806429	10817539	Amillepora00975	6	1	0.16666666666666666	0.16666666666666666	16.666666666666668	0	40.8248290463863	16.66666666666667	100	0
chr1	10822204	10824029	Amillepora00976	2	1	0.5	0.5	50	50	70.71067811865476	50	100	0
chr1	10931209	10934819	Amillepora00989	2	0	0	0	0	0	0	0	0	0
chr1	10908634	10921979	Amillepora00987	4	2	0.5	0.5	50	50	57.735026918962575	28.867513459481287	100	0
chr1	10970453	10984764	Amillepora00996	13	4	0.3076923076923077	0.3076923076923077	30.76923076923077	0	48.03844614152614	13.323467750529826	100	0
chr1	10953376	10956407	Amillepora00993	7	0	0	0	0	0	0	0	0	0
chr1	10941585	10943745	Amillepora00991	1	0	0	0	0	0	NA	NA	0	0
chr1	10936994	10940640	Amillepora00990	5	0	0	0	0	0	0	0	0	0
chr1	10958936	10967783	Amillepora00994	10	0	0	0	0	0	0	0	0	0
chr1	10877311	10908566	Amillepora00985	36	8	0.2222222222222222	0.21621621621621623	22.22222222222222	0	42.16370213557839	7.027283689263065	100	0
chr1	10923548	10924276	Amillepora00988	3	0	0	0	0	0	0	0	0	0
chr1	10947692	10950148	Amillepora00992	5	0	0	0	0	0	0	0	0	0
chr1	11010278	11027295	Amillepora01001	5	3	0.6	0.6	60	100	54.772255750516614	24.49489742783178	100	0
chr1	11060720	11065920	Amillepora01006	4	2	0.5	0.5	50	50	57.735026918962575	28.867513459481287	100	0
chr1	11002775	11029434	Amillepora01000	18	3	0.16666666666666666	0.16666666666666666	16.666666666666668	0	38.34824944236852	9.03876907577734	100	0
chr1	10985323	10992080	Amillepora00998	12	0	0	0	0	0	0	0	0	0
chr1	11068908	11075139	Amillepora01007	4	0	0	0	0	0	0	0	0	0
chr1	11041957	11055828	Amillepora01003	15	1	0.06666666666666667	0.06666666666666667	6.666666666666667	0	25.81988897471612	6.666666666666666	100	0
chr1	11039921	11041318	Amillepora01002	10	0	0	0	0	0	0	0	0	0
chr1	11108444	11114789	Amillepora01011	12	0	0	0	0	0	0	0	0	0
chr1	11075874	11094057	Amillepora01009	20	6	0.3	0.3	30	0	47.016234598162725	10.513149660756936	100	0
chr1	11115271	11147638	Amillepora01012	12	8	0.6666666666666666	0.6666666666666666	66.66666666666667	100	49.23659639173309	14.213381090374028	100	0
chr1	11094653	11101794	Amillepora01010	6	1	0.16666666666666666	0.16666666666666666	16.666666666666668	0	40.82482904638629	16.66666666666667	100	0
chr1	11227626	11229967	Amillepora01018	3	0	0	0	0	0	0	0	0	0
chr1	11192147	11196629	Amillepora01014	1	0	0	0	0	0	NA	NA	0	0
chr1	11171679	11185943	Amillepora01013	5	1	0.2	0.2	20	0	44.721359549995796	20	100	0
chr1	11213559	11220220	Amillepora01017	6	1	0.16666666666666666	0.16666666666666666	16.666666666666668	0	40.8248290463863	16.66666666666667	100	0
chr1	11197282	11208560	Amillepora01015	7	0	0	0	0	0	0	0	0	0
chr1	11244358	11249630	Amillepora01020	6	0	0	0	0	0	0	0	0	0
chr1	11233929	11235973	Amillepora01019	3	0	0	0	0	0	0	0	0	0
chr1	11252194	11262521	Amillepora01021	22	0	0	0	0	0	0	0	0	0
chr1	11271910	11283729	Amillepora01022	12	0	0	0	0	0	0	0	0	0
chr1	11208481	11213475	Amillepora01016	2	2	1	1	100	100	0	0	100	100
chr1	11327687	11346282	Amillepora01024	21	4	0.19047619047619047	0.19047619047619047	19.047619047619047	0	40.23739080814783	8.780518530755131	100	0
chr1	11347963	11360166	Amillepora01025	17	0	0	0	0	0	0	0	0	0
chr1	11469843	11478576	Amillepora01031	7	1	0.14285714285714285	0.14285714285714285	14.285714285714286	0	37.79644730092272	14.285714285714285	100	0
chr1	11380735	11390943	Amillepora01026	8	0	0	0	0	0	0	0	0	0
chr1	11400441	11405643	Amillepora01027	10	0	0	0	0	0	0	0	0	0
chr1	11541540	11548595	Amillepora01039	1	0	0	0	0	0	NA	NA	0	0
chr1	11549080	11560073	Amillepora01040	5	2	0.4	0.3333333333333333	40	0	54.772255750516614	24.49489742783178	100	0
chr1	11575254	11576774	Amillepora01041	3	0	0	0	0	0	0	0	0	0
chr1	11480136	11514514	Amillepora01032	61	1	0.01639344262295082	0.01639344262295082	1.639344262295082	0	12.803687993289586	1.6393442622950822	100	0
chr1	11520607	11530199	Amillepora01037	19	0	0	0	0	0	0	0	0	0
chr1	11531253	11537240	Amillepora01038	11	0	0	0	0	0	0	0	0	0
chr1	11577122	11579381	Amillepora01042	11	0	0	0	0	0	0	0	0	0
chr1	11621973	11627998	Amillepora01048	5	0	0	0	0	0	0	0	0	0
chr1	11602392	11603653	Amillepora01045	1	0	0	0	0	0	NA	NA	0	0
chr1	11616345	11620743	Amillepora01047	1	1	1	1	100	100	NA	NA	100	100
chr1	11641885	11645024	Amillepora01050	8	1	0.125	0.125	12.5	0	35.35533905932738	12.5	100	0
chr1	11584327	11590595	Amillepora01043	5	0	0	0	0	0	0	0	0	0
chr1	11602341	11616179	Amillepora01044	5	0	0	0	0	0	0	0	0	0
chr1	11629481	11635836	Amillepora01049	8	0	0	0	0	0	0	0	0	0
chr1	11658117	11670172	Amillepora01052	13	1	0.07692307692307693	0.07692307692307693	7.6923076923076925	0	27.735009811261456	7.6923076923076925	100	0
chr1	11672425	11690053	Amillepora01054	12	0	0	0	0	0	0	0	0	0
chr1	11727288	11735010	Amillepora01059	4	3	0.75	0.75	75	100	50	25	100	0
chr1	11696187	11725686	Amillepora01057	14	2	0.14285714285714285	0.14285714285714285	14.285714285714286	0	36.31365196012815	9.705231721239393	100	0
chr1	11735380	11739314	Amillepora01061	2	1	0.5	0.5	50	50	70.71067811865476	50	100	0
chr1	11760105	11775014	Amillepora01063	14	3	0.21428571428571427	0.21428571428571427	21.428571428571427	0	42.581531362632	11.380392954509878	100	0
chr1	11748446	11759628	Amillepora01062	21	1	0.047619047619047616	0.047619047619047616	4.761904761904762	0	21.82178902359924	4.761904761904762	100	0
chr1	11800194	11802507	Amillepora01066	2	1	0.5	0.5	50	50	70.71067811865476	50	100	0
chr1	11779815	11789269	Amillepora01064	6	0	0	0	0	0	0	0	0	0
chr1	11790320	11800081	Amillepora01065	3	2	0.6666666666666666	0.6666666666666666	66.66666666666667	100	57.735026918962575	33.333333333333336	100	0
chr1	11800762	11810691	Amillepora01067	11	1	0.09090909090909091	0.09090909090909091	9.090909090909092	0	30.151134457776358	9.09090909090909	100	0
chr1	11817107	11834095	Amillepora01068	15	0	0	0	0	0	0	0	0	0
chr1	11966734	11984778	Amillepora01077	14	0	0	0	0	0	0	0	0	0
chr1	11869668	11886901	Amillepora01071	5	3	0.6	0.6	60	100	54.772255750516614	24.49489742783178	100	0
chr1	11887254	11890298	Amillepora01072	5	0	0	0	0	0	0	0	0	0
chr1	12030616	12045102	Amillepora01081	27	0	0	0	0	0	0	0	0	0
chr1	12002660	12022521	Amillepora01079	24	0	0	0	0	0	0	0	0	0
chr1	11987708	12000467	Amillepora01078	23	0	0	0	0	0	0	0	0	0
chr1	12056152	12064687	Amillepora01082	2	1	0.5	0.5	50	50	70.71067811865476	50	100	0
chr1	12165591	12167793	Amillepora01091	1	0	0	0	0	0	NA	NA	0	0
chr1	12176182	12177690	Amillepora01093	2	0	0	0	0	0	0	0	0	0
chr1	12125936	12145409	Amillepora01089	18	6	0.3333333333333333	0.3333333333333333	33.333333333333336	0	48.50712500726659	11.433239009500591	100	0
chr1	12096988	12124968	Amillepora01087	29	3	0.10344827586206896	0.10344827586206896	10.344827586206897	0	30.993404669460347	5.755330761353656	100	0
chr1	12072015	12095681	Amillepora01086	18	6	0.3333333333333333	0.3333333333333333	33.333333333333336	0	48.50712500726659	11.433239009500591	100	0
chr1	12147487	12158224	Amillepora01090	8	1	0.125	0.125	12.5	0	35.35533905932738	12.5	100	0
chr1	12168607	12175995	Amillepora01092	4	3	0.75	0.75	75	100	50	25	100	0
chr1	12235240	12236452	Amillepora01098	1	0	0	0	0	0	NA	NA	0	0
chr1	12197315	12200679	Amillepora01095	10	0	0	0	0	0	0	0	0	0
chr1	12277578	12283502	Amillepora01103	3	0	0	0	0	0	0	0	0	0
chr1	12238576	12251610	Amillepora01099	11	0	0	0	0	0	0	0	0	0
chr1	12265210	12271149	Amillepora01102	5	0	0	0	0	0	0	0	0	0
chr1	12213860	12214537	Amillepora01096	2	0	0	0	0	0	0	0	0	0
chr1	12222659	12223614	Amillepora01097	1	0	0	0	0	0	NA	NA	0	0
chr1	12253074	12260481	Amillepora01100	6	1	0.16666666666666666	0.16666666666666666	16.666666666666668	0	40.82482904638629	16.66666666666667	100	0
chr1	12312234	12322667	Amillepora01107	8	1	0.125	0.125	12.5	0	35.35533905932738	12.5	100	0
chr1	12303192	12310250	Amillepora01106	9	0	0	0	0	0	0	0	0	0
chr1	12331574	12338214	Amillepora01109	4	2	0.5	0.5	50	50	57.735026918962575	28.867513459481287	100	0
chr1	12297080	12302080	Amillepora01105	3	0	0	0	0	0	0	0	0	0
chr1	12447362	12454916	Amillepora01120	9	1	0.1111111111111111	0.1111111111111111	11.11111111111111	0	33.333333333333336	11.111111111111112	100	0
chr1	12424671	12441114	Amillepora01116	1	0	0	0	0	0	NA	NA	0	0
chr1	12464873	12482448	Amillepora01122	44	0	0	0	0	0	0	0	0	0
chr1	12456756	12463843	Amillepora01121	9	0	0	0	0	0	0	0	0	0
chr1	12391600	12400517	Amillepora01115	2	1	0.5	0.5	50	50	70.71067811865476	50	100	0
chr1	12442633	12443193	Amillepora01118	1	0	0	0	0	0	NA	NA	0	0
chr1	12443538	12446135	Amillepora01119	4	0	0	0	0	0	0	0	0	0
chr1	12341118	12343469	Amillepora01110	3	0	0	0	0	0	0	0	0	0
chr1	12350909	12359373	Amillepora01111	1	0	0	0	0	0	NA	NA	0	0
chr1	12375382	12378139	Amillepora01113	3	0	0	0	0	0	0	0	0	0
chr1	12546316	12559795	Amillepora01133	22	4	0.18181818181818182	0.18181818181818182	18.181818181818183	0	39.47710169758612	8.41654636156865	100	0
chr1	12497143	12504584	Amillepora01125	10	0	0	0	0	0	0	0	0	0
chr1	12561261	12581551	Amillepora01134	32	1	0.03125	0.03125	3.125	0	17.67766952966369	3.125	100	0
chr1	12544228	12546233	Amillepora01132	3	0	0	0	0	0	0	0	0	0
chr1	12534551	12539649	Amillepora01130	1	0	0	0	0	0	NA	NA	0	0
chr1	12505498	12510733	Amillepora01127	7	0	0	0	0	0	0	0	0	0
chr1	12526719	12531065	Amillepora01128	2	1	0.5	0.5	50	50	70.71067811865476	50	100	0
chr1	12484876	12492138	Amillepora01123	8	0	0	0	0	0	0	0	0	0
chr1	12492305	12496979	Amillepora01124	2	1	0.5	0.5	50	50	70.71067811865476	50	100	0
chr1	12651608	12654107	Amillepora01141	3	0	0	0	0	0	0	0	0	0
chr1	12675964	12678402	Amillepora01143	1	0	0	0	0	0	NA	NA	0	0
chr1	12605042	12629385	Amillepora01138	33	4	0.12121212121212122	0.12121212121212122	12.121212121212121	0	33.143398263980856	5.76952508019993	100	0
chr1	12631734	12643776	Amillepora01140	19	1	0.05263157894736842	0.05263157894736842	5.2631578947368425	0	22.941573387056174	5.263157894736841	100	0
chr1	12591435	12602504	Amillepora01136	13	4	0.3076923076923077	0.3076923076923077	30.76923076923077	0	48.03844614152614	13.323467750529826	100	0
chr1	12756367	12764466	Amillepora01153	4	2	0.5	0.5	50	50	57.735026918962575	28.867513459481287	100	0
chr1	12714241	12725354	Amillepora01149	3	0	0	0	0	0	0	0	0	0
chr1	12746946	12751411	Amillepora01152	1	0	0	0	0	0	NA	NA	0	0
chr1	12736046	12739655	Amillepora01150	4	0	0	0	0	0	0	0	0	0
chr1	12661166	12675827	Amillepora01142	11	3	0.2727272727272727	0.2727272727272727	27.272727272727273	0	46.70993664969137	14.083575804390607	100	0
chr1	12679923	12685212	Amillepora01144	1	1	1	1	100	100	NA	NA	100	100
chr1	12706101	12711312	Amillepora01147	4	2	0.5	0.5	50	50	57.735026918962575	28.867513459481287	100	0
chr1	12771597	12793342	Amillepora01155	16	5	0.3125	0.3125	31.25	0	47.871355387816905	11.967838846954226	100	0
chr1	12793729	12809732	Amillepora01157	34	0	0	0	0	0	0	0	0	0
chr1	12909897	12913558	Amillepora01165	1	0	0	0	0	0	NA	NA	0	0
chr1	12894209	12905027	Amillepora01164	3	0	0	0	0	0	0	0	0	0
chr1	12831658	12844311	Amillepora01158	2	1	0.5	0.5	50	50	70.71067811865476	50	100	0
chr1	12867231	12870034	Amillepora01162	3	0	0	0	0	0	0	0	0	0
chr1	12853761	12855065	Amillepora01160	1	0	0	0	0	0	NA	NA	0	0
chr1	12882033	12885459	Amillepora01163	1	0	0	0	0	0	NA	NA	0	0
chr1	12859866	12861832	Amillepora01161	1	0	0	0	0	0	NA	NA	0	0
chr1	13044745	13062224	Amillepora01177	1	0	0	0	0	0	NA	NA	0	0
chr1	13025260	13026375	Amillepora01174	1	1	1	1	100	100	NA	NA	100	100
chr1	13007713	13015244	Amillepora01173	5	0	0	0	0	0	0	0	0	0
chr1	12994876	12997512	Amillepora01172	2	0	0	0	0	0	0	0	0	0
chr1	13106941	13113044	Amillepora01180	1	0	0	0	0	0	NA	NA	0	0
chr1	13154080	13164829	Amillepora01182	3	2	0.6666666666666666	0.6666666666666666	66.66666666666667	100	57.73502691896258	33.333333333333336	100	0
chr1	13081877	13089445	Amillepora01178	3	0	0	0	0	0	0	0	0	0
chr1	13206484	13231583	Amillepora01185	8	0	0	0	0	0	0	0	0	0
chr1	13166313	13200033	Amillepora01183	9	0	0	0	0	0	0	0	0	0
chr1	13369400	13371378	Amillepora01197	1	0	0	0	0	0	NA	NA	0	0
chr1	13241190	13268735	Amillepora01188	3	0	0	0	0	0	0	0	0	0
chr1	13274263	13308116	Amillepora01191	5	0	0	0	0	0	0	0	0	0
chr1	13309604	13325585	Amillepora01192	3	0	0	0	0	0	0	0	0	0
chr1	13478636	13480050	Amillepora01201	1	1	1	1	100	100	NA	NA	100	100
chr1	13445165	13461353	Amillepora01199	2	0	0	0	0	0	0	0	0	0
chr1	13482417	13486924	Amillepora01202	2	1	0.5	0.5	50	50	70.71067811865476	50	100	0
chr1	13472523	13476592	Amillepora01200	1	0	0	0	0	0	NA	NA	0	0
chr1	13517970	13519801	Amillepora01206	2	0	0	0	0	0	0	0	0	0
chr1	13523184	13524864	Amillepora01207	4	0	0	0	0	0	0	0	0	0
chr1	13536756	13539994	Amillepora01208	5	0	0	0	0	0	0	0	0	0
chr1	13552040	13559359	Amillepora01210	3	1	0.3333333333333333	0.3333333333333333	33.333333333333336	0	57.735026918962575	33.333333333333336	100	0
chr1	13564326	13581799	Amillepora01212	7	0	0	0	0	0	0	0	0	0
chr1	13503939	13505562	Amillepora01205	4	1	0.25	0.25	25	0	50	25	100	0
chr1	13559880	13564297	Amillepora01211	3	1	0.3333333333333333	0.3333333333333333	33.333333333333336	0	57.735026918962575	33.333333333333336	100	0
chr1	13540900	13546072	Amillepora01209	11	1	0.09090909090909091	0.09090909090909091	9.090909090909092	0	30.151134457776354	9.09090909090909	100	0
chr1	13493083	13493847	Amillepora01204	4	1	0.25	0.25	25	0	50	25	100	0
chr1	13595552	13606721	Amillepora01213	3	2	0.6666666666666666	0.6666666666666666	66.66666666666667	100	57.73502691896258	33.333333333333336	100	0
chr1	13624394	13653101	Amillepora01217	20	5	0.25	0.25	25	0	44.426165831931925	9.933992677987828	100	0
chr1	13606769	13609295	Amillepora01214	6	0	0	0	0	0	0	0	0	0
chr1	13616470	13638504	Amillepora01216	14	3	0.21428571428571427	0.21428571428571427	21.428571428571427	0	42.581531362632	11.380392954509878	100	0
chr1	13610262	13611530	Amillepora01215	3	0	0	0	0	0	0	0	0	0
chr1	13688923	13690684	Amillepora01226	3	0	0	0	0	0	0	0	0	0
chr1	13679335	13685700	Amillepora01224	3	0	0	0	0	0	0	0	0	0
chr1	13692726	13725766	Amillepora01227	33	0	0	0	0	0	0	0	0	0
chr1	13764200	13782045	Amillepora01230	17	0	0	0	0	0	0	0	0	0
chr1	13726372	13739953	Amillepora01228	22	1	0.045454545454545456	0.045454545454545456	4.545454545454546	0	21.32007163556104	4.545454545454545	100	0
chr1	13671096	13679130	Amillepora01221	6	1	0.16666666666666666	0.16666666666666666	16.666666666666668	0	40.8248290463863	16.66666666666667	100	0
chr1	13784529	13787568	Amillepora01231	10	0	0	0	0	0	0	0	0	0
chr1	13685778	13689044	Amillepora01225	2	0	0	0	0	0	0	0	0	0
chr1	13754367	13763982	Amillepora01229	12	1	0.08333333333333333	0.08333333333333333	8.333333333333334	0	28.867513459481305	8.333333333333334	100	0
chr1	13654531	13661137	Amillepora01220	8	0	0	0	0	0	0	0	0	0
chr1	13875700	13882375	Amillepora01244	3	0	0	0	0	0	0	0	0	0
chr1	13789971	13807166	Amillepora01232	9	0	0	0	0	0	0	0	0	0
chr1	13807854	13821326	Amillepora01235	23	0	0	0	0	0	0	0	0	0
chr1	13845038	13848927	Amillepora01241	5	4	0.8	0.8	80	100	44.721359549995796	20	100	0
chr1	13949756	13979005	Amillepora01255	39	0	0	0	0	0	0	0	0	0
chr1	13867112	13875723	Amillepora01243	8	3	0.375	0.375	37.5	0	51.75491695067657	18.298126367784995	100	0
chr1	13821485	13831330	Amillepora01237	15	1	0.06666666666666667	0.06666666666666667	6.666666666666667	0	25.81988897471611	6.666666666666666	100	0
chr1	13835229	13840688	Amillepora01240	4	3	0.75	0.75	75	100	50	25	100	0
chr1	13932085	13944588	Amillepora01253	15	1	0.06666666666666667	0.06666666666666667	6.666666666666667	0	25.819888974716118	6.666666666666666	100	0
chr1	13899223	13917811	Amillepora01246	16	1	0.0625	0.0625	6.25	0	25	6.25	100	0
chr1	13855102	13864179	Amillepora01242	6	1	0.16666666666666666	0.16666666666666666	16.666666666666668	0	40.8248290463863	16.66666666666667	100	0
chr1	13918062	13923630	Amillepora01249	5	0	0	0	0	0	0	0	0	0
chr1	13832036	13833053	Amillepora01239	5	0	0	0	0	0	0	0	0	0
chr1	14018170	14040960	Amillepora01266	22	1	0.045454545454545456	0.045454545454545456	4.545454545454546	0	21.32007163556104	4.545454545454545	100	0
chr1	13998396	14008158	Amillepora01261	2	2	1	1	100	100	0	0	100	100
chr1	13987455	13990645	Amillepora01258	11	0	0	0	0	0	0	0	0	0
chr1	13979530	13984515	Amillepora01257	2	0	0	0	0	0	0	0	0	0
chr1	13997369	13998240	Amillepora01260	3	0	0	0	0	0	0	0	0	0
chr1	13993984	13996409	Amillepora01259	6	0	0	0	0	0	0	0	0	0
chr1	14008773	14017716	Amillepora01263	3	1	0.3333333333333333	0.3333333333333333	33.333333333333336	0	57.735026918962575	33.333333333333336	100	0
chr1	14073593	14074801	Amillepora01269	1	0	0	0	0	0	NA	NA	0	0
chr1	14041590	14058251	Amillepora01267	11	0	0	0	0	0	0	0	0	0
chr1	14069704	14139099	Amillepora01268	64	10	0.15625	0.15625	15.625	0	36.59625273556999	4.574531591946249	100	0
chr1	14152357	14168656	Amillepora01273	20	1	0.05	0.05	5	0	22.360679774997898	5	100	0
chr1	14145534	14151410	Amillepora01272	3	1	0.3333333333333333	0.3333333333333333	33.333333333333336	0	57.735026918962575	33.333333333333336	100	0
chr1	14141939	14145497	Amillepora01271	2	1	0.5	0.5	50	50	70.71067811865476	50	100	0
chr1	14215173	14222854	Amillepora01277	1	1	1	1	100	100	NA	NA	100	100
chr1	14180108	14204273	Amillepora01274	1	0	0	0	0	0	NA	NA	0	0
chr1	14234820	14243441	Amillepora01279	1	0	0	0	0	0	NA	NA	0	0
chr1	14258330	14272935	Amillepora01282	5	0	0	0	0	0	0	0	0	0
chr1	14244819	14250910	Amillepora01280	1	0	0	0	0	0	NA	NA	0	0
chr1	14308750	14314525	Amillepora01286	1	1	1	1	100	100	NA	NA	100	100
chr1	14319222	14331520	Amillepora01288	1	1	1	1	100	100	NA	NA	100	100
chr1	14384930	14388439	Amillepora01295	4	0	0	0	0	0	0	0	0	0
chr1	14332348	14340341	Amillepora01289	3	2	0.6666666666666666	0.6666666666666666	66.66666666666667	100	57.73502691896258	33.333333333333336	100	0
chr1	14287432	14308651	Amillepora01283	9	2	0.2222222222222222	0.2222222222222222	22.22222222222222	0	44.09585518440984	14.698618394803281	100	0
chr1	14350727	14375656	Amillepora01292	1	1	1	1	100	100	NA	NA	100	100
chr1	14418879	14420295	Amillepora01301	4	0	0	0	0	0	0	0	0	0
chr1	14392908	14395245	Amillepora01297	2	0	0	0	0	0	0	0	0	0
chr1	14421844	14434365	Amillepora01302	11	2	0.18181818181818182	0.18181818181818182	18.181818181818183	0	40.45199174779453	12.196734422726125	100	0
chr1	14405670	14411945	Amillepora01298	3	0	0	0	0	0	0	0	0	0
chr1	14509540	14512404	Amillepora01310	11	0	0	0	0	0	0	0	0	0
chr1	14515209	14533757	Amillepora01312	30	3	0.1	0.1	10	0	30.51285766293647	5.570860145311556	100	0
chr1	14493291	14504188	Amillepora01309	5	1	0.2	0.2	20	0	44.721359549995796	20	100	0
chr1	14449409	14452386	Amillepora01304	3	1	0.3333333333333333	0.3333333333333333	33.333333333333336	0	57.735026918962575	33.333333333333336	100	0
chr1	14573940	14582557	Amillepora01316	3	0	0	0	0	0	0	0	0	0
chr1	14549874	14553099	Amillepora01314	6	0	0	0	0	0	0	0	0	0
chr1	14554096	14555690	Amillepora01315	5	0	0	0	0	0	0	0	0	0
chr1	14542402	14545431	Amillepora01313	5	0	0	0	0	0	0	0	0	0
chr1	14453232	14477637	Amillepora01305	4	3	0.75	0.75	75	100	50	25	100	0
chr1	14435815	14445174	Amillepora01303	9	2	0.2222222222222222	0.2222222222222222	22.22222222222222	0	44.09585518440984	14.698618394803281	100	0
chr1	14487466	14499427	Amillepora01308	5	1	0.2	0.2	20	0	44.721359549995796	20	100	0
chr1	14485270	14486529	Amillepora01307	1	0	0	0	0	0	NA	NA	0	0
chr1	14618033	14621104	Amillepora01319	1	0	0	0	0	0	NA	NA	0	0
chr1	14653808	14660762	Amillepora01323	8	0	0	0	0	0	0	0	0	0
chr1	14594156	14597753	Amillepora01317	9	1	0.1111111111111111	0.1111111111111111	11.11111111111111	0	33.333333333333336	11.111111111111112	100	0
chr1	14662344	14675605	Amillepora01324	12	2	0.16666666666666666	0.16666666666666666	16.666666666666668	0	38.92494720807614	11.236664374387368	100	0
chr1	14623830	14628863	Amillepora01320	1	0	0	0	0	0	NA	NA	0	0
chr1	14745371	14758680	Amillepora01330	14	1	0.07142857142857142	0.07142857142857142	7.142857142857143	0	26.72612419124244	7.142857142857143	100	0
chr1	14668787	14714478	Amillepora01325	49	1	0.02040816326530612	0.02040816326530612	2.0408163265306123	0	14.285714285714285	2.0408163265306123	100	0
chr1	14733138	14744240	Amillepora01329	14	1	0.07142857142857142	0.07142857142857142	7.142857142857143	0	26.72612419124244	7.142857142857143	100	0
chr1	14716783	14732986	Amillepora01328	16	3	0.1875	0.23529411764705882	18.75	0	40.311288741492746	10.077822185373186	100	0
chr1	14805886	14812128	Amillepora01334	4	0	0	0	0	0	0	0	0	0
chr1	14815812	14822233	Amillepora01336	8	1	0.125	0.125	12.5	0	35.35533905932738	12.5	100	0
chr1	14766453	14794219	Amillepora01332	25	1	0.04	0.04	4	0	20	4	100	0
chr1	14840186	14878981	Amillepora01338	2	1	0.5	0.5	50	50	70.71067811865476	50	100	0
chr1	14795803	14797568	Amillepora01333	8	0	0	0	0	0	0	0	0	0
chr1	14831978	14864791	Amillepora01337	2	1	0.5	0.5	50	50	70.71067811865476	50	100	0
chr1	14813531	14815278	Amillepora01335	4	0	0	0	0	0	0	0	0	0
chr1	14917018	14929668	Amillepora01344	16	0	0	0	0	0	0	0	0	0
chr1	14909927	14913649	Amillepora01343	3	0	0	0	0	0	0	0	0	0
chr1	14877032	14900041	Amillepora01340	5	0	0	0	0	0	0	0	0	0
chr1	14900733	14904997	Amillepora01341	1	0	0	0	0	0	NA	NA	0	0
chr1	14933796	14946360	Amillepora01345	15	0	0	0	0	0	0	0	0	0
chr1	14954095	14960751	Amillepora01346	5	0	0	0	0	0	0	0	0	0
chr1	14981109	14992528	Amillepora01349	14	0	0	0	0	0	0	0	0	0
chr1	14972925	14977211	Amillepora01347	2	0	0	0	0	0	0	0	0	0
chr1	15153786	15172663	Amillepora01367	12	1	0.08333333333333333	0.08333333333333333	8.333333333333334	0	28.867513459481298	8.333333333333334	100	0
chr1	15137006	15139107	Amillepora01365	3	0	0	0	0	0	0	0	0	0
chr1	15100282	15109077	Amillepora01363	9	0	0	0	0	0	0	0	0	0
chr1	15138430	15150343	Amillepora01366	12	0	0	0	0	0	0	0	0	0
chr1	15172844	15188327	Amillepora01368	19	0	0	0	0	0	0	0	0	0
chr1	15110044	15132324	Amillepora01364	22	0	0	0	0	0	0	0	0	0
chr1	15075943	15099131	Amillepora01362	20	0	0	0	0	0	0	0	0	0
chr1	15053910	15059969	Amillepora01356	5	0	0	0	0	0	0	0	0	0
chr1	15064628	15067615	Amillepora01359	3	1	0.3333333333333333	0.3333333333333333	33.333333333333336	0	57.735026918962575	33.333333333333336	100	0
chr1	15035416	15036847	Amillepora01353	5	0	0	0	0	0	0	0	0	0
chr1	15039748	15050304	Amillepora01354	5	0	0	0	0	0	0	0	0	0
chr1	15213417	15218364	Amillepora01370	4	0	0	0	0	0	0	0	0	0
chr1	15207575	15211657	Amillepora01369	1	0	0	0	0	0	NA	NA	0	0
chr1	15219417	15226324	Amillepora01371	2	1	0.5	0.5	50	50	70.71067811865476	50	100	0
chr1	15380372	15384456	Amillepora01381	7	0	0	0	0	0	0	0	0	0
chr1	15328201	15362203	Amillepora01378	28	6	0.21428571428571427	0.21428571428571427	21.428571428571427	0	41.78554470186724	7.89672569132238	100	0
chr1	15363575	15367062	Amillepora01380	7	0	0	0	0	0	0	0	0	0
chr1	15294414	15300707	Amillepora01374	4	0	0	0	0	0	0	0	0	0
chr1	15306948	15327833	Amillepora01376	28	1	0.03571428571428571	0.03571428571428571	3.5714285714285716	0	18.898223650461347	3.571428571428571	100	0
chr1	15233374	15263218	Amillepora01372	33	0	0	0	0	0	0	0	0	0
chr1	15264975	15290119	Amillepora01373	21	0	0	0	0	0	0	0	0	0
chr1	15390877	15393449	Amillepora01382	5	0	0	0	0	0	0	0	0	0
chr1	15414181	15418589	Amillepora01383	5	0	0	0	0	0	0	0	0	0
chr1	15462163	15467664	Amillepora01388	6	0	0	0	0	0	0	0	0	0
chr1	15448445	15461083	Amillepora01387	8	0	0	0	0	0	0	0	0	0
chr1	15435362	15445389	Amillepora01385	12	2	0.16666666666666666	0.16666666666666666	16.666666666666668	0	38.92494720807615	11.236664374387368	100	0
chr1	15425565	15435203	Amillepora01384	7	0	0	0	0	0	0	0	0	0
chr1	15543157	15551844	Amillepora01393	26	0	0	0	0	0	0	0	0	0
chr1	15561583	15589351	Amillepora01397	36	2	0.05555555555555555	0.05555555555555555	5.555555555555555	0	23.231068414572317	3.8718447357620533	100	0
chr1	15492629	15499027	Amillepora01390	8	1	0.125	0.125	12.5	0	35.35533905932738	12.5	100	0
chr1	15482955	15489833	Amillepora01389	3	2	0.6666666666666666	0.6666666666666666	66.66666666666667	100	57.73502691896258	33.333333333333336	100	0
chr1	15499711	15509596	Amillepora01391	5	3	0.6	0.6	60	100	54.772255750516614	24.49489742783178	100	0
chr1	15545580	15551844	Amillepora01394	22	0	0	0	0	0	0	0	0	0
chr1	15524512	15538341	Amillepora01392	4	2	0.5	0.5	50	50	57.735026918962575	28.867513459481287	100	0
chr1	15596925	15603408	Amillepora01399	13	1	0.07692307692307693	0.07692307692307693	7.6923076923076925	0	27.735009811261456	7.6923076923076925	100	0
chr1	15636218	15644372	Amillepora01403	7	3	0.42857142857142855	0.42857142857142855	42.857142857142854	0	53.45224838248488	20.203050891044217	100	0
chr1	15611758	15630959	Amillepora01401	21	1	0.047619047619047616	0.047619047619047616	4.761904761904762	0	21.82178902359924	4.761904761904762	100	0
chr1	15679427	15685197	Amillepora01407	20	1	0.05	0.05	5	0	22.360679774997898	5	100	0
chr1	15652627	15652932	Amillepora01405	2	0	0	0	0	0	0	0	0	0
chr1	15668906	15674357	Amillepora01406	3	0	0	0	0	0	0	0	0	0
chr1	15745052	15753080	Amillepora01414	1	1	1	1	100	100	NA	NA	100	100
chr1	15686570	15704933	Amillepora01408	33	1	0.030303030303030304	0.030303030303030304	3.0303030303030303	0	17.40776559556977	3.03030303030303	100	0
chr1	15863085	15867172	Amillepora01421	1	1	1	1	100	100	NA	NA	100	100
chr1	15877183	15885237	Amillepora01422	1	0	0	0	0	0	NA	NA	0	0
chr1	15802283	15811681	Amillepora01417	3	0	0	0	0	0	0	0	0	0
chr1	15773046	15799785	Amillepora01416	7	0	0	0	0	0	0	0	0	0
chr1	15829999	15857450	Amillepora01420	6	0	0	0	0	0	0	0	0	0
chr1	15812251	15825436	Amillepora01418	5	0	0	0	0	0	0	0	0	0
chr1	15941272	15950735	Amillepora01428	7	0	0	0	0	0	0	0	0	0
chr1	15928976	15935721	Amillepora01427	1	0	0	0	0	0	NA	NA	0	0
chr1	15904321	15914358	Amillepora01424	2	0	0	0	0	0	0	0	0	0
chr1	15968567	15975582	Amillepora01429	1	0	0	0	0	0	NA	NA	0	0
chr1	15977466	16012597	Amillepora01430	7	0	0	0	0	0	0	0	0	0
chr1	16042869	16101636	Amillepora01436	8	1	0.125	0.125	12.5	0	35.35533905932738	12.5	100	0
chr1	16128238	16130928	Amillepora01440	1	1	1	1	100	100	NA	NA	100	100
chr1	16106243	16127394	Amillepora01437	4	1	0.25	0.25	25	0	50	25	100	0
chr1	16152308	16198182	Amillepora01446	18	0	0	0	0	0	0	0	0	0
chr1	16271782	16273697	Amillepora01452	1	0	0	0	0	0	NA	NA	0	0
chr1	16282634	16302839	Amillepora01456	4	1	0.25	0.25	25	0	50	25	100	0
chr1	16307389	16365741	Amillepora01458	12	1	0.08333333333333333	0.08333333333333333	8.333333333333334	0	28.867513459481305	8.333333333333334	100	0
chr1	16210893	16259423	Amillepora01447	4	1	0.25	0.25	25	0	50	25	100	0
chr1	16427766	16434613	Amillepora01465	1	0	0	0	0	0	NA	NA	0	0
chr1	16387751	16390270	Amillepora01462	1	0	0	0	0	0	NA	NA	0	0
chr1	16413386	16432658	Amillepora01464	6	3	0.5	0.5	50	50	54.772255750516614	22.3606797749979	100	0
chr1	16492084	16511668	Amillepora01468	23	2	0.08695652173913043	0.08695652173913043	8.695652173913043	0	28.810406552003037	6.007385040937022	100	0
chr1	16566487	16573372	Amillepora01471	3	1	0.3333333333333333	0.3333333333333333	33.333333333333336	0	57.735026918962575	33.333333333333336	100	0
chr1	16519969	16556582	Amillepora01469	43	0	0	0	0	0	0	0	0	0
chr1	16565100	16566344	Amillepora01470	1	0	0	0	0	0	NA	NA	0	0
chr1	16648289	16654923	Amillepora01480	2	1	0.5	0.5	50	50	70.71067811865476	50	100	0
chr1	16604326	16613165	Amillepora01474	3	2	0.6666666666666666	0.6666666666666666	66.66666666666667	100	57.735026918962575	33.333333333333336	100	0
chr1	16624295	16633742	Amillepora01478	3	0	0	0	0	0	0	0	0	0
chr1	16642476	16643141	Amillepora01479	1	1	1	1	100	100	NA	NA	100	100
chr1	16577670	16598770	Amillepora01473	13	4	0.3076923076923077	0.3076923076923077	30.76923076923077	0	48.03844614152614	13.323467750529826	100	0
chr1	16661250	16698171	Amillepora01481	22	9	0.4090909090909091	0.4090909090909091	40.90909090909091	0	50.323627974019644	10.729033533674224	100	0
chr1	16758925	16769949	Amillepora01487	2	0	0	0	0	0	0	0	0	0
chr1	16702417	16719660	Amillepora01483	14	3	0.21428571428571427	0.21428571428571427	21.428571428571427	0	42.581531362632	11.380392954509878	100	0
chr1	16734387	16740527	Amillepora01485	8	0	0	0	0	0	0	0	0	0
chr1	16722316	16725724	Amillepora01484	2	0	0	0	0	0	0	0	0	0
chr1	16744232	16749231	Amillepora01486	11	1	0.09090909090909091	0.09090909090909091	9.090909090909092	0	30.151134457776358	9.09090909090909	100	0
chr1	16698728	16702335	Amillepora01482	2	1	0.5	0.5	50	50	70.71067811865476	50	100	0
chr1	16842138	16848568	Amillepora01492	5	0	0	0	0	0	0	0	0	0
chr1	16955777	16966831	Amillepora01505	3	1	0.3333333333333333	0.3333333333333333	33.333333333333336	0	57.735026918962575	33.333333333333336	100	0
chr1	16943902	16951031	Amillepora01504	1	0	0	0	0	0	NA	NA	0	0
chr1	16969802	16989615	Amillepora01507	2	0	0	0	0	0	0	0	0	0
chr1	17047729	17057649	Amillepora01513	3	2	0.6666666666666666	0.6666666666666666	66.66666666666667	100	57.73502691896258	33.333333333333336	100	0
chr1	17059217	17071601	Amillepora01515	3	1	0.3333333333333333	0.3333333333333333	33.333333333333336	0	57.735026918962575	33.333333333333336	100	0
chr1	17035031	17047650	Amillepora01512	2	0	0	0	0	0	0	0	0	0
chr1	17014852	17015637	Amillepora01510	3	0	0	0	0	0	0	0	0	0
chr1	17079303	17082909	Amillepora01517	1	0	0	0	0	0	NA	NA	0	0
chr1	17151899	17173518	Amillepora01519	2	0	0	0	0	0	0	0	0	0
chr1	17145572	17151970	Amillepora01518	1	0	0	0	0	0	NA	NA	0	0
chr1	17191620	17194795	Amillepora01528	2	2	1	1	100	100	0	0	100	100
chr1	17341161	17346919	Amillepora01536	1	0	0	0	0	0	NA	NA	0	0
chr1	17458988	17461387	Amillepora01540	2	0	0	0	0	0	0	0	0	0
chr1	17557724	17560729	Amillepora01547	1	0	0	0	0	0	NA	NA	0	0
chr1	17509572	17523720	Amillepora01544	2	0	0	0	0	0	0	0	0	0
chr1	17640356	17642025	Amillepora01549	5	1	0.2	0.2	20	0	44.721359549995796	20	100	0
chr1	17665126	17665894	Amillepora01551	1	1	1	1	100	100	NA	NA	100	100
chr1	17642256	17644872	Amillepora01550	7	2	0.2857142857142857	0.2857142857142857	28.571428571428573	0	48.79500364742666	18.442777839082936	100	0
chr1	17673540	17677402	Amillepora01552	1	1	1	1	100	100	NA	NA	100	100
chr1	17715691	17732196	Amillepora01561	13	6	0.46153846153846156	0.5	46.15384615384615	0	51.887452166277086	14.390989949130546	100	0
chr1	17754892	17759326	Amillepora01563	1	0	0	0	0	0	NA	NA	0	0
chr1	17764512	17773316	Amillepora01564	4	0	0	0	0	0	0	0	0	0
chr1	17695481	17696009	Amillepora01558	1	1	1	1	100	100	NA	NA	100	100
chr1	17697612	17699220	Amillepora01560	1	1	1	1	100	100	NA	NA	100	100
chr1	17779360	17793296	Amillepora01566	13	0	0	0	0	0	0	0	0	0
chr1	17872421	17878800	Amillepora01574	3	0	0	0	0	0	0	0	0	0
chr1	17800701	17805622	Amillepora01568	4	0	0	0	0	0	0	0	0	0
chr1	17953534	17957766	Amillepora01580	7	1	0.14285714285714285	0.14285714285714285	14.285714285714286	0	37.79644730092272	14.285714285714285	100	0
chr1	17960014	17968992	Amillepora01581	7	0	0	0	0	0	0	0	0	0
chr1	17945486	17952978	Amillepora01579	19	1	0.05263157894736842	0.05263157894736842	5.2631578947368425	0	22.941573387056177	5.263157894736841	100	0
chr1	17923804	17925901	Amillepora01577	2	0	0	0	0	0	0	0	0	0
chr1	17974264	17980580	Amillepora01582	5	0	0	0	0	0	0	0	0	0
chr1	17903761	17915874	Amillepora01576	19	2	0.10526315789473684	0.10526315789473684	10.526315789473685	0	31.530176764230585	7.233518641434491	100	0
chr1	17931123	17933738	Amillepora01578	1	0	0	0	0	0	NA	NA	0	0
chr1	18047190	18050391	Amillepora01592	3	2	0.6666666666666666	0.6666666666666666	66.66666666666667	100	57.73502691896258	33.333333333333336	100	0
chr1	18015929	18021534	Amillepora01589	4	0	0	0	0	0	0	0	0	0
chr1	17991084	17994143	Amillepora01584	3	0	0	0	0	0	0	0	0	0
chr1	18023337	18046590	Amillepora01590	31	1	0.03225806451612903	0.03225806451612903	3.225806451612903	0	17.960530202677496	3.2258064516129035	100	0
chr1	18000036	18007067	Amillepora01586	4	1	0.25	0.25	25	0	50	25	100	0
chr1	18059943	18067278	Amillepora01593	3	1	0.3333333333333333	0.3333333333333333	33.333333333333336	0	57.735026918962575	33.333333333333336	100	0
chr1	17983360	17990636	Amillepora01583	5	0	0	0	0	0	0	0	0	0
chr1	18151915	18155180	Amillepora01598	3	0	0	0	0	0	0	0	0	0
chr1	18157187	18160098	Amillepora01599	2	0	0	0	0	0	0	0	0	0
chr1	18084603	18095823	Amillepora01595	9	1	0.1111111111111111	0.1111111111111111	11.11111111111111	0	33.333333333333336	11.111111111111112	100	0
chr1	18069636	18083815	Amillepora01594	21	0	0	0	0	0	0	0	0	0
chr1	18098003	18117493	Amillepora01596	23	0	0	0	0	0	0	0	0	0
chr1	18162862	18179460	Amillepora01600	19	1	0.05263157894736842	0.05263157894736842	5.2631578947368425	0	22.941573387056177	5.263157894736841	100	0
chr1	18120697	18151082	Amillepora01597	34	2	0.058823529411764705	0.058823529411764705	5.882352941176471	0	23.883257361061283	4.095944846016419	100	0
chr1	18211270	18260029	Amillepora01602	59	1	0.01694915254237288	0.01694915254237288	1.694915254237288	0	13.018891098082387	1.6949152542372883	100	0
chr1	18184006	18192694	Amillepora01601	13	0	0	0	0	0	0	0	0	0
chr1	18351114	18352153	Amillepora01609	1	0	0	0	0	0	NA	NA	0	0
chr1	18364324	18367327	Amillepora01610	4	0	0	0	0	0	0	0	0	0
chr1	18287760	18288743	Amillepora01604	1	0	0	0	0	0	NA	NA	0	0
chr1	18290764	18295498	Amillepora01605	5	0	0	0	0	0	0	0	0	0
chr1	18299129	18302918	Amillepora01606	3	1	0.3333333333333333	0.3333333333333333	33.333333333333336	0	57.735026918962575	33.333333333333336	100	0
chr1	18317114	18331623	Amillepora01607	14	1	0.07142857142857142	0.07142857142857142	7.142857142857143	0	26.72612419124244	7.142857142857143	100	0
chr1	18370552	18375028	Amillepora01611	7	1	0.14285714285714285	0.14285714285714285	14.285714285714286	0	37.79644730092272	14.285714285714285	100	0
chr1	18436184	18449779	Amillepora01616	15	0	0	0	0	0	0	0	0	0
chr1	18406511	18417680	Amillepora01612	19	2	0.10526315789473684	0.10526315789473684	10.526315789473685	0	31.530176764230585	7.233518641434491	100	0
chr1	18448122	18471163	Amillepora01617	22	2	0.09090909090909091	0.09090909090909091	9.090909090909092	0	29.42449431682498	6.273323266748674	100	0
chr1	18422015	18435935	Amillepora01614	9	1	0.1111111111111111	0.1111111111111111	11.11111111111111	0	33.333333333333336	11.111111111111112	100	0
chr1	18510106	18524708	Amillepora01619	21	1	0.047619047619047616	0.047619047619047616	4.761904761904762	0	21.821789023599244	4.761904761904762	100	0
chr1	18498112	18499684	Amillepora01618	1	0	0	0	0	0	NA	NA	0	0
chr1	18531260	18538006	Amillepora01620	8	0	0	0	0	0	0	0	0	0
chr1	18552072	18555289	Amillepora01621	4	0	0	0	0	0	0	0	0	0
chr1	18772751	18773516	Amillepora01678	1	1	1	1	100	100	NA	NA	100	100
chr1	18838979	18842959	Amillepora01681	1	0	0	0	0	0	NA	NA	0	0
chr1	18801555	18804902	Amillepora01679	1	0	0	0	0	0	NA	NA	0	0
chr1	18870708	18871133	Amillepora01684	3	0	0	0	0	0	0	0	0	0
chr1	18868833	18870653	Amillepora01683	1	0	0	0	0	0	NA	NA	0	0
chr1	18871622	18873238	Amillepora01685	3	2	0.6666666666666666	0.6666666666666666	66.66666666666667	100	57.73502691896258	33.333333333333336	100	0
chr1	18833324	18835937	Amillepora01680	1	0	0	0	0	0	NA	NA	0	0
chr1	18961564	18965046	Amillepora01697	2	1	0.5	0.5	50	50	70.71067811865476	50	100	0
chr1	18948963	18953618	Amillepora01695	1	0	0	0	0	0	NA	NA	0	0
chr1	18913652	18914799	Amillepora01690	1	1	1	1	100	100	NA	NA	100	100
chr1	18930172	18931206	Amillepora01692	1	1	1	1	100	100	NA	NA	100	100
chr1	18937016	18947998	Amillepora01694	6	4	0.6666666666666666	0.6666666666666666	66.66666666666667	100	51.63977794943223	21.081851067789195	100	0
chr1	18912611	18913610	Amillepora01689	1	0	0	0	0	0	NA	NA	0	0
chr1	18915102	18916239	Amillepora01691	1	0	0	0	0	0	NA	NA	0	0
chr1	19022965	19024323	Amillepora01703	2	0	0	0	0	0	0	0	0	0
chr1	19000112	19004091	Amillepora01699	7	3	0.42857142857142855	0.42857142857142855	42.857142857142854	0	53.45224838248488	20.203050891044217	100	0
chr1	19024464	19027295	Amillepora01704	3	3	1	1	100	100	0	0	100	100
chr1	19079304	19080440	Amillepora01707	2	0	0	0	0	0	0	0	0	0
chr1	19045524	19076993	Amillepora01705	52	1	0.019230769230769232	0.018867924528301886	1.9230769230769231	0	13.867504905630728	1.9230769230769231	100	0
chr1	19081110	19103253	Amillepora01708	46	0	0	0	0	0	0	0	0	0
chr1	19183317	19192799	Amillepora01716	11	0	0	0	0	0	0	0	0	0
chr1	19200101	19204976	Amillepora01718	1	0	0	0	0	0	NA	NA	0	0
chr1	19268296	19274427	Amillepora01724	1	0	0	0	0	0	NA	NA	0	0
chr1	19258863	19260019	Amillepora01721	2	0	0	0	0	0	0	0	0	0
chr1	19194282	19217293	Amillepora01717	14	3	0.21428571428571427	0.21428571428571427	21.428571428571427	0	42.581531362632	11.380392954509878	100	0
chr1	19226029	19233969	Amillepora01719	5	0	0	0	0	0	0	0	0	0
chr1	19360552	19361947	Amillepora01731	2	0	0	0	0	0	0	0	0	0
chr1	19306099	19307285	Amillepora01727	3	1	0.3333333333333333	0.3333333333333333	33.333333333333336	0	57.735026918962575	33.333333333333336	100	0
chr1	19470623	19474801	Amillepora01735	17	1	0.058823529411764705	0.058823529411764705	5.882352941176471	0	24.253562503633297	5.88235294117647	100	0
chr1	19398899	19413369	Amillepora01733	7	3	0.42857142857142855	0.42857142857142855	42.857142857142854	0	53.452248382484875	20.203050891044217	100	0
chr1	19421625	19436341	Amillepora01734	18	2	0.1111111111111111	0.1111111111111111	11.11111111111111	0	32.33808333817772	7.622159339667059	100	0
chr1	19381430	19392459	Amillepora01732	3	2	0.6666666666666666	0.6666666666666666	66.66666666666667	100	57.73502691896258	33.333333333333336	100	0
chr1	19508320	19511301	Amillepora01738	10	0	0	0	0	0	0	0	0	0
chr1	19493538	19502803	Amillepora01737	16	0	0	0	0	0	0	0	0	0
chr1	19543843	19569812	Amillepora01739	27	0	0	0	0	0	0	0	0	0
chr1	19480959	19493426	Amillepora01736	6	2	0.3333333333333333	0.3333333333333333	33.333333333333336	0	51.63977794943222	21.081851067789195	100	0
chr1	19622683	19639305	Amillepora01745	3	0	0	0	0	0	0	0	0	0
chr1	19577593	19583975	Amillepora01741	7	0	0	0	0	0	0	0	0	0
chr1	19586971	19590799	Amillepora01742	12	0	0	0	0	0	0	0	0	0
chr1	19594800	19598996	Amillepora01743	9	0	0	0	0	0	0	0	0	0
chr1	19750452	19782535	Amillepora01760	31	0	0	0	0	0	0	0	0	0
chr1	19743374	19749550	Amillepora01759	4	0	0	0	0	0	0	0	0	0
chr1	19717875	19737441	Amillepora01756	4	3	0.75	0.75	75	100	50	25	100	0
chr1	19666964	19670746	Amillepora01749	1	0	0	0	0	0	NA	NA	0	0
chr1	19695690	19707185	Amillepora01753	1	0	0	0	0	0	NA	NA	0	0
chr1	19686379	19691045	Amillepora01752	1	0	0	0	0	0	NA	NA	0	0
chr1	19737561	19741164	Amillepora01758	2	0	0	0	0	0	0	0	0	0
chr1	19711517	19717753	Amillepora01755	3	0	0	0	0	0	0	0	0	0
chr1	19708093	19711171	Amillepora01754	3	0	0	0	0	0	0	0	0	0
chr1	19815294	19818032	Amillepora01766	4	0	0	0	0	0	0	0	0	0
chr1	19855961	19878140	Amillepora01772	22	2	0.09090909090909091	0.09090909090909091	9.090909090909092	0	29.424494316824976	6.273323266748674	100	0
chr1	19846752	19854276	Amillepora01771	13	1	0.07692307692307693	0.07692307692307693	7.6923076923076925	0	27.735009811261456	7.6923076923076925	100	0
chr1	19834234	19839117	Amillepora01769	7	2	0.2857142857142857	0.2857142857142857	28.571428571428573	0	48.79500364742666	18.442777839082936	100	0
chr1	19792749	19796481	Amillepora01763	2	0	0	0	0	0	0	0	0	0
chr1	19796665	19810110	Amillepora01765	2	0	0	0	0	0	0	0	0	0
chr1	19827204	19834162	Amillepora01768	9	0	0	0	0	0	0	0	0	0
chr1	19794829	19810735	Amillepora01764	4	2	0.5	0.5	50	50	57.735026918962575	28.867513459481287	100	0
chr1	19785547	19791468	Amillepora01762	6	1	0.16666666666666666	0.16666666666666666	16.666666666666668	0	40.82482904638629	16.66666666666667	100	0
chr1	19929348	19932910	Amillepora01779	3	0	0	0	0	0	0	0	0	0
chr1	19941508	19944507	Amillepora01780	3	0	0	0	0	0	0	0	0	0
chr1	19892722	19900449	Amillepora01774	3	0	0	0	0	0	0	0	0	0
chr1	19951459	19961377	Amillepora01782	7	2	0.2857142857142857	0.2857142857142857	28.571428571428573	0	48.79500364742666	18.442777839082936	100	0
chr1	19925205	19941337	Amillepora01778	24	3	0.125	0.125	12.5	0	33.78319623460881	6.89596605459213	100	0
chr1	19911757	19914356	Amillepora01776	8	1	0.125	0.125	12.5	0	35.35533905932738	12.5	100	0
chr1	19947811	19948752	Amillepora01781	1	0	0	0	0	0	NA	NA	0	0
chr1	19966262	19995636	Amillepora01783	25	3	0.12	0.12	12	0	33.166247903554	6.6332495807108005	100	0
chr1	20068171	20080120	Amillepora01788	3	2	0.6666666666666666	0.6666666666666666	66.66666666666667	100	57.73502691896258	33.333333333333336	100	0
chr1	20031723	20059365	Amillepora01784	75	2	0.02666666666666667	0.02666666666666667	2.6666666666666665	0	16.219218941214844	1.8728340843511757	100	0
chr1	20064069	20067981	Amillepora01787	5	0	0	0	0	0	0	0	0	0
chr1	20092630	20095630	Amillepora01790	2	0	0	0	0	0	0	0	0	0
chr1	20121025	20131853	Amillepora01791	6	6	1	1	100	100	0	0	100	100
chr1	20163223	20165427	Amillepora01794	2	2	1	1	100	100	0	0	100	100
chr1	20162161	20163215	Amillepora01793	2	1	0.5	0.5	50	50	70.71067811865476	50	100	0
chr1	20254497	20266962	Amillepora01802	15	1	0.06666666666666667	0.06666666666666667	6.666666666666667	0	25.81988897471611	6.666666666666666	100	0
chr1	20266232	20275226	Amillepora01803	16	0	0	0	0	0	0	0	0	0
chr1	20242014	20243444	Amillepora01801	3	1	0.3333333333333333	0.3333333333333333	33.333333333333336	0	57.735026918962575	33.333333333333336	100	0
chr1	20206354	20211855	Amillepora01796	4	0	0	0	0	0	0	0	0	0
chr1	20291462	20317563	Amillepora01804	23	0	0	0	0	0	0	0	0	0
chr1	20321075	20329101	Amillepora01805	7	0	0	0	0	0	0	0	0	0
chr1	20346104	20357774	Amillepora01806	3	0	0	0	0	0	0	0	0	0
chr1	20357911	20399441	Amillepora01807	26	2	0.07692307692307693	0.07692307692307693	7.6923076923076925	0	27.1746488194703	5.329387100211931	100	0
chr1	20399690	20408536	Amillepora01808	13	0	0	0	0	0	0	0	0	0
chr1	20633621	20636279	Amillepora01812	1	0	0	0	0	0	NA	NA	0	0
chr1	20765961	20784593	Amillepora01815	8	0	0	0	0	0	0	0	0	0
chr1	20764440	20765483	Amillepora01814	3	0	0	0	0	0	0	0	0	0
chr1	20794322	20842877	Amillepora01818	30	2	0.06666666666666667	0.06451612903225806	6.666666666666667	0	25.370813170246258	4.632055558531008	100	0
chr1	20848710	20861380	Amillepora01820	17	0	0	0	0	0	0	0	0	0
chr1	20788773	20794199	Amillepora01817	1	0	0	0	0	0	NA	NA	0	0
chr1	20937389	20942402	Amillepora01826	1	0	0	0	0	0	NA	NA	0	0
chr1	20889762	20896398	Amillepora01825	5	0	0	0	0	0	0	0	0	0
chr1	20951470	20955637	Amillepora01827	3	0	0	0	0	0	0	0	0	0
chr1	21076645	21083841	Amillepora01838	2	0	0	0	0	0	0	0	0	0
chr1	21210727	21218757	Amillepora01845	6	1	0.16666666666666666	0.16666666666666666	16.666666666666668	0	40.8248290463863	16.66666666666667	100	0
chr1	21193802	21197588	Amillepora01844	4	0	0	0	0	0	0	0	0	0
chr1	21246057	21304956	Amillepora01846	67	4	0.05970149253731343	0.05970149253731343	5.970149253731344	0	23.87211518300629	2.916443047517595	100	0
chr1	21305381	21315041	Amillepora01847	4	0	0	0	0	0	0	0	0	0
chr1	21323355	21341595	Amillepora01848	7	0	0	0	0	0	0	0	0	0
chr1	21358137	21371423	Amillepora01849	7	1	0.14285714285714285	0.14285714285714285	14.285714285714286	0	37.79644730092272	14.285714285714285	100	0
chr1	21442678	21446871	Amillepora01855	4	0	0	0	0	0	0	0	0	0
chr1	21387743	21392418	Amillepora01852	4	0	0	0	0	0	0	0	0	0
chr1	21662433	21664828	Amillepora01872	3	0	0	0	0	0	0	0	0	0
chr1	21678395	21682624	Amillepora01873	4	0	0	0	0	0	0	0	0	0
chr1	21642044	21678313	Amillepora01869	17	2	0.11764705882352941	0.11764705882352941	11.764705882352942	0	33.21055820775357	8.05474349272303	100	0
chr1	21610318	21614529	Amillepora01867	4	0	0	0	0	0	0	0	0	0
chr1	21734628	21749889	Amillepora01876	7	5	0.7142857142857143	0.7142857142857143	71.42857142857143	100	48.79500364742666	18.442777839082936	100	0
chr1	21691748	21719852	Amillepora01874	6	4	0.6666666666666666	0.6666666666666666	66.66666666666667	100	51.63977794943223	21.081851067789195	100	0
chr1	21780502	21786582	Amillepora01881	9	1	0.1111111111111111	0.1111111111111111	11.11111111111111	0	33.333333333333336	11.111111111111112	100	0
chr1	21857027	21858541	Amillepora01886	2	0	0	0	0	0	0	0	0	0
chr1	21979103	21988668	Amillepora01894	7	0	0	0	0	0	0	0	0	0
chr1	21944186	21957923	Amillepora01891	10	1	0.1	0.1	10	0	31.622776601683793	10	100	0
chr1	21964859	21977125	Amillepora01893	10	0	0	0	0	0	0	0	0	0
chr1	21933705	21940672	Amillepora01890	4	0	0	0	0	0	0	0	0	0
chr1	21921138	21922154	Amillepora01889	1	0	0	0	0	0	NA	NA	0	0
chr1	22034875	22042064	Amillepora01898	3	0	0	0	0	0	0	0	0	0
chr1	22067130	22068827	Amillepora01901	1	0	0	0	0	0	NA	NA	0	0
chr1	21989671	21998204	Amillepora01895	8	0	0	0	0	0	0	0	0	0
chr1	22068913	22070364	Amillepora01902	1	0	0	0	0	0	NA	NA	0	0
chr1	22088646	22094477	Amillepora01904	1	0	0	0	0	0	NA	NA	0	0
chr1	22182135	22188588	Amillepora01915	9	1	0.1111111111111111	0.1111111111111111	11.11111111111111	0	33.333333333333336	11.111111111111112	100	0
chr1	22123916	22125574	Amillepora01910	2	0	0	0	0	0	0	0	0	0
chr1	22116986	22121098	Amillepora01909	4	0	0	0	0	0	0	0	0	0
chr1	22098464	22100526	Amillepora01905	1	0	0	0	0	0	NA	NA	0	0
chr1	22268854	22275367	Amillepora01919	4	0	0	0	0	0	0	0	0	0
chr1	22277204	22328793	Amillepora01920	50	35	0.7	0.7	70	100	46.29100498862757	6.54653670707977	100	0
chr1	22311355	22314671	Amillepora01922	3	2	0.6666666666666666	0.6666666666666666	66.66666666666667	100	57.73502691896258	33.333333333333336	100	0
chr1	22317659	22318444	Amillepora01924	1	1	1	1	100	100	NA	NA	100	100
chr1	22441442	22455108	Amillepora01936	9	6	0.6666666666666666	0.6666666666666666	66.66666666666667	100	50	16.666666666666668	100	0
chr1	22346221	22412207	Amillepora01929	43	8	0.18604651162790697	0.18604651162790697	18.6046511627907	0	39.37496154790789	6.004625342957236	100	0
chr1	22490508	22512160	Amillepora01939	5	2	0.4	0.4	40	0	54.772255750516614	24.49489742783178	100	0
chr1	22524099	22553231	Amillepora01944	18	0	0	0	0	0	0	0	0	0
chr1	22516549	22520350	Amillepora01943	2	0	0	0	0	0	0	0	0	0
chr1	22619350	22626049	Amillepora01947	3	0	0	0	0	0	0	0	0	0
chr1	22651157	22671361	Amillepora01948	3	0	0	0	0	0	0	0	0	0
chr1	22671605	22702521	Amillepora01950	17	6	0.35294117647058826	0.35294117647058826	35.294117647058826	0	49.2592183071889	11.947115300935236	100	0
chr1	22773434	22775488	Amillepora01956	3	1	0.3333333333333333	0.3333333333333333	33.333333333333336	0	57.735026918962575	33.333333333333336	100	0
chr1	22725024	22728346	Amillepora01951	4	0	0	0	0	0	0	0	0	0
chr1	22853714	22861690	Amillepora01963	13	0	0	0	0	0	0	0	0	0
chr1	22792128	22793378	Amillepora01957	1	1	1	1	100	100	NA	NA	100	100
chr1	22840187	22852507	Amillepora01962	9	3	0.3333333333333333	0.3333333333333333	33.333333333333336	0	50	16.666666666666668	100	0
chr1	22939873	22953424	Amillepora01970	15	1	0.06666666666666667	0.06666666666666667	6.666666666666667	0	25.819888974716115	6.666666666666666	100	0
chr1	22906699	22908243	Amillepora01967	1	0	0	0	0	0	NA	NA	0	0
chr1	22954963	22955745	Amillepora01971	1	0	0	0	0	0	NA	NA	0	0
chr1	22966140	22969311	Amillepora01973	8	0	0	0	0	0	0	0	0	0
chr1	23005553	23009084	Amillepora01977	1	0	0	0	0	0	NA	NA	0	0
chr1	22969424	23003523	Amillepora01974	36	2	0.05555555555555555	0.05555555555555555	5.555555555555555	0	23.231068414572313	3.8718447357620533	100	0
chr1	23074563	23075750	Amillepora01979	2	0	0	0	0	0	0	0	0	0
chr1	23075870	23079334	Amillepora01980	2	0	0	0	0	0	0	0	0	0
chr1	23123206	23158120	Amillepora01983	42	2	0.047619047619047616	0.047619047619047616	4.761904761904762	0	21.5540268704521	3.3258585512837056	100	0
chr1	23091808	23096730	Amillepora01982	1	0	0	0	0	0	NA	NA	0	0
chr1	23241186	23251607	Amillepora01995	2	1	0.5	0.5	50	50	70.71067811865476	50	100	0
chr1	23271454	23278819	Amillepora01997	6	0	0	0	0	0	0	0	0	0
chr1	23200280	23210232	Amillepora01990	2	0	0	0	0	0	0	0	0	0
chr1	23166999	23193604	Amillepora01988	13	2	0.15384615384615385	0.15384615384615385	15.384615384615385	0	37.553380809940535	10.415433852097385	100	0
chr1	23194166	23199022	Amillepora01989	4	0	0	0	0	0	0	0	0	0
chr1	23366387	23373182	Amillepora02001	1	1	1	1	100	100	NA	NA	100	100
chr1	23281642	23308931	Amillepora01999	17	5	0.29411764705882354	0.29411764705882354	29.41176470588235	0	46.96682183138622	11.391127488845344	100	0
chr1	23375737	23378715	Amillepora02002	4	0	0	0	0	0	0	0	0	0
chr1	23280056	23299185	Amillepora01998	8	4	0.5	0.5	50	50	53.45224838248488	18.89822365046136	100	0
chr1	23213423	23223432	Amillepora01992	18	4	0.2222222222222222	0.2222222222222222	22.22222222222222	0	42.77926319464986	10.08316903303367	100	0
chr1	23310618	23347725	Amillepora02000	34	2	0.058823529411764705	0.058823529411764705	5.882352941176471	0	23.883257361061286	4.095944846016419	100	0
chr1	23252720	23271284	Amillepora01996	11	6	0.5454545454545454	0.5454545454545454	54.54545454545455	100	52.22329678670935	15.745916432444341	100	0
chr1	23227526	23241139	Amillepora01993	4	3	0.75	0.75	75	100	50	25	100	0
chr1	23474537	23475825	Amillepora02012	1	0	0	0	0	0	NA	NA	0	0
chr1	23440359	23442331	Amillepora02009	5	0	0	0	0	0	0	0	0	0
chr1	23391582	23392214	Amillepora02004	1	0	0	0	0	0	NA	NA	0	0
chr1	23454222	23456803	Amillepora02011	4	1	0.25	0.25	25	0	50	25	100	0
chr1	23427282	23430662	Amillepora02008	1	0	0	0	0	0	NA	NA	0	0
chr1	23418453	23422652	Amillepora02006	4	0	0	0	0	0	0	0	0	0
chr1	23564050	23569996	Amillepora02017	4	0	0	0	0	0	0	0	0	0
chr1	23570923	23584239	Amillepora02019	15	0	0	0	0	0	0	0	0	0
chr1	23553245	23562040	Amillepora02016	10	0	0	0	0	0	0	0	0	0
chr1	23497465	23498568	Amillepora02013	1	0	0	0	0	0	NA	NA	0	0
chr1	23596823	23602440	Amillepora02022	1	0	0	0	0	0	NA	NA	0	0
chr1	23628557	23669484	Amillepora02025	17	4	0.23529411764705882	0.23529411764705882	23.529411764705884	0	43.72373160976031	10.604562574894086	100	0
chr1	23610344	23613324	Amillepora02023	6	0	0	0	0	0	0	0	0	0
chr1	23594323	23596624	Amillepora02021	2	0	0	0	0	0	0	0	0	0
chr1	23618193	23647328	Amillepora02024	18	3	0.16666666666666666	0.16666666666666666	16.666666666666668	0	38.34824944236851	9.03876907577734	100	0
chr1	23587245	23589654	Amillepora02020	1	0	0	0	0	0	NA	NA	0	0
chr1	23708299	23711394	Amillepora02026	5	0	0	0	0	0	0	0	0	0
chr1	23746725	23749295	Amillepora02028	5	0	0	0	0	0	0	0	0	0
chr1	23723050	23726837	Amillepora02027	9	0	0	0	0	0	0	0	0	0
chr1	23833876	23853178	Amillepora02034	21	2	0.09523809523809523	0.09523809523809523	9.523809523809524	0	30.07926037591192	6.563832739090582	100	0
chr1	23802581	23804280	Amillepora02031	3	1	0.3333333333333333	0.3333333333333333	33.333333333333336	0	57.735026918962575	33.333333333333336	100	0
chr1	23810993	23824022	Amillepora02032	4	2	0.5	0.5	50	50	57.735026918962575	28.867513459481287	100	0
chr1	23910524	23912244	Amillepora02040	1	0	0	0	0	0	NA	NA	0	0
chr1	23890849	23906527	Amillepora02038	16	0	0	0	0	0	0	0	0	0
chr1	23883904	23889455	Amillepora02037	4	0	0	0	0	0	0	0	0	0
chr1	23911406	23936510	Amillepora02041	13	2	0.15384615384615385	0.15384615384615385	15.384615384615385	0	37.553380809940535	10.415433852097385	100	0
chr1	23963490	23977002	Amillepora02045	4	3	0.75	0.75	75	100	50	25	100	0
chr1	24011888	24012492	Amillepora02048	1	1	1	1	100	100	NA	NA	100	100
chr1	24026142	24033348	Amillepora02050	1	0	0	0	0	0	NA	NA	0	0
chr1	24045227	24051418	Amillepora02052	1	0	0	0	0	0	NA	NA	0	0
chr1	24061953	24063575	Amillepora02053	1	1	1	1	100	100	NA	NA	100	100
chr1	24080080	24085849	Amillepora02055	2	1	0.5	0.5	50	50	70.71067811865476	50	100	0
chr1	24103417	24105367	Amillepora02058	3	2	0.6666666666666666	0.6666666666666666	66.66666666666667	100	57.73502691896258	33.333333333333336	100	0
chr1	24099386	24099858	Amillepora02057	1	1	1	1	100	100	NA	NA	100	100
chr1	24231952	24280550	Amillepora02065	4	3	0.75	0.75	75	100	50	25	100	0
chr1	24210002	24222039	Amillepora02063	4	2	0.5	0.5	50	50	57.735026918962575	28.867513459481287	100	0
chr1	24165777	24172328	Amillepora02060	3	1	0.3333333333333333	0.3333333333333333	33.333333333333336	0	57.735026918962575	33.333333333333336	100	0
chr1	24346993	24349796	Amillepora02073	1	0	0	0	0	0	NA	NA	0	0
chr1	24344312	24346232	Amillepora02072	1	0	0	0	0	0	NA	NA	0	0
chr1	24292147	24294774	Amillepora02069	2	1	0.5	0.5	50	50	70.71067811865476	50	100	0
chr1	24445140	24445739	Amillepora02079	1	1	1	1	100	100	NA	NA	100	100
chr1	24414800	24421645	Amillepora02076	2	1	0.5	0.5	50	50	70.71067811865476	50	100	0
chr1	24443080	24444470	Amillepora02077	4	3	0.75	0.75	75	100	50	25	100	0
chr1	24392545	24394149	Amillepora02075	1	1	1	1	100	100	NA	NA	100	100
chr1	24525958	24562018	Amillepora02086	14	5	0.35714285714285715	0.35714285714285715	35.714285714285715	0	49.72451580988469	13.289435848843764	100	0
chr1	24579366	24586886	Amillepora02088	2	0	0	0	0	0	0	0	0	0
chr1	24587144	24596779	Amillepora02089	4	2	0.5	0.5	50	50	57.735026918962575	28.867513459481287	100	0
chr1	24677700	24703235	Amillepora02095	20	0	0	0	0	0	0	0	0	0
chr1	24659020	24669933	Amillepora02093	5	3	0.6	0.6	60	100	54.772255750516614	24.49489742783178	100	0
chr1	24671319	24674721	Amillepora02094	1	1	1	1	100	100	NA	NA	100	100
chr1	24798673	24841150	Amillepora02102	35	3	0.08571428571428572	0.08571428571428572	8.571428571428571	0	28.40286409986907	4.800960288096033	100	0
chr1	25073370	25075107	Amillepora02117	4	1	0.25	0.25	25	0	50	25	100	0
chr1	24986824	24988843	Amillepora02110	1	0	0	0	0	0	NA	NA	0	0
chr1	25037080	25046172	Amillepora02113	4	0	0	0	0	0	0	0	0	0
chr1	25159742	25161309	Amillepora02125	1	0	0	0	0	0	NA	NA	0	0
chr1	25101603	25108660	Amillepora02120	2	0	0	0	0	0	0	0	0	0
chr1	25216252	25218638	Amillepora02128	1	0	0	0	0	0	NA	NA	0	0
chr1	25328842	25343432	Amillepora02133	2	0	0	0	0	0	0	0	0	0
chr1	25309980	25310393	Amillepora02132	1	0	0	0	0	0	NA	NA	0	0
chr1	25306971	25309879	Amillepora02131	3	0	0	0	0	0	0	0	0	0
chr1	25438327	25440587	Amillepora02138	1	0	0	0	0	0	NA	NA	0	0
chr1	25551028	25552841	Amillepora02183	1	0	0	0	0	0	NA	NA	0	0
chr1	25499582	25502062	Amillepora02177	3	0	0	0	0	0	0	0	0	0
chr1	25649321	25664034	Amillepora02194	12	7	0.5833333333333334	0.5833333333333334	58.333333333333336	100	51.49286505444372	14.864709750264078	100	0
chr1	25665091	25666348	Amillepora02195	1	1	1	1	100	100	NA	NA	100	100
chr1	25613031	25615910	Amillepora02188	1	0	0	0	0	0	NA	NA	0	0
chr1	25666350	25670022	Amillepora02196	2	1	0.5	0.5	50	50	70.71067811865476	50	100	0
chr1	25648101	25649170	Amillepora02193	1	1	1	1	100	100	NA	NA	100	100
chr1	25706939	25712030	Amillepora02198	1	0	0	0	0	0	NA	NA	0	0
chr1	25750850	25752247	Amillepora02204	3	3	1	1	100	100	0	0	100	100
chr1	25683944	25706153	Amillepora02197	7	4	0.5714285714285714	0.5714285714285714	57.142857142857146	100	53.45224838248488	20.203050891044217	100	0
chr1	25733636	25738266	Amillepora02201	5	3	0.6	0.6	60	100	54.772255750516614	24.49489742783178	100	0
chr1	25719955	25721045	Amillepora02200	1	1	1	1	100	100	NA	NA	100	100
chr1	25964839	25982808	Amillepora02212	2	0	0	0	0	0	0	0	0	0
chr1	25889871	25890522	Amillepora02207	1	0	0	0	0	0	NA	NA	0	0
chr1	25947431	25949261	Amillepora02210	2	1	0.5	0.5	50	50	70.71067811865476	50	100	0
chr1	25988263	25995560	Amillepora02213	2	0	0	0	0	0	0	0	0	0
chr1	26071906	26077840	Amillepora02214	2	0	0	0	0	0	0	0	0	0
chr1	26225420	26227406	Amillepora02219	1	0	0	0	0	0	NA	NA	0	0
chr1	26266599	26269044	Amillepora02222	2	1	0.5	0.5	50	50	70.71067811865476	50	100	0
chr1	26465142	26465751	Amillepora02234	1	0	0	0	0	0	NA	NA	0	0
chr1	26465780	26467617	Amillepora02235	3	1	0.3333333333333333	0.3333333333333333	33.333333333333336	0	57.735026918962575	33.333333333333336	100	0
chr1	26401347	26410067	Amillepora02231	3	0	0	0	0	0	0	0	0	0
chr1	26556325	26586309	Amillepora02240	11	0	0	0	0	0	0	0	0	0
chr1	26547708	26556015	Amillepora02239	2	0	0	0	0	0	0	0	0	0
chr1	26587352	26587980	Amillepora02244	1	0	0	0	0	0	NA	NA	0	0
chr1	26752089	26756649	Amillepora02248	24	12	0.5	0.48	47.916666666666664	25	49.9546896146173	10.196958317910203	100	0
chr1	26818613	26822868	Amillepora02252	2	0	0	0	0	0	0	0	0	0
chr1	26978495	26979982	Amillepora02259	2	0	0	0	0	0	0	0	0	0
chr1	26984030	26992422	Amillepora02260	2	0	0	0	0	0	0	0	0	0
chr1	27173337	27174713	Amillepora02273	2	1	0.5	0.5	50	50	70.71067811865476	50	100	0
chr1	27156162	27157415	Amillepora02269	2	0	0	0	0	0	0	0	0	0
chr1	27154899	27155346	Amillepora02268	1	0	0	0	0	0	NA	NA	0	0
chr1	27184064	27198225	Amillepora02275	4	0	0	0	0	0	0	0	0	0
chr1	27164618	27184279	Amillepora02270	13	4	0.3076923076923077	0.3076923076923077	30.76923076923077	0	48.03844614152614	13.323467750529826	100	0
chr1	27185671	27197538	Amillepora02276	4	0	0	0	0	0	0	0	0	0
chr1	27341801	27347122	Amillepora02293	2	0	0	0	0	0	0	0	0	0
chr1	27348396	27354076	Amillepora02294	1	0	0	0	0	0	NA	NA	0	0
chr1	27322311	27340544	Amillepora02292	14	1	0.07142857142857142	0.07142857142857142	7.142857142857143	0	26.726124191242445	7.142857142857143	100	0
chr1	27422752	27423253	Amillepora02298	1	0	0	0	0	0	NA	NA	0	0
chr1	27587281	27589222	Amillepora02304	3	0	0	0	0	0	0	0	0	0
chr1	27487279	27489922	Amillepora02300	4	0	0	0	0	0	0	0	0	0
chr1	27621732	27622382	Amillepora02307	3	0	0	0	0	0	0	0	0	0
chr1	27671294	27673536	Amillepora02308	2	0	0	0	0	0	0	0	0	0
chr1	27773394	27784955	Amillepora02318	2	0	0	0	0	0	0	0	0	0
chr1	27715965	27716483	Amillepora02311	1	0	0	0	0	0	NA	NA	0	0
chr1	27746375	27748351	Amillepora02316	3	1	0.3333333333333333	0.3333333333333333	33.333333333333336	0	57.735026918962575	33.333333333333336	100	0
chr1	27784652	27814947	Amillepora02319	11	1	0.09090909090909091	0.09090909090909091	9.090909090909092	0	30.151134457776354	9.09090909090909	100	0
chr1	27902183	27909712	Amillepora02326	3	0	0	0	0	0	0	0	0	0
chr1	27947126	27951825	Amillepora02330	3	0	0	0	0	0	0	0	0	0
chr1	27917402	27925921	Amillepora02328	4	0	0	0	0	0	0	0	0	0
chr1	28049975	28053057	Amillepora02342	1	0	0	0	0	0	NA	NA	0	0
chr1	28000438	28004265	Amillepora02336	4	1	0.25	0.25	25	0	50	25	100	0
chr1	28049117	28049656	Amillepora02341	1	1	1	1	100	100	NA	NA	100	100
chr1	28057331	28061581	Amillepora02344	2	0	0	0	0	0	0	0	0	0
chr1	28017394	28025869	Amillepora02339	9	3	0.3333333333333333	0.3333333333333333	33.333333333333336	0	49.99999999999999	16.666666666666668	100	0
chr1	28083111	28091617	Amillepora02346	4	1	0.25	0.25	25	0	50	25	100	0
chr1	28166176	28176790	Amillepora02356	3	1	0.3333333333333333	0.3333333333333333	33.333333333333336	0	57.735026918962575	33.333333333333336	100	0
chr1	28157319	28159938	Amillepora02355	1	0	0	0	0	0	NA	NA	0	0
chr1	28211484	28213404	Amillepora02357	1	1	1	1	100	100	NA	NA	100	100
chr1	28248540	28249595	Amillepora02361	1	1	1	1	100	100	NA	NA	100	100
chr1	28231749	28232561	Amillepora02358	1	1	1	1	100	100	NA	NA	100	100
chr1	28259678	28260351	Amillepora02362	1	0	0	0	0	0	NA	NA	0	0
chr1	28234922	28243596	Amillepora02359	1	1	1	1	100	100	NA	NA	100	100
chr1	28261461	28262651	Amillepora02363	1	0	0	0	0	0	NA	NA	0	0
chr1	28355933	28371024	Amillepora02373	4	0	0	0	0	0	0	0	0	0
chr1	28330370	28336770	Amillepora02371	3	0	0	0	0	0	0	0	0	0
chr1	28338239	28340384	Amillepora02372	1	0	0	0	0	0	NA	NA	0	0
chr1	28289228	28289594	Amillepora02367	1	0	0	0	0	0	NA	NA	0	0
chr1	28396695	28400816	Amillepora02376	1	0	0	0	0	0	NA	NA	0	0
chr1	28481127	28483690	Amillepora02386	1	0	0	0	0	0	NA	NA	0	0
chr1	28430015	28433865	Amillepora02379	4	0	0	0	0	0	0	0	0	0
chr1	28425585	28426139	Amillepora02377	1	0	0	0	0	0	NA	NA	0	0
chr1	28426146	28429396	Amillepora02378	2	0	0	0	0	0	0	0	0	0
chr1	28456346	28457472	Amillepora02384	2	1	0.5	0.5	50	50	70.71067811865476	50	100	0
chr1	28554646	28557447	Amillepora02387	2	0	0	0	0	0	0	0	0	0
chr1	28569357	28587315	Amillepora02389	20	2	0.1	0.1	10	0	30.779350562554622	6.882472016116853	100	0
chr1	28591943	28594486	Amillepora02390	5	0	0	0	0	0	0	0	0	0
chr1	28649244	28651618	Amillepora02393	1	1	1	1	100	100	NA	NA	100	100
chr1	28651814	28653460	Amillepora02394	3	1	0.3333333333333333	0.3333333333333333	33.333333333333336	0	57.735026918962575	33.333333333333336	100	0
chr1	28737589	28742369	Amillepora02400	2	1	0.5	0.5	50	50	70.71067811865476	50	100	0
chr1	28752559	28757250	Amillepora02402	7	2	0.2857142857142857	0.2857142857142857	28.571428571428573	0	48.79500364742666	18.442777839082936	100	0
chr1	28742400	28745094	Amillepora02401	1	0	0	0	0	0	NA	NA	0	0
chr1	28718019	28721135	Amillepora02399	4	0	0	0	0	0	0	0	0	0
chr1	28831718	28834275	Amillepora02412	2	0	0	0	0	0	0	0	0	0
chr1	28874501	28876027	Amillepora02415	1	0	0	0	0	0	NA	NA	0	0
chr1	28852755	28855597	Amillepora02414	4	3	0.75	0.75	75	100	50	25	100	0
chr1	28815729	28820045	Amillepora02411	4	3	0.75	0.75	75	100	50	25	100	0
chr1	29004339	29007024	Amillepora02426	3	0	0	0	0	0	0	0	0	0
chr1	29060567	29060932	Amillepora02432	1	0	0	0	0	0	NA	NA	0	0
chr1	29169682	29180644	Amillepora02440	1	0	0	0	0	0	NA	NA	0	0
chr1	29080445	29101501	Amillepora02434	3	0	0	0	0	0	0	0	0	0
chr1	29268123	29270106	Amillepora02445	8	3	0.375	0.375	37.5	0	51.75491695067657	18.298126367784995	100	0
chr1	29218010	29219994	Amillepora02441	3	3	1	1	100	100	0	0	100	100
chr1	29227860	29231070	Amillepora02443	2	0	0	0	0	0	0	0	0	0
chr1	29258631	29267860	Amillepora02444	2	1	0.5	0.5	50	50	70.71067811865476	50	100	0
chr1	29273279	29277584	Amillepora02446	6	1	0.16666666666666666	0.16666666666666666	16.666666666666668	0	40.8248290463863	16.66666666666667	100	0
chr1	29299173	29302081	Amillepora02452	3	2	0.6666666666666666	0.6666666666666666	66.66666666666667	100	57.73502691896258	33.333333333333336	100	0
chr1	29337110	29338209	Amillepora02456	2	2	1	1	100	100	0	0	100	100
chr1	29281350	29284259	Amillepora02448	1	0	0	0	0	0	NA	NA	0	0
chr1	29369020	29379549	Amillepora02458	16	4	0.25	0.25	25	0	44.721359549995796	11.180339887498949	100	0
chr1	29287230	29290027	Amillepora02450	9	4	0.4444444444444444	0.4444444444444444	44.44444444444444	0	52.70462766947299	17.568209223157663	100	0
chr1	29290086	29291091	Amillepora02451	2	0	0	0	0	0	0	0	0	0
chr1	29284928	29286243	Amillepora02449	1	0	0	0	0	0	NA	NA	0	0
chr1	29333688	29336116	Amillepora02455	2	0	0	0	0	0	0	0	0	0
chr1	29384830	29394887	Amillepora02459	8	2	0.25	0.25	25	0	46.29100498862757	16.366341767699428	100	0
chr1	29451181	29453745	Amillepora02462	4	2	0.5	0.5	50	50	57.735026918962575	28.867513459481287	100	0
chr1	29461829	29465701	Amillepora02464	1	1	1	1	100	100	NA	NA	100	100
chr1	29396736	29454674	Amillepora02460	60	6	0.1	0.1	10	0	30.253169045376644	3.9056673294247157	100	0
chr1	29544020	29545563	Amillepora02470	1	0	0	0	0	0	NA	NA	0	0
chr1	29536390	29540209	Amillepora02469	1	1	1	1	100	100	NA	NA	100	100
chr1	29767878	29777402	Amillepora02481	6	3	0.5	0.5	50	50	54.772255750516614	22.3606797749979	100	0
chr1	29725878	29751460	Amillepora02478	19	5	0.2631578947368421	0.2631578947368421	26.31578947368421	0	45.24139283588642	10.379087338771255	100	0
chr1	29708064	29718505	Amillepora02476	11	0	0	0	0	0	0	0	0	0
chr1	29761124	29767799	Amillepora02480	4	2	0.5	0.5	50	50	57.735026918962575	28.867513459481287	100	0
chr1	29779873	29790773	Amillepora02482	11	4	0.36363636363636365	0.36363636363636365	36.36363636363637	0	50.4524979109513	15.212000482437738	100	0
chr1	29825542	29846739	Amillepora02484	22	7	0.3181818181818182	0.3181818181818182	31.818181818181817	0	47.67312946227962	10.16394535227177	100	0
chr1	29973633	29983994	Amillepora02496	6	2	0.3333333333333333	0.3333333333333333	33.333333333333336	0	51.63977794943222	21.081851067789195	100	0
chr1	29884322	29886620	Amillepora02487	2	0	0	0	0	0	0	0	0	0
chr1	29851865	29854005	Amillepora02485	5	0	0	0	0	0	0	0	0	0
chr1	29857152	29858738	Amillepora02486	2	0	0	0	0	0	0	0	0	0
chr1	29969136	29971573	Amillepora02495	6	0	0	0	0	0	0	0	0	0
chr1	29955512	29967398	Amillepora02494	5	2	0.4	0.4	40	0	54.772255750516614	24.49489742783178	100	0
chr1	29923528	29949932	Amillepora02492	15	2	0.13333333333333333	0.13333333333333333	13.333333333333334	0	35.18657752744984	9.085135251589959	100	0
chr1	30004453	30010391	Amillepora02498	8	1	0.125	0.125	12.5	0	35.35533905932738	12.5	100	0
chr1	30011792	30044430	Amillepora02499	15	14	0.9333333333333333	0.9333333333333333	93.33333333333333	100	25.81988897471612	6.666666666666666	100	0
chr1	30046035	30047780	Amillepora02503	2	0	0	0	0	0	0	0	0	0
chr1	30161571	30174464	Amillepora02524	20	0	0	0	0	0	0	0	0	0
chr1	30057066	30080964	Amillepora02504	22	2	0.09090909090909091	0.09090909090909091	9.090909090909092	0	29.424494316824976	6.273323266748674	100	0
chr1	30123320	30133107	Amillepora02511	25	0	0	0	0	0	0	0	0	0
chr1	30115569	30117055	Amillepora02509	1	0	0	0	0	0	NA	NA	0	0
chr1	30264524	30288636	Amillepora02531	12	6	0.5	0.5	50	50	52.223296786709355	15.075567228888183	100	0
chr1	30228843	30236169	Amillepora02530	5	4	0.8	0.8	80	100	44.721359549995796	20	100	0
chr1	30183748	30203111	Amillepora02526	18	1	0.05555555555555555	0.05555555555555555	5.555555555555555	0	23.570226039551578	5.555555555555556	100	0
chr1	30204074	30244770	Amillepora02529	20	16	0.8	0.8	80	100	41.03913408340616	9.17662935482247	100	0
chr1	30180511	30181056	Amillepora02525	1	0	0	0	0	0	NA	NA	0	0
chr1	30334281	30349238	Amillepora02535	20	1	0.05	0.05	5	0	22.360679774997898	5	100	0
chr1	30358974	30379001	Amillepora02538	20	1	0.05	0.05	5	0	22.360679774997898	5	100	0
chr1	30298519	30306050	Amillepora02532	3	1	0.3333333333333333	0.3333333333333333	33.333333333333336	0	57.735026918962575	33.333333333333336	100	0
chr1	30324116	30334280	Amillepora02534	5	3	0.6	0.6	60	100	54.772255750516614	24.49489742783178	100	0
chr1	30309370	30311051	Amillepora02533	1	0	0	0	0	0	NA	NA	0	0
chr1	30414028	30429375	Amillepora02540	22	3	0.13636363636363635	0.13636363636363635	13.636363636363637	0	35.12500866571045	7.48867700952649	100	0
chr1	30358932	30413970	Amillepora02537	42	5	0.11904761904761904	0.11627906976744186	11.904761904761905	0	32.77700675615678	5.0576019442051114	100	0
chr1	30462024	30463972	Amillepora02541	3	0	0	0	0	0	0	0	0	0
chr1	30571789	30583288	Amillepora02547	5	1	0.2	0.2	20	0	44.721359549995796	20	100	0
chr1	30505575	30507639	Amillepora02544	1	0	0	0	0	0	NA	NA	0	0
chr1	30550909	30553072	Amillepora02545	1	1	1	1	100	100	NA	NA	100	100
chr1	30555960	30557225	Amillepora02546	1	1	1	1	100	100	NA	NA	100	100
chr1	30606522	30608309	Amillepora02553	1	1	1	1	100	100	NA	NA	100	100
chr1	30604900	30606336	Amillepora02552	5	2	0.4	0.4	40	0	54.772255750516614	24.49489742783178	100	0
chr1	30766491	30775341	Amillepora02563	15	0	0	0	0	0	0	0	0	0
chr1	30730846	30738607	Amillepora02561	11	0	0	0	0	0	0	0	0	0
chr1	30724641	30730520	Amillepora02560	6	2	0.3333333333333333	0.3333333333333333	33.333333333333336	0	51.63977794943222	21.081851067789195	100	0
chr1	30775714	30785579	Amillepora02564	9	0	0	0	0	0	0	0	0	0
chr1	30750392	30762205	Amillepora02562	16	1	0.0625	0.0625	6.25	0	25	6.25	100	0
chr1	30708695	30710480	Amillepora02559	1	0	0	0	0	0	NA	NA	0	0
chr1	30693436	30695560	Amillepora02558	1	0	0	0	0	0	NA	NA	0	0
chr1	30680400	30680974	Amillepora02554	1	0	0	0	0	0	NA	NA	0	0
chr1	30685042	30687394	Amillepora02555	2	1	0.5	0.5	50	50	70.71067811865476	50	100	0
chr1	30688449	30691683	Amillepora02556	1	0	0	0	0	0	NA	NA	0	0
chr1	30816367	30822393	Amillepora02567	13	0	0	0	0	0	0	0	0	0
chr1	30797995	30808479	Amillepora02566	8	0	0	0	0	0	0	0	0	0
chr1	30829314	30834060	Amillepora02569	3	0	0	0	0	0	0	0	0	0
chr1	30790662	30792480	Amillepora02565	2	0	0	0	0	0	0	0	0	0
chr1	30823936	30827324	Amillepora02568	7	0	0	0	0	0	0	0	0	0
chr1	30835416	30839009	Amillepora02570	10	0	0	0	0	0	0	0	0	0
chr1	30929803	30943633	Amillepora02579	4	0	0	0	0	0	0	0	0	0
chr1	30955216	30958532	Amillepora02581	1	0	0	0	0	0	NA	NA	0	0
chr1	30859500	30863718	Amillepora02574	3	0	0	0	0	0	0	0	0	0
chr1	30869582	30917580	Amillepora02576	16	9	0.5625	0.5625	56.25	100	51.234753829797995	12.808688457449499	100	0
chr1	30963393	30973916	Amillepora02582	13	1	0.07692307692307693	0.07692307692307693	7.6923076923076925	0	27.735009811261456	7.6923076923076925	100	0
chr1	30863082	30870564	Amillepora02575	4	0	0	0	0	0	0	0	0	0
chr1	30841518	30855158	Amillepora02571	20	2	0.1	0.1	10	0	30.779350562554622	6.882472016116853	100	0
chr1	31041225	31054403	Amillepora02588	14	2	0.14285714285714285	0.14285714285714285	14.285714285714286	0	36.313651960128155	9.705231721239393	100	0
chr1	31054418	31070022	Amillepora02589	15	0	0	0	0	0	0	0	0	0
chr1	30980117	30990061	Amillepora02583	3	1	0.3333333333333333	0.3333333333333333	33.333333333333336	0	57.735026918962575	33.333333333333336	100	0
chr1	30997570	31000392	Amillepora02584	6	0	0	0	0	0	0	0	0	0
chr1	31004772	31041228	Amillepora02585	36	12	0.3333333333333333	0.3333333333333333	33.333333333333336	0	47.80914437337574	7.968190728895958	100	0
chr1	31109637	31117871	Amillepora02592	6	1	0.16666666666666666	0.16666666666666666	16.666666666666668	0	40.8248290463863	16.66666666666667	100	0
chr1	31131565	31135967	Amillepora02594	2	0	0	0	0	0	0	0	0	0
chr1	31139159	31146407	Amillepora02595	4	1	0.25	0.25	25	0	50	25	100	0
chr1	31077134	31105677	Amillepora02590	44	1	0.022727272727272728	0.022727272727272728	2.272727272727273	0	15.075567228888168	2.2727272727272725	100	0
chr1	31115149	31128234	Amillepora02593	10	4	0.4	0.4	40	0	51.63977794943222	16.329931618554518	100	0
chr1	31166322	31168297	Amillepora02596	1	1	1	1	100	100	NA	NA	100	100
chr1	31245270	31248186	Amillepora02604	6	0	0	0	0	0	0	0	0	0
chr1	31252794	31261452	Amillepora02606	4	3	0.75	0.75	75	100	50	25	100	0
chr1	31174186	31176597	Amillepora02598	1	1	1	1	100	100	NA	NA	100	100
chr1	31191680	31202974	Amillepora02600	3	1	0.3333333333333333	0.3333333333333333	33.333333333333336	0	57.735026918962575	33.333333333333336	100	0
chr1	31210212	31236400	Amillepora02601	17	2	0.11764705882352941	0.11764705882352941	11.764705882352942	0	33.210558207753564	8.05474349272303	100	0
chr1	31286704	31313375	Amillepora02611	8	2	0.25	0.25	25	0	46.29100498862757	16.366341767699428	100	0
chr1	31357660	31365729	Amillepora02617	2	0	0	0	0	0	0	0	0	0
chr1	31328682	31333594	Amillepora02615	2	0	0	0	0	0	0	0	0	0
chr1	31262163	31267387	Amillepora02607	6	0	0	0	0	0	0	0	0	0
chr1	31276393	31284483	Amillepora02610	1	0	0	0	0	0	NA	NA	0	0
chr1	31273126	31273841	Amillepora02609	2	0	0	0	0	0	0	0	0	0
chr1	31414773	31417881	Amillepora02622	1	0	0	0	0	0	NA	NA	0	0
chr1	31380542	31384895	Amillepora02619	2	0	0	0	0	0	0	0	0	0
chr1	31384984	31396143	Amillepora02620	3	0	0	0	0	0	0	0	0	0
chr1	31448057	31453323	Amillepora02625	3	0	0	0	0	0	0	0	0	0
chr1	31433211	31438900	Amillepora02624	6	0	0	0	0	0	0	0	0	0
chr1	31473358	31485384	Amillepora02627	6	1	0.16666666666666666	0.16666666666666666	16.666666666666668	0	40.82482904638629	16.66666666666667	100	0
chr1	31463075	31471480	Amillepora02626	15	1	0.06666666666666667	0.06666666666666667	6.666666666666667	0	25.81988897471612	6.666666666666666	100	0
chr1	31497487	31499137	Amillepora02628	4	1	0.25	0.25	25	0	50	25	100	0
chr1	31429580	31431422	Amillepora02623	3	0	0	0	0	0	0	0	0	0
chr1	31539736	31543558	Amillepora02631	1	0	0	0	0	0	NA	NA	0	0
chr1	31609263	31622004	Amillepora02637	6	3	0.5	0.5	50	50	54.772255750516614	22.3606797749979	100	0
chr1	31578852	31585722	Amillepora02634	2	1	0.5	0.5	50	50	70.71067811865476	50	100	0
chr1	31596106	31604269	Amillepora02636	2	0	0	0	0	0	0	0	0	0
chr1	31646106	31647292	Amillepora02640	2	0	0	0	0	0	0	0	0	0
chr1	31711843	31722992	Amillepora02644	1	1	1	1	100	100	NA	NA	100	100
chr1	31791080	31812681	Amillepora02652	6	0	0	0	0	0	0	0	0	0
chr1	31874381	31875537	Amillepora02659	1	0	0	0	0	0	NA	NA	0	0
chr1	31871215	31873952	Amillepora02658	3	0	0	0	0	0	0	0	0	0
chr1	31829957	31834099	Amillepora02656	9	0	0	0	0	0	0	0	0	0
chr1	31907904	31913968	Amillepora02661	1	0	0	0	0	0	NA	NA	0	0
chr1	31918031	31923237	Amillepora02664	2	1	0.5	0.5	50	50	70.71067811865476	50	100	0
chr1	31948204	31955903	Amillepora02666	7	1	0.14285714285714285	0.14285714285714285	14.285714285714286	0	37.79644730092272	14.285714285714285	100	0
chr1	31898966	31904530	Amillepora02660	5	0	0	0	0	0	0	0	0	0
chr1	31917902	31953651	Amillepora02663	13	5	0.38461538461538464	0.38461538461538464	38.46153846153846	0	50.63696835418333	14.044168141158107	100	0
chr1	32057993	32064760	Amillepora02679	8	2	0.25	0.25	25	0	46.29100498862757	16.366341767699428	100	0
chr1	32047767	32056194	Amillepora02678	3	2	0.6666666666666666	0.6666666666666666	66.66666666666667	100	57.735026918962575	33.333333333333336	100	0
chr1	32031630	32045572	Amillepora02677	13	2	0.15384615384615385	0.15384615384615385	15.384615384615385	0	37.553380809940535	10.415433852097385	100	0
chr1	31973639	31986039	Amillepora02668	3	1	0.3333333333333333	0.3333333333333333	33.333333333333336	0	57.735026918962575	33.333333333333336	100	0
chr1	31957913	31972453	Amillepora02667	16	1	0.0625	0.0625	6.25	0	25	6.25	100	0
chr1	32018628	32022917	Amillepora02675	1	1	1	1	100	100	NA	NA	100	100
chr1	32002830	32018096	Amillepora02673	6	0	0	0	0	0	0	0	0	0
chr1	32125795	32129308	Amillepora02686	5	0	0	0	0	0	0	0	0	0
chr1	32136662	32170882	Amillepora02688	36	3	0.08333333333333333	0.08333333333333333	8.333333333333334	0	28.030595529069416	4.671765921511567	100	0
chr1	32080418	32091597	Amillepora02681	2	1	0.5	0.5	50	50	70.71067811865476	50	100	0
chr1	32172579	32177824	Amillepora02690	6	1	0.16666666666666666	0.16666666666666666	16.666666666666668	0	40.8248290463863	16.66666666666667	100	0
chr1	32132229	32136600	Amillepora02687	3	1	0.3333333333333333	0.3333333333333333	33.333333333333336	0	57.735026918962575	33.333333333333336	100	0
chr1	32116098	32120467	Amillepora02685	14	0	0	0	0	0	0	0	0	0
chr1	32093595	32098858	Amillepora02682	7	0	0	0	0	0	0	0	0	0
chr1	32099171	32105586	Amillepora02683	8	0	0	0	0	0	0	0	0	0
chr1	32113419	32114942	Amillepora02684	7	0	0	0	0	0	0	0	0	0
chr1	32208585	32210073	Amillepora02694	2	0	0	0	0	0	0	0	0	0
chr1	32253434	32258570	Amillepora02699	2	2	1	1	100	100	0	0	100	100
chr1	32180658	32192247	Amillepora02691	1	1	1	1	100	100	NA	NA	100	100
chr1	32197876	32207269	Amillepora02693	6	0	0	0	0	0	0	0	0	0
chr1	32211672	32221156	Amillepora02695	7	1	0.14285714285714285	0.125	14.285714285714286	0	37.79644730092272	14.285714285714285	100	0
chr1	32238488	32244027	Amillepora02697	3	1	0.3333333333333333	0.3333333333333333	33.333333333333336	0	57.735026918962575	33.333333333333336	100	0
chr1	32192368	32195146	Amillepora02692	1	0	0	0	0	0	NA	NA	0	0
chr1	32340138	32344829	Amillepora02705	1	1	1	1	100	100	NA	NA	100	100
chr1	32283252	32294210	Amillepora02702	4	1	0.25	0.25	25	0	50	25	100	0
chr1	32344931	32349295	Amillepora02706	2	0	0	0	0	0	0	0	0	0
chr1	32325323	32328496	Amillepora02704	7	0	0	0	0	0	0	0	0	0
chr1	32269870	32287314	Amillepora02701	8	2	0.25	0.25	25	0	46.29100498862757	16.366341767699428	100	0
chr1	32294836	32301910	Amillepora02703	1	0	0	0	0	0	NA	NA	0	0
chr1	32461673	32470606	Amillepora02714	8	0	0	0	0	0	0	0	0	0
chr1	32440474	32442232	Amillepora02712	3	0	0	0	0	0	0	0	0	0
chr1	32386137	32393558	Amillepora02708	7	0	0	0	0	0	0	0	0	0
chr1	32395330	32398645	Amillepora02709	2	0	0	0	0	0	0	0	0	0
chr1	32399614	32409906	Amillepora02710	12	0	0	0	0	0	0	0	0	0
chr1	32446490	32447820	Amillepora02713	5	0	0	0	0	0	0	0	0	0
chr1	32534230	32541242	Amillepora02717	6	1	0.16666666666666666	0.16666666666666666	16.666666666666668	0	40.8248290463863	16.66666666666667	100	0
chr1	32517610	32533539	Amillepora02716	23	0	0	0	0	0	0	0	0	0
chr1	32495305	32501514	Amillepora02715	3	0	0	0	0	0	0	0	0	0
chr1	32558972	32566752	Amillepora02719	5	3	0.6	0.6	60	100	54.772255750516614	24.49489742783178	100	0
chr1	32566944	32583353	Amillepora02720	7	3	0.42857142857142855	0.42857142857142855	42.857142857142854	0	53.452248382484875	20.203050891044217	100	0
chr1	32544521	32559518	Amillepora02718	13	0	0	0	0	0	0	0	0	0
chr1	32666550	32668047	Amillepora02727	4	0	0	0	0	0	0	0	0	0
chr1	32677977	32691261	Amillepora02729	20	0	0	0	0	0	0	0	0	0
chr1	32670710	32673983	Amillepora02728	5	0	0	0	0	0	0	0	0	0
chr1	32652026	32654574	Amillepora02726	11	0	0	0	0	0	0	0	0	0
chr1	32717667	32728111	Amillepora02733	12	0	0	0	0	0	0	0	0	0
chr1	32702395	32705564	Amillepora02731	3	0	0	0	0	0	0	0	0	0
chr1	32758102	32759517	Amillepora02736	1	0	0	0	0	0	NA	NA	0	0
chr1	32706095	32708469	Amillepora02732	4	0	0	0	0	0	0	0	0	0
chr1	32746720	32748127	Amillepora02735	1	0	0	0	0	0	NA	NA	0	0
chr1	32633666	32640940	Amillepora02722	10	0	0	0	0	0	0	0	0	0
chr1	32741490	32744307	Amillepora02734	4	0	0	0	0	0	0	0	0	0
chr1	32836587	32862188	Amillepora02741	39	0	0	0	0	0	0	0	0	0
chr1	32811127	32825417	Amillepora02737	8	5	0.625	0.625	62.5	100	51.75491695067657	18.298126367784995	100	0
chr1	32864405	32894005	Amillepora02742	33	3	0.09090909090909091	0.09090909090909091	9.090909090909092	0	29.193710406057107	5.081972676135885	100	0
chr1	32931336	32941030	Amillepora02748	8	3	0.375	0.375	37.5	0	51.75491695067657	18.298126367784995	100	0
chr1	32944067	32950613	Amillepora02750	1	0	0	0	0	0	NA	NA	0	0
chr1	32889617	32905176	Amillepora02744	16	1	0.0625	0.0625	6.25	0	25	6.25	100	0
chr1	32907553	32920281	Amillepora02746	16	0	0	0	0	0	0	0	0	0
chr1	32920855	32931298	Amillepora02747	15	0	0	0	0	0	0	0	0	0
chr1	33021824	33048854	Amillepora02755	28	3	0.10714285714285714	0.10714285714285714	10.714285714285714	0	31.49703941743562	5.952380952380952	100	0
chr1	33058649	33070550	Amillepora02759	10	1	0.1	0.1	10	0	31.622776601683793	10	100	0
chr1	33174395	33179811	Amillepora02766	9	1	0.1111111111111111	0.1111111111111111	11.11111111111111	0	33.333333333333336	11.111111111111112	100	0
chr1	33149974	33172137	Amillepora02765	6	5	0.8333333333333334	0.8333333333333334	83.33333333333333	100	40.8248290463863	16.66666666666667	100	0
chr1	33050582	33054736	Amillepora02758	11	0	0	0	0	0	0	0	0	0
chr1	33091932	33092944	Amillepora02762	1	0	0	0	0	0	NA	NA	0	0
chr1	33071363	33088933	Amillepora02761	23	2	0.08695652173913043	0.08695652173913043	8.695652173913043	0	28.810406552003037	6.007385040937022	100	0
chr1	33126306	33135769	Amillepora02763	9	0	0	0	0	0	0	0	0	0
chr1	33146769	33147568	Amillepora02764	1	0	0	0	0	0	NA	NA	0	0
chr1	33272537	33277129	Amillepora02774	1	0	0	0	0	0	NA	NA	0	0
chr1	33222178	33238335	Amillepora02772	4	0	0	0	0	0	0	0	0	0
chr1	33208786	33214416	Amillepora02771	7	0	0	0	0	0	0	0	0	0
chr1	33256457	33273983	Amillepora02773	27	0	0	0	0	0	0	0	0	0
chr1	33183904	33184251	Amillepora02768	2	0	0	0	0	0	0	0	0	0
chr1	33193840	33198704	Amillepora02770	6	0	0	0	0	0	0	0	0	0
chr1	33181190	33183319	Amillepora02767	5	0	0	0	0	0	0	0	0	0
chr1	33311737	33313735	Amillepora02777	2	0	0	0	0	0	0	0	0	0
chr1	33368393	33382679	Amillepora02788	10	4	0.4	0.4	40	0	51.63977794943222	16.329931618554518	100	0
chr1	33297142	33306772	Amillepora02775	11	0	0	0	0	0	0	0	0	0
chr1	33307813	33311653	Amillepora02776	1	0	0	0	0	0	NA	NA	0	0
chr1	33349767	33351248	Amillepora02780	5	0	0	0	0	0	0	0	0	0
chr1	33392632	33401987	Amillepora02791	4	1	0.25	0.25	25	0	50	25	100	0
chr1	33407612	33414242	Amillepora02793	3	1	0.3333333333333333	0.3333333333333333	33.333333333333336	0	57.735026918962575	33.333333333333336	100	0
chr1	33447161	33448253	Amillepora02795	2	2	1	1	100	100	0	0	100	100
chr1	33443727	33447117	Amillepora02794	6	2	0.3333333333333333	0.3333333333333333	33.333333333333336	0	51.63977794943222	21.081851067789195	100	0
chr1	33383245	33391030	Amillepora02789	9	0	0	0	0	0	0	0	0	0
chr1	33540473	33542239	Amillepora02799	2	0	0	0	0	0	0	0	0	0
chr1	33498319	33518117	Amillepora02796	2	0	0	0	0	0	0	0	0	0
chr1	33636528	33641617	Amillepora02805	2	0	0	0	0	0	0	0	0	0
chr1	33606139	33607908	Amillepora02804	2	0	0	0	0	0	0	0	0	0
chr1	33565506	33575560	Amillepora02800	1	0	0	0	0	0	NA	NA	0	0
chr1	33700863	33719323	Amillepora02809	6	1	0.16666666666666666	0.16666666666666666	16.666666666666668	0	40.8248290463863	16.66666666666667	100	0
chr1	33772238	33773825	Amillepora02813	1	0	0	0	0	0	NA	NA	0	0
chr1	33743280	33745407	Amillepora02810	1	0	0	0	0	0	NA	NA	0	0
chr1	33774503	33784690	Amillepora02814	2	0	0	0	0	0	0	0	0	0
chr1	33760102	33770830	Amillepora02812	1	0	0	0	0	0	NA	NA	0	0
chr1	33745979	33748255	Amillepora02811	1	0	0	0	0	0	NA	NA	0	0
chr1	33952701	33954451	Amillepora02827	1	0	0	0	0	0	NA	NA	0	0
chr1	33854439	33860415	Amillepora02817	3	0	0	0	0	0	0	0	0	0
chr1	33918030	33923025	Amillepora02823	5	0	0	0	0	0	0	0	0	0
chr1	33960906	33970330	Amillepora02828	3	0	0	0	0	0	0	0	0	0
chr1	33888833	33890689	Amillepora02819	2	0	0	0	0	0	0	0	0	0
chr1	33898250	33903772	Amillepora02821	7	0	0	0	0	0	0	0	0	0
chr1	33949320	33952058	Amillepora02826	4	0	0	0	0	0	0	0	0	0
chr1	34036729	34056542	Amillepora02838	4	0	0	0	0	0	0	0	0	0
chr1	34064306	34070106	Amillepora02840	4	2	0.5	0.5	50	50	57.735026918962575	28.867513459481287	100	0
chr1	34021582	34022727	Amillepora02835	7	0	0	0	0	0	0	0	0	0
chr1	34014169	34015518	Amillepora02834	4	0	0	0	0	0	0	0	0	0
chr1	34027155	34028175	Amillepora02836	1	0	0	0	0	0	NA	NA	0	0
chr1	34012407	34014134	Amillepora02833	5	2	0.4	0.4	40	0	54.772255750516614	24.49489742783178	100	0
chr1	34008840	34009967	Amillepora02831	5	0	0	0	0	0	0	0	0	0
chr1	34002540	34003282	Amillepora02830	5	0	0	0	0	0	0	0	0	0
chr1	34057571	34063905	Amillepora02839	2	0	0	0	0	0	0	0	0	0
chr1	34032264	34033906	Amillepora02837	3	0	0	0	0	0	0	0	0	0
chr1	34010141	34012318	Amillepora02832	7	0	0	0	0	0	0	0	0	0
chr1	34072999	34103682	Amillepora02841	33	5	0.15151515151515152	0.15151515151515152	15.151515151515152	0	36.41095406272096	6.338333534349057	100	0
chr1	34108976	34121822	Amillepora02843	3	1	0.3333333333333333	0.3333333333333333	33.333333333333336	0	57.735026918962575	33.333333333333336	100	0
chr1	34158439	34159717	Amillepora02849	2	0	0	0	0	0	0	0	0	0
chr1	34103292	34106873	Amillepora02842	6	0	0	0	0	0	0	0	0	0
chr1	34124262	34144579	Amillepora02844	10	1	0.1	0.1	10	0	31.622776601683793	10	100	0
chr1	34161982	34184731	Amillepora02850	12	6	0.5	0.5	50	50	52.223296786709355	15.075567228888183	100	0
chr1	34148272	34159088	Amillepora02847	8	2	0.25	0.25	25	0	46.29100498862757	16.366341767699428	100	0
chr1	34213005	34224269	Amillepora02854	21	0	0	0	0	0	0	0	0	0
chr1	34185924	34199402	Amillepora02852	10	1	0.1	0.1	10	0	31.622776601683793	10	100	0
chr1	34240557	34260816	Amillepora02856	14	0	0	0	0	0	0	0	0	0
chr1	34232135	34234456	Amillepora02855	12	0	0	0	0	0	0	0	0	0
chr1	34242664	34246222	Amillepora02857	3	0	0	0	0	0	0	0	0	0
chr1	34200869	34212877	Amillepora02853	7	2	0.2857142857142857	0.2857142857142857	28.571428571428573	0	48.79500364742666	18.442777839082936	100	0
chr1	34261358	34265880	Amillepora02858	4	0	0	0	0	0	0	0	0	0
chr1	34373549	34376419	Amillepora02871	1	0	0	0	0	0	NA	NA	0	0
chr1	34307104	34310575	Amillepora02863	2	1	0.5	0.5	50	50	70.71067811865476	50	100	0
chr1	34311358	34314278	Amillepora02864	6	0	0	0	0	0	0	0	0	0
chr1	34341916	34346195	Amillepora02868	4	1	0.25	0.25	25	0	50	25	100	0
chr1	34349289	34354047	Amillepora02869	1	0	0	0	0	0	NA	NA	0	0
chr1	34372447	34372998	Amillepora02870	1	0	0	0	0	0	NA	NA	0	0
chr1	34323728	34325044	Amillepora02866	3	1	0.3333333333333333	0.3333333333333333	33.333333333333336	0	57.735026918962575	33.333333333333336	100	0
chr1	34315708	34320145	Amillepora02865	12	0	0	0	0	0	0	0	0	0
chr1	34287775	34311424	Amillepora02861	30	1	0.03333333333333333	0.03333333333333333	3.3333333333333335	0	18.257418583505537	3.333333333333333	100	0
chr1	34272494	34287228	Amillepora02860	17	1	0.058823529411764705	0.058823529411764705	5.882352941176471	0	24.253562503633294	5.88235294117647	100	0
chr1	34266451	34270670	Amillepora02859	7	1	0.14285714285714285	0.14285714285714285	14.285714285714286	0	37.79644730092272	14.285714285714285	100	0
chr1	34452828	34461657	Amillepora02879	1	0	0	0	0	0	NA	NA	0	0
chr1	34473139	34478741	Amillepora02884	2	0	0	0	0	0	0	0	0	0
chr1	34430452	34439166	Amillepora02878	26	0	0	0	0	0	0	0	0	0
chr1	34421650	34428015	Amillepora02875	10	0	0	0	0	0	0	0	0	0
chr1	34401478	34402735	Amillepora02874	3	0	0	0	0	0	0	0	0	0
chr1	34399296	34401444	Amillepora02873	4	0	0	0	0	0	0	0	0	0
chr1	34556796	34564934	Amillepora02891	3	1	0.3333333333333333	0.3333333333333333	33.333333333333336	0	57.735026918962575	33.333333333333336	100	0
chr1	34569967	34574086	Amillepora02892	4	1	0.25	0.25	25	0	50	25	100	0
chr1	34489386	34491627	Amillepora02885	4	0	0	0	0	0	0	0	0	0
chr1	34597339	34602680	Amillepora02896	4	1	0.25	0.25	25	0	50	25	100	0
chr1	34610159	34613968	Amillepora02897	3	1	0.3333333333333333	0.3333333333333333	33.333333333333336	0	57.735026918962575	33.333333333333336	100	0
chr1	34755197	34768281	Amillepora02911	14	4	0.2857142857142857	0.2857142857142857	28.571428571428573	0	46.88072309384955	12.529400275814705	100	0
chr1	34729544	34749848	Amillepora02908	17	2	0.11764705882352941	0.11764705882352941	11.764705882352942	0	33.210558207753586	8.05474349272303	100	0
chr1	34642634	34653806	Amillepora02900	3	2	0.6666666666666666	0.6666666666666666	66.66666666666667	100	57.73502691896258	33.333333333333336	100	0
chr1	34655645	34662718	Amillepora02901	5	1	0.2	0.2	20	0	44.721359549995796	20	100	0
chr1	34750015	34754131	Amillepora02910	3	0	0	0	0	0	0	0	0	0
chr1	34672638	34679219	Amillepora02902	3	0	0	0	0	0	0	0	0	0
chr1	34679811	34721023	Amillepora02903	13	8	0.6153846153846154	0.6153846153846154	61.53846153846154	100	50.63696835418333	14.044168141158107	100	0
chr1	34842976	34867680	Amillepora02916	11	3	0.2727272727272727	0.2727272727272727	27.272727272727273	0	46.70993664969137	14.083575804390607	100	0
chr1	34809543	34830150	Amillepora02914	11	3	0.2727272727272727	0.2727272727272727	27.272727272727273	0	46.70993664969137	14.083575804390607	100	0
chr1	34769166	34795990	Amillepora02912	22	0	0	0	0	0	0	0	0	0
chr1	34800345	34803496	Amillepora02913	7	1	0.14285714285714285	0.14285714285714285	14.285714285714286	0	37.79644730092272	14.285714285714285	100	0
chr1	34832885	34840732	Amillepora02915	2	0	0	0	0	0	0	0	0	0
chr1	34881085	34886455	Amillepora02919	4	0	0	0	0	0	0	0	0	0
chr1	34852118	34872794	Amillepora02917	8	2	0.25	0.25	25	0	46.29100498862757	16.366341767699428	100	0
chr1	34948330	34949423	Amillepora02924	2	0	0	0	0	0	0	0	0	0
chr1	34922314	34924692	Amillepora02921	1	0	0	0	0	0	NA	NA	0	0
chr1	34893523	34895489	Amillepora02920	7	0	0	0	0	0	0	0	0	0
chr1	34949426	34957719	Amillepora02925	11	0	0	0	0	0	0	0	0	0
chr1	34924698	34933989	Amillepora02922	2	0	0	0	0	0	0	0	0	0
chr1	34938080	34946272	Amillepora02923	1	0	0	0	0	0	NA	NA	0	0
chr1	34998522	35017119	Amillepora02927	4	0	0	0	0	0	0	0	0	0
chr1	34975440	34991156	Amillepora02926	7	0	0	0	0	0	0	0	0	0
chr1	35128484	35132792	Amillepora02934	6	0	0	0	0	0	0	0	0	0
chr1	35116014	35123562	Amillepora02933	12	0	0	0	0	0	0	0	0	0
chr1	35164381	35174445	Amillepora02936	6	0	0	0	0	0	0	0	0	0
chr1	35093356	35101041	Amillepora02932	17	0	0	0	0	0	0	0	0	0
chr1	35142151	35148794	Amillepora02935	9	0	0	0	0	0	0	0	0	0
chr1	35071225	35090618	Amillepora02931	21	1	0.047619047619047616	0.047619047619047616	4.761904761904762	0	21.82178902359924	4.761904761904762	100	0
chr1	35056459	35068735	Amillepora02930	16	0	0	0	0	0	0	0	0	0
chr1	35033978	35052027	Amillepora02929	7	0	0	0	0	0	0	0	0	0
chr1	35235001	35241073	Amillepora02940	9	0	0	0	0	0	0	0	0	0
chr1	35176306	35197488	Amillepora02937	35	0	0	0	0	0	0	0	0	0
chr1	35293709	35298372	Amillepora02945	5	2	0.4	0.4	40	0	54.772255750516614	24.49489742783178	100	0
chr1	35360446	35386207	Amillepora02951	28	1	0.03571428571428571	0.03571428571428571	3.5714285714285716	0	18.89822365046134	3.571428571428571	100	0
chr1	35319475	35339856	Amillepora02947	22	2	0.09090909090909091	0.09090909090909091	9.090909090909092	0	29.424494316824976	6.273323266748674	100	0
chr1	35256111	35279802	Amillepora02941	41	1	0.024390243902439025	0.024390243902439025	2.4390243902439024	0	15.617376188860614	2.439024390243903	100	0
chr1	35353995	35354430	Amillepora02949	2	0	0	0	0	0	0	0	0	0
chr1	35354585	35358414	Amillepora02950	6	3	0.5	0.5	50	50	54.772255750516614	22.3606797749979	100	0
chr1	35281336	35291891	Amillepora02942	13	2	0.15384615384615385	0.15384615384615385	15.384615384615385	0	37.553380809940535	10.415433852097385	100	0
chr1	35311074	35319332	Amillepora02946	1	0	0	0	0	0	NA	NA	0	0
chr1	35467507	35473601	Amillepora02956	6	1	0.16666666666666666	0.16666666666666666	16.666666666666668	0	40.82482904638629	16.66666666666667	100	0
chr1	35391324	35402013	Amillepora02952	6	4	0.6666666666666666	0.6666666666666666	66.66666666666667	100	51.63977794943223	21.081851067789195	100	0
chr1	35474716	35477457	Amillepora02957	2	2	1	1	100	100	0	0	100	100
chr1	35417829	35420112	Amillepora02954	2	0	0	0	0	0	0	0	0	0
chr1	35407332	35416005	Amillepora02953	6	1	0.16666666666666666	0.16666666666666666	16.666666666666668	0	40.8248290463863	16.66666666666667	100	0
chr1	35422424	35466844	Amillepora02955	87	0	0	0	0	0	0	0	0	0
chr1	35556944	35568439	Amillepora02965	4	1	0.25	0.25	25	0	50	25	100	0
chr1	35525118	35528699	Amillepora02962	2	0	0	0	0	0	0	0	0	0
chr1	35502992	35519583	Amillepora02959	10	4	0.4	0.4	40	0	51.63977794943222	16.329931618554518	100	0
chr1	35529191	35537600	Amillepora02963	7	0	0	0	0	0	0	0	0	0
chr1	35521103	35524780	Amillepora02961	3	1	0.3333333333333333	0.3333333333333333	33.333333333333336	0	57.735026918962575	33.333333333333336	100	0
chr1	35543281	35547773	Amillepora02964	4	0	0	0	0	0	0	0	0	0
chr1	35479259	35501422	Amillepora02958	32	0	0	0	0	0	0	0	0	0
chr1	35656661	35660753	Amillepora02973	4	3	0.75	0.75	75	100	50	25	100	0
chr1	35597813	35600986	Amillepora02967	8	0	0	0	0	0	0	0	0	0
chr1	35605567	35607176	Amillepora02968	1	1	1	1	100	100	NA	NA	100	100
chr1	35652103	35654367	Amillepora02972	1	0	0	0	0	0	NA	NA	0	0
chr1	35591379	35593749	Amillepora02966	1	0	0	0	0	0	NA	NA	0	0
chr1	35610093	35626087	Amillepora02969	19	1	0.05263157894736842	0.05263157894736842	5.2631578947368425	0	22.94157338705618	5.263157894736841	100	0
chr1	35756446	35761311	Amillepora02979	3	0	0	0	0	0	0	0	0	0
chr1	35764260	35768338	Amillepora02980	4	2	0.5	0.5	50	50	57.735026918962575	28.867513459481287	100	0
chr1	35672030	35705127	Amillepora02976	39	0	0	0	0	0	0	0	0	0
chr1	35707450	35713252	Amillepora02977	1	0	0	0	0	0	NA	NA	0	0
chr1	35661400	35669284	Amillepora02975	2	1	0.5	0.5	50	50	70.71067811865476	50	100	0
chr1	35813495	35826118	Amillepora02987	33	0	0	0	0	0	0	0	0	0
chr1	35809498	35812911	Amillepora02986	2	1	0.5	0.5	50	50	70.71067811865476	50	100	0
chr1	35829973	35856397	Amillepora02988	27	0	0	0	0	0	0	0	0	0
chr1	35800732	35807696	Amillepora02985	9	3	0.3333333333333333	0.3333333333333333	33.333333333333336	0	49.99999999999999	16.666666666666668	100	0
chr1	35774412	35776040	Amillepora02981	2	0	0	0	0	0	0	0	0	0
chr1	35791244	35791937	Amillepora02983	1	0	0	0	0	0	NA	NA	0	0
chr1	35974982	35980984	Amillepora02994	7	0	0	0	0	0	0	0	0	0
chr1	35964077	35973289	Amillepora02993	3	1	0.3333333333333333	0.3333333333333333	33.333333333333336	0	57.735026918962575	33.333333333333336	100	0
chr1	35945195	35963793	Amillepora02992	25	1	0.04	0.04	4	0	20	4	100	0
chr1	35938877	35939571	Amillepora02991	2	0	0	0	0	0	0	0	0	0
chr1	36050293	36051649	Amillepora03001	2	0	0	0	0	0	0	0	0	0
chr1	36007873	36017264	Amillepora02998	10	0	0	0	0	0	0	0	0	0
chr1	35997215	36000943	Amillepora02997	3	0	0	0	0	0	0	0	0	0
chr1	36056471	36063869	Amillepora03002	15	0	0	0	0	0	0	0	0	0
chr1	36043928	36050118	Amillepora03000	1	0	0	0	0	0	NA	NA	0	0
chr1	35985106	35993529	Amillepora02995	22	1	0.045454545454545456	0.043478260869565216	4.545454545454546	0	21.320071635561042	4.545454545454545	100	0
chr1	36018127	36018611	Amillepora02999	2	0	0	0	0	0	0	0	0	0
chr1	36074100	36079856	Amillepora03003	2	0	0	0	0	0	0	0	0	0
chr1	36134407	36148372	Amillepora03009	25	0	0	0	0	0	0	0	0	0
chr1	36110719	36121317	Amillepora03007	8	1	0.125	0.125	12.5	0	35.35533905932738	12.5	100	0
chr1	36081011	36097456	Amillepora03005	11	1	0.09090909090909091	0.09090909090909091	9.090909090909092	0	30.151134457776354	9.09090909090909	100	0
chr1	36168593	36173985	Amillepora03010	8	0	0	0	0	0	0	0	0	0
chr1	36244661	36273663	Amillepora03015	15	7	0.4666666666666667	0.4666666666666667	46.666666666666664	0	51.63977794943222	13.333333333333332	100	0
chr1	36175538	36191155	Amillepora03011	24	0	0	0	0	0	0	0	0	0
chr1	36195573	36202110	Amillepora03012	11	0	0	0	0	0	0	0	0	0
chr1	36228423	36239526	Amillepora03013	15	0	0	0	0	0	0	0	0	0
chr1	36241816	36274204	Amillepora03014	19	7	0.3684210526315789	0.3684210526315789	36.8421052631579	0	49.55946277833521	11.369720523522561	100	0
chr1	36304419	36381895	Amillepora03018	141	4	0.028368794326241134	0.028368794326241134	2.8368794326241136	0	16.661600040415873	1.403159848207827	100	0
chr1	36275779	36299067	Amillepora03017	30	2	0.06666666666666667	0.06666666666666667	6.666666666666667	0	25.370813170246244	4.632055558531008	100	0
chr1	36387279	36394575	Amillepora03021	2	0	0	0	0	0	0	0	0	0
chr1	36418334	36425160	Amillepora03023	2	2	1	1	100	100	0	0	100	100
chr1	36449200	36456269	Amillepora03026	1	1	1	1	100	100	NA	NA	100	100
chr1	36427086	36446209	Amillepora03024	3	2	0.6666666666666666	0.6666666666666666	66.66666666666667	100	57.735026918962575	33.333333333333336	100	0
chr1	36471571	36495233	Amillepora03027	7	0	0	0	0	0	0	0	0	0
chr1	36504459	36539730	Amillepora03029	6	0	0	0	0	0	0	0	0	0
chr1	36497291	36530902	Amillepora03028	14	0	0	0	0	0	0	0	0	0
chr1	36566734	36610874	Amillepora03033	12	3	0.25	0.25	25	0	45.22670168666454	13.055824196677337	100	0
chr1	36613432	36641369	Amillepora03035	5	0	0	0	0	0	0	0	0	0
chr1	36739992	36742722	Amillepora03042	12	0	0	0	0	0	0	0	0	0
chr1	36754694	36756471	Amillepora03045	2	1	0.5	0.5	50	50	70.71067811865476	50	100	0
chr1	36765751	36768238	Amillepora03047	2	0	0	0	0	0	0	0	0	0
chr1	36746065	36748068	Amillepora03043	4	0	0	0	0	0	0	0	0	0
chr1	36749338	36752226	Amillepora03044	1	0	0	0	0	0	NA	NA	0	0
chr1	36770555	36786991	Amillepora03048	8	3	0.375	0.375	37.5	0	51.75491695067657	18.298126367784995	100	0
chr1	36724180	36736376	Amillepora03041	9	4	0.4444444444444444	0.4444444444444444	44.44444444444444	0	52.70462766947299	17.568209223157663	100	0
chr1	36703241	36718693	Amillepora03040	10	3	0.3	0.3	30	0	48.3045891539648	15.275252316519467	100	0
chr1	36757116	36763609	Amillepora03046	1	1	1	1	100	100	NA	NA	100	100
chr1	36861701	36863772	Amillepora03056	2	1	0.5	0.5	50	50	70.71067811865476	50	100	0
chr1	36790547	36813110	Amillepora03049	37	4	0.10810810810810811	0.10810810810810811	10.81081081081081	0	31.480009386767822	5.175281663547774	100	0
chr1	36848716	36856162	Amillepora03053	7	0	0	0	0	0	0	0	0	0
chr1	36865004	36889105	Amillepora03057	53	4	0.07547169811320754	0.07547169811320754	7.547169811320755	0	26.667876121581074	3.6631145033741546	100	0
chr1	36824900	36828253	Amillepora03051	8	0	0	0	0	0	0	0	0	0
chr1	36833536	36839412	Amillepora03052	10	0	0	0	0	0	0	0	0	0
chr1	36899242	36918982	Amillepora03059	31	1	0.03225806451612903	0.03225806451612903	3.225806451612903	0	17.960530202677504	3.2258064516129035	100	0
chr1	36921052	36923068	Amillepora03060	3	0	0	0	0	0	0	0	0	0
chr1	36893931	36897866	Amillepora03058	9	0	0	0	0	0	0	0	0	0
chr1	36950634	36975341	Amillepora03063	40	2	0.05	0.05	5	0	22.072142786315226	3.489912202260564	100	0
chr1	36941091	36944498	Amillepora03062	5	0	0	0	0	0	0	0	0	0
chr1	36934187	36936060	Amillepora03061	3	1	0.3333333333333333	0.3333333333333333	33.333333333333336	0	57.735026918962575	33.333333333333336	100	0
chr1	36980644	36991519	Amillepora03064	7	1	0.14285714285714285	0.14285714285714285	14.285714285714286	0	37.79644730092272	14.285714285714285	100	0
chr1	37094594	37124185	Amillepora03077	50	1	0.02	0.02	2	0	14.142135623730951	2	100	0
chr1	37125494	37143957	Amillepora03078	26	2	0.07692307692307693	0.07692307692307693	7.6923076923076925	0	27.1746488194703	5.329387100211931	100	0
chr1	37144667	37151304	Amillepora03079	10	0	0	0	0	0	0	0	0	0
chr1	37063955	37068496	Amillepora03073	8	0	0	0	0	0	0	0	0	0
chr1	37023520	37027442	Amillepora03066	6	0	0	0	0	0	0	0	0	0
chr1	37033912	37037148	Amillepora03068	4	0	0	0	0	0	0	0	0	0
chr1	37085426	37088419	Amillepora03076	4	0	0	0	0	0	0	0	0	0
chr1	37073163	37076948	Amillepora03074	1	0	0	0	0	0	NA	NA	0	0
chr1	37012255	37015377	Amillepora03065	1	0	0	0	0	0	NA	NA	0	0
chr1	37044974	37048927	Amillepora03069	1	0	0	0	0	0	NA	NA	0	0
chr1	37079039	37085385	Amillepora03075	2	0	0	0	0	0	0	0	0	0
chr1	37060252	37063950	Amillepora03072	2	0	0	0	0	0	0	0	0	0
chr1	37246871	37248751	Amillepora03091	9	1	0.1111111111111111	0.1111111111111111	11.11111111111111	0	33.333333333333336	11.111111111111112	100	0
chr1	37236862	37246677	Amillepora03090	11	1	0.09090909090909091	0.09090909090909091	9.090909090909092	0	30.15113445777636	9.09090909090909	100	0
chr1	37181817	37193524	Amillepora03082	14	2	0.14285714285714285	0.14285714285714285	14.285714285714286	0	36.313651960128155	9.705231721239393	100	0
chr1	37169083	37174403	Amillepora03081	12	1	0.08333333333333333	0.08333333333333333	8.333333333333334	0	28.867513459481298	8.333333333333334	100	0
chr1	37201090	37205011	Amillepora03084	5	0	0	0	0	0	0	0	0	0
chr1	37250784	37271484	Amillepora03092	56	0	0	0	0	0	0	0	0	0
chr1	37165438	37167728	Amillepora03080	4	0	0	0	0	0	0	0	0	0
chr1	37282841	37310583	Amillepora03094	116	2	0.017241379310344827	0.017094017094017096	1.7241379310344827	0	13.073428881844125	1.2138373986738396	100	0
chr1	37429212	37440707	Amillepora03103	20	2	0.1	0.1	10	0	30.779350562554622	6.882472016116853	100	0
chr1	37375811	37384022	Amillepora03098	1	1	1	1	100	100	NA	NA	100	100
chr1	37441099	37451220	Amillepora03104	23	1	0.043478260869565216	0.043478260869565216	4.3478260869565215	0	20.851441405707472	4.347826086956522	100	0
chr1	37455700	37479451	Amillepora03105	20	0	0	0	0	0	0	0	0	0
chr1	37519081	37527038	Amillepora03108	2	2	1	1	100	100	0	0	100	100
chr1	37564298	37569897	Amillepora03113	4	0	0	0	0	0	0	0	0	0
chr1	37540526	37545427	Amillepora03112	2	0	0	0	0	0	0	0	0	0
chr1	37526977	37533523	Amillepora03111	2	1	0.5	0.5	50	50	70.71067811865476	50	100	0
chr1	37497117	37505407	Amillepora03106	6	1	0.16666666666666666	0.16666666666666666	16.666666666666668	0	40.8248290463863	16.66666666666667	100	0
chr1	37507626	37514484	Amillepora03107	5	0	0	0	0	0	0	0	0	0
chr1	37600386	37602302	Amillepora03116	1	0	0	0	0	0	NA	NA	0	0
chr1	37607436	37613980	Amillepora03119	2	0	0	0	0	0	0	0	0	0
chr1	37578942	37591863	Amillepora03114	15	1	0.06666666666666667	0.06666666666666667	6.666666666666667	0	25.81988897471612	6.666666666666666	100	0
chr1	37631457	37633446	Amillepora03123	2	1	0.5	0.5	50	50	70.71067811865476	50	100	0
chr1	37662058	37666459	Amillepora03125	2	0	0	0	0	0	0	0	0	0
chr1	37592983	37595848	Amillepora03115	1	1	1	1	100	100	NA	NA	100	100
chr1	37602596	37607331	Amillepora03118	2	1	0.5	0.5	50	50	70.71067811865476	50	100	0
chr1	37616332	37631345	Amillepora03121	16	1	0.0625	0.0625	6.25	0	25	6.25	100	0
chr1	37637503	37660917	Amillepora03124	19	0	0	0	0	0	0	0	0	0
chr1	37733362	37739598	Amillepora03132	11	0	0	0	0	0	0	0	0	0
chr1	37712602	37717488	Amillepora03130	8	0	0	0	0	0	0	0	0	0
chr1	37781563	37787665	Amillepora03136	7	1	0.14285714285714285	0.14285714285714285	14.285714285714286	0	37.79644730092272	14.285714285714285	100	0
chr1	37758611	37774672	Amillepora03135	20	1	0.05	0.047619047619047616	5	0	22.360679774997898	5	100	0
chr1	37725913	37726359	Amillepora03131	1	0	0	0	0	0	NA	NA	0	0
chr1	37687660	37699686	Amillepora03128	12	1	0.08333333333333333	0.08333333333333333	8.333333333333334	0	28.86751345948129	8.333333333333334	100	0
chr1	37823402	37825647	Amillepora03138	7	0	0	0	0	0	0	0	0	0
chr1	37857169	37872636	Amillepora03141	16	1	0.0625	0.058823529411764705	6.25	0	25	6.25	100	0
chr1	37874663	37877686	Amillepora03142	3	0	0	0	0	0	0	0	0	0
chr1	37831655	37847210	Amillepora03139	28	1	0.03571428571428571	0.03571428571428571	3.5714285714285716	0	18.898223650461347	3.571428571428571	100	0
chr1	37926014	37932901	Amillepora03148	7	1	0.14285714285714285	0.14285714285714285	14.285714285714286	0	37.79644730092272	14.285714285714285	100	0
chr1	37911043	37922391	Amillepora03146	11	1	0.09090909090909091	0.09090909090909091	9.090909090909092	0	30.151134457776358	9.09090909090909	100	0
chr1	37897915	37905053	Amillepora03144	5	0	0	0	0	0	0	0	0	0
chr1	37922442	37923291	Amillepora03147	4	0	0	0	0	0	0	0	0	0
chr1	37886655	37892950	Amillepora03143	7	0	0	0	0	0	0	0	0	0
chr1	37967796	38005409	Amillepora03150	15	7	0.4666666666666667	0.4666666666666667	46.666666666666664	0	51.63977794943223	13.333333333333332	100	0
chr1	38009913	38012579	Amillepora03153	2	0	0	0	0	0	0	0	0	0
chr1	38003567	38005061	Amillepora03152	1	1	1	1	100	100	NA	NA	100	100
chr1	37943336	37967566	Amillepora03149	32	3	0.09375	0.09375	9.375	0	29.614458108029904	5.23514603733822	100	0
chr1	38127834	38132207	Amillepora03158	5	0	0	0	0	0	0	0	0	0
chr1	38110765	38118635	Amillepora03156	6	0	0	0	0	0	0	0	0	0
chr1	38040601	38110668	Amillepora03154	48	1	0.020833333333333332	0.020833333333333332	2.0833333333333335	0	14.433756729740644	2.0833333333333335	100	0
chr1	38138449	38145657	Amillepora03159	11	3	0.2727272727272727	0.2727272727272727	27.272727272727273	0	46.70993664969137	14.083575804390607	100	0
chr1	38335566	38336428	Amillepora03163	2	0	0	0	0	0	0	0	0	0
chr1	38330065	38332712	Amillepora03162	7	0	0	0	0	0	0	0	0	0
chr1	38364300	38373404	Amillepora03165	2	0	0	0	0	0	0	0	0	0
chr1	38375008	38385835	Amillepora03166	8	1	0.125	0.125	12.5	0	35.35533905932738	12.5	100	0
chr1	38344899	38357772	Amillepora03164	19	0	0	0	0	0	0	0	0	0
chr1	38393944	38404684	Amillepora03168	8	0	0	0	0	0	0	0	0	0
chr1	38429380	38447231	Amillepora03170	14	0	0	0	0	0	0	0	0	0
chr1	38474088	38486859	Amillepora03172	12	0	0	0	0	0	0	0	0	0
chr1	38568788	38573775	Amillepora03179	6	0	0	0	0	0	0	0	0	0
chr1	38541009	38553827	Amillepora03177	15	2	0.13333333333333333	0.13333333333333333	13.333333333333334	0	35.18657752744984	9.085135251589959	100	0
chr1	38513937	38529360	Amillepora03174	20	0	0	0	0	0	0	0	0	0
chr1	38529425	38530513	Amillepora03175	3	0	0	0	0	0	0	0	0	0
chr1	38530593	38535800	Amillepora03176	8	0	0	0	0	0	0	0	0	0
chr1	38491615	38511109	Amillepora03173	15	0	0	0	0	0	0	0	0	0
chr1	38588366	38596311	Amillepora03181	4	0	0	0	0	0	0	0	0	0
chr1	38650744	38658565	Amillepora03190	6	1	0.16666666666666666	0.16666666666666666	16.666666666666668	0	40.8248290463863	16.66666666666667	100	0
chr1	38608799	38628835	Amillepora03184	10	1	0.1	0.1	10	0	31.622776601683793	10	100	0
chr1	38668693	38676379	Amillepora03192	1	1	1	1	100	100	NA	NA	100	100
chr1	38718673	38740753	Amillepora03193	30	3	0.1	0.09375	10	0	30.51285766293647	5.570860145311556	100	0
chr1	38840905	38869252	Amillepora03198	26	0	0	0	0	0	0	0	0	0
chr1	38755417	38838592	Amillepora03194	95	8	0.08421052631578947	0.08	7.719298245614035	0	26.38711250512444	2.707260620429312	100	0
chr1	38870933	38872852	Amillepora03199	6	0	0	0	0	0	0	0	0	0
chr1	38874247	38880396	Amillepora03200	9	0	0	0	0	0	0	0	0	0
chr1	38973609	38981105	Amillepora03205	12	0	0	0	0	0	0	0	0	0
chr1	38904978	38916192	Amillepora03201	17	2	0.11764705882352941	0.11764705882352941	11.764705882352942	0	33.21055820775357	8.05474349272303	100	0
chr1	38918298	38952502	Amillepora03202	20	3	0.15	0.15	15	0	36.634754853252325	8.191780219091253	100	0
chr1	38953938	38964899	Amillepora03203	7	0	0	0	0	0	0	0	0	0
chr1	38964913	38966280	Amillepora03204	4	0	0	0	0	0	0	0	0	0
chr1	39001630	39005643	Amillepora03208	6	0	0	0	0	0	0	0	0	0
chr1	39008192	39014910	Amillepora03209	11	0	0	0	0	0	0	0	0	0
chr1	38986220	38994883	Amillepora03206	17	0	0	0	0	0	0	0	0	0
chr1	38995618	39000929	Amillepora03207	6	0	0	0	0	0	0	0	0	0
chr1	39140030	39145040	Amillepora03214	3	2	0.6666666666666666	0.6666666666666666	66.66666666666667	100	57.735026918962575	33.333333333333336	100	0
chr1	39055624	39095921	Amillepora03211	46	1	0.021739130434782608	0.021739130434782608	2.1739130434782608	0	14.744195615489726	2.1739130434782608	100	0
chr1	39160918	39183569	Amillepora03215	25	0	0	0	0	0	0	0	0	0
chr1	39104470	39143084	Amillepora03212	36	6	0.16666666666666666	0.16666666666666666	16.666666666666668	0	37.79644730092273	6.29940788348712	100	0
chr1	39189329	39193355	Amillepora03216	10	0	0	0	0	0	0	0	0	0
chr1	39292034	39297009	Amillepora03222	3	1	0.3333333333333333	0.3333333333333333	33.333333333333336	0	57.735026918962575	33.333333333333336	100	0
chr1	39322612	39325154	Amillepora03225	1	1	1	1	100	100	NA	NA	100	100
chr1	39229993	39234256	Amillepora03218	1	0	0	0	0	0	NA	NA	0	0
chr1	39308772	39322549	Amillepora03224	5	4	0.8	0.8	80	100	44.721359549995796	20	100	0
chr1	39325522	39344044	Amillepora03226	30	2	0.06666666666666667	0.06666666666666667	6.666666666666667	0	25.370813170246244	4.632055558531008	100	0
chr1	39298250	39305324	Amillepora03223	1	0	0	0	0	0	NA	NA	0	0
chr2	37398	48462	Amillepora03230	16	1	0.0625	0.0625	6.25	0	25	6.25	100	0
chr2	11372	27821	Amillepora03228	24	0	0	0	0	0	0	0	0	0
chr2	49615	50730	Amillepora03231	2	0	0	0	0	0	0	0	0	0
chr2	31166	37242	Amillepora03229	10	0	0	0	0	0	0	0	0	0
chr2	168922	178047	Amillepora03240	5	0	0	0	0	0	0	0	0	0
chr2	141175	165310	Amillepora03239	22	0	0	0	0	0	0	0	0	0
chr2	101648	114606	Amillepora03235	20	1	0.05	0.05	5	0	22.360679774997898	5	100	0
chr2	91766	100161	Amillepora03234	17	0	0	0	0	0	0	0	0	0
chr2	135574	140960	Amillepora03238	2	1	0.5	0.5	50	50	70.71067811865476	50	100	0
chr2	81407	90919	Amillepora03233	11	0	0	0	0	0	0	0	0	0
chr2	240139	255554	Amillepora03248	15	1	0.06666666666666667	0.06666666666666667	6.666666666666667	0	25.81988897471612	6.666666666666666	100	0
chr2	208997	213501	Amillepora03243	3	1	0.3333333333333333	0.3333333333333333	33.333333333333336	0	57.735026918962575	33.333333333333336	100	0
chr2	219416	226229	Amillepora03245	5	4	0.8	0.8	80	100	44.721359549995796	20	100	0
chr2	226788	239992	Amillepora03246	2	2	1	1	100	100	0	0	100	100
chr2	185761	190045	Amillepora03241	11	0	0	0	0	0	0	0	0	0
chr2	256219	259496	Amillepora03249	7	0	0	0	0	0	0	0	0	0
chr2	282445	292946	Amillepora03251	7	0	0	0	0	0	0	0	0	0
chr2	296889	303020	Amillepora03252	6	1	0.16666666666666666	0.16666666666666666	16.666666666666668	0	40.82482904638629	16.66666666666667	100	0
chr2	353154	386920	Amillepora03259	34	0	0	0	0	0	0	0	0	0
chr2	324665	332004	Amillepora03255	9	1	0.1111111111111111	0.1111111111111111	11.11111111111111	0	33.333333333333336	11.111111111111112	100	0
chr2	337668	351641	Amillepora03257	6	0	0	0	0	0	0	0	0	0
chr2	303790	313777	Amillepora03253	8	2	0.25	0.25	25	0	46.29100498862757	16.366341767699428	100	0
chr2	331789	337596	Amillepora03256	9	0	0	0	0	0	0	0	0	0
chr2	319345	324481	Amillepora03254	8	1	0.125	0.125	12.5	0	35.35533905932738	12.5	100	0
chr2	392685	404764	Amillepora03261	14	0	0	0	0	0	0	0	0	0
chr2	417165	430327	Amillepora03264	7	1	0.14285714285714285	0.14285714285714285	14.285714285714286	0	37.79644730092272	14.285714285714285	100	0
chr2	551766	559692	Amillepora03267	7	1	0.14285714285714285	0.14285714285714285	14.285714285714286	0	37.79644730092272	14.285714285714285	100	0
chr2	560169	569618	Amillepora03269	6	0	0	0	0	0	0	0	0	0
chr2	672557	675638	Amillepora03281	2	0	0	0	0	0	0	0	0	0
chr2	659631	669007	Amillepora03279	4	0	0	0	0	0	0	0	0	0
chr2	643539	657758	Amillepora03278	16	0	0	0	0	0	0	0	0	0
chr2	595915	598329	Amillepora03273	2	0	0	0	0	0	0	0	0	0
chr2	610877	618708	Amillepora03275	2	0	0	0	0	0	0	0	0	0
chr2	584755	589765	Amillepora03272	3	0	0	0	0	0	0	0	0	0
chr2	634086	637491	Amillepora03277	2	0	0	0	0	0	0	0	0	0
chr2	622905	625333	Amillepora03276	6	0	0	0	0	0	0	0	0	0
chr2	571789	574944	Amillepora03270	4	0	0	0	0	0	0	0	0	0
chr2	766738	770819	Amillepora03293	1	0	0	0	0	0	NA	NA	0	0
chr2	752804	755642	Amillepora03291	9	1	0.1111111111111111	0.1111111111111111	11.11111111111111	0	33.333333333333336	11.111111111111112	100	0
chr2	708668	718943	Amillepora03288	12	1	0.08333333333333333	0.08333333333333333	8.333333333333334	0	28.867513459481298	8.333333333333334	100	0
chr2	727591	731645	Amillepora03290	7	0	0	0	0	0	0	0	0	0
chr2	699814	703309	Amillepora03286	1	1	1	1	100	100	NA	NA	100	100
chr2	876100	882626	Amillepora03304	3	1	0.3333333333333333	0.3333333333333333	33.333333333333336	0	57.735026918962575	33.333333333333336	100	0
chr2	819923	832912	Amillepora03298	3	0	0	0	0	0	0	0	0	0
chr2	833530	838702	Amillepora03299	2	0	0	0	0	0	0	0	0	0
chr2	796411	802112	Amillepora03296	1	0	0	0	0	0	NA	NA	0	0
chr2	790589	792491	Amillepora03295	1	0	0	0	0	0	NA	NA	0	0
chr2	839580	843978	Amillepora03300	2	0	0	0	0	0	0	0	0	0
chr2	862175	872364	Amillepora03303	3	0	0	0	0	0	0	0	0	0
chr2	856507	861557	Amillepora03302	2	0	0	0	0	0	0	0	0	0
chr2	772790	790012	Amillepora03294	2	0	0	0	0	0	0	0	0	0
chr2	802314	817549	Amillepora03297	6	0	0	0	0	0	0	0	0	0
chr2	851888	855929	Amillepora03301	2	0	0	0	0	0	0	0	0	0
chr2	915748	932734	Amillepora03309	2	0	0	0	0	0	0	0	0	0
chr2	894747	903599	Amillepora03306	1	0	0	0	0	0	NA	NA	0	0
chr2	890866	893307	Amillepora03305	5	0	0	0	0	0	0	0	0	0
chr2	961621	975946	Amillepora03314	5	0	0	0	0	0	0	0	0	0
chr2	913270	914463	Amillepora03308	1	0	0	0	0	0	NA	NA	0	0
chr2	937358	944801	Amillepora03310	2	0	0	0	0	0	0	0	0	0
chr2	1008310	1016002	Amillepora03318	13	0	0	0	0	0	0	0	0	0
chr2	1065211	1069867	Amillepora03321	7	1	0.14285714285714285	0.14285714285714285	14.285714285714286	0	37.79644730092272	14.285714285714285	100	0
chr2	994130	1005928	Amillepora03317	19	0	0	0	0	0	0	0	0	0
chr2	1081120	1087632	Amillepora03324	3	0	0	0	0	0	0	0	0	0
chr2	981226	991234	Amillepora03316	11	0	0	0	0	0	0	0	0	0
chr2	1037334	1049521	Amillepora03320	17	2	0.11764705882352941	0.11764705882352941	11.764705882352942	0	33.21055820775358	8.05474349272303	100	0
chr2	1017520	1034029	Amillepora03319	25	1	0.04	0.04	4	0	20	4	100	0
chr2	1075346	1079927	Amillepora03323	8	0	0	0	0	0	0	0	0	0
chr2	1101409	1107110	Amillepora03326	3	1	0.3333333333333333	0.3333333333333333	33.333333333333336	0	57.735026918962575	33.333333333333336	100	0
chr2	1140010	1147448	Amillepora03330	7	1	0.14285714285714285	0.14285714285714285	14.285714285714286	0	37.79644730092272	14.285714285714285	100	0
chr2	1091220	1100577	Amillepora03325	6	0	0	0	0	0	0	0	0	0
chr2	1149782	1160587	Amillepora03331	2	2	1	1	100	100	0	0	100	100
chr2	1108360	1112951	Amillepora03327	3	0	0	0	0	0	0	0	0	0
chr2	1116018	1139535	Amillepora03329	28	2	0.07142857142857142	0.07142857142857142	7.142857142857143	0	26.226526415648106	4.956347617776506	100	0
chr2	1222909	1237648	Amillepora03337	12	1	0.08333333333333333	0.08333333333333333	8.333333333333334	0	28.867513459481298	8.333333333333334	100	0
chr2	1197271	1210233	Amillepora03334	14	1	0.07142857142857142	0.07142857142857142	7.142857142857143	0	26.726124191242445	7.142857142857143	100	0
chr2	1247858	1263396	Amillepora03340	13	0	0	0	0	0	0	0	0	0
chr2	1267446	1269754	Amillepora03341	2	0	0	0	0	0	0	0	0	0
chr2	1215865	1216563	Amillepora03336	3	0	0	0	0	0	0	0	0	0
chr2	1242957	1244414	Amillepora03339	2	0	0	0	0	0	0	0	0	0
chr2	1284895	1286652	Amillepora03344	3	0	0	0	0	0	0	0	0	0
chr2	1273843	1275594	Amillepora03343	1	0	0	0	0	0	NA	NA	0	0
chr2	1162277	1191176	Amillepora03332	50	2	0.04	0.04	4	0	19.79486637221574	2.7994168488950604	100	0
chr2	1191295	1194820	Amillepora03333	6	0	0	0	0	0	0	0	0	0
chr2	1338591	1342903	Amillepora03347	8	0	0	0	0	0	0	0	0	0
chr2	1324934	1325779	Amillepora03346	5	0	0	0	0	0	0	0	0	0
chr2	1370091	1377726	Amillepora03350	3	0	0	0	0	0	0	0	0	0
chr2	1289156	1312745	Amillepora03345	22	5	0.22727272727272727	0.22727272727272727	22.727272727272727	0	42.89320272288885	9.144861547306324	100	0
chr2	1343077	1349343	Amillepora03348	11	0	0	0	0	0	0	0	0	0
chr2	1353918	1357181	Amillepora03349	6	0	0	0	0	0	0	0	0	0
chr2	1466415	1474149	Amillepora03355	19	0	0	0	0	0	0	0	0	0
chr2	1397959	1399348	Amillepora03351	4	0	0	0	0	0	0	0	0	0
chr2	1402256	1406870	Amillepora03352	2	1	0.5	0.5	50	50	70.71067811865476	50	100	0
chr2	1414215	1457131	Amillepora03354	65	5	0.07692307692307693	0.07692307692307693	7.6923076923076925	0	26.854307776478723	3.330866937632457	100	0
chr2	1410824	1411486	Amillepora03353	2	0	0	0	0	0	0	0	0	0
chr2	1484541	1497890	Amillepora03357	1	1	1	1	100	100	NA	NA	100	100
chr2	1582030	1587689	Amillepora03366	4	0	0	0	0	0	0	0	0	0
chr2	1572289	1580856	Amillepora03365	15	2	0.13333333333333333	0.13333333333333333	13.333333333333334	0	35.18657752744984	9.085135251589959	100	0
chr2	1524951	1530727	Amillepora03360	2	1	0.5	0.5	50	50	70.71067811865476	50	100	0
chr2	1524970	1529314	Amillepora03361	2	1	0.5	0.5	50	50	70.71067811865476	50	100	0
chr2	1557498	1572043	Amillepora03364	7	1	0.14285714285714285	0.14285714285714285	14.285714285714286	0	37.79644730092272	14.285714285714285	100	0
chr2	1474852	1483863	Amillepora03356	6	0	0	0	0	0	0	0	0	0
chr2	1498079	1499634	Amillepora03358	2	0	0	0	0	0	0	0	0	0
chr2	1532894	1534329	Amillepora03363	1	0	0	0	0	0	NA	NA	0	0
chr2	1504636	1507208	Amillepora03359	2	0	0	0	0	0	0	0	0	0
chr2	1644071	1647272	Amillepora03373	3	1	0.3333333333333333	0.3333333333333333	33.333333333333336	0	57.735026918962575	33.333333333333336	100	0
chr2	1589273	1594952	Amillepora03367	7	1	0.14285714285714285	0.14285714285714285	14.285714285714286	0	37.79644730092272	14.285714285714285	100	0
chr2	1648682	1653950	Amillepora03374	9	3	0.3333333333333333	0.3333333333333333	33.333333333333336	0	50	16.666666666666668	100	0
chr2	1622311	1623093	Amillepora03370	3	0	0	0	0	0	0	0	0	0
chr2	1682343	1686317	Amillepora03376	9	0	0	0	0	0	0	0	0	0
chr2	1602597	1609617	Amillepora03368	10	1	0.1	0.1	10	0	31.622776601683793	10	100	0
chr2	1606777	1620238	Amillepora03369	14	1	0.07142857142857142	0.07142857142857142	7.142857142857143	0	26.726124191242445	7.142857142857143	100	0
chr2	1629447	1643916	Amillepora03372	15	1	0.06666666666666667	0.06666666666666667	6.666666666666667	0	25.81988897471612	6.666666666666666	100	0
chr2	1659222	1680036	Amillepora03375	16	4	0.25	0.25	25	0	44.721359549995796	11.180339887498949	100	0
chr2	1691910	1693548	Amillepora03377	5	0	0	0	0	0	0	0	0	0
chr2	1746370	1773652	Amillepora03381	8	0	0	0	0	0	0	0	0	0
chr2	1725607	1733282	Amillepora03378	4	1	0.25	0.25	25	0	50	25	100	0
chr2	1727853	1735523	Amillepora03379	2	1	0.5	0.5	50	50	70.71067811865476	50	100	0
chr2	1822008	1834109	Amillepora03385	4	1	0.25	0.25	25	0	50	25	100	0
chr2	1773888	1818632	Amillepora03383	14	1	0.07142857142857142	0.07142857142857142	7.142857142857143	0	26.72612419124244	7.142857142857143	100	0
chr2	1858464	1895116	Amillepora03388	12	2	0.16666666666666666	0.16666666666666666	16.666666666666668	0	38.92494720807614	11.236664374387368	100	0
chr2	1940882	1977519	Amillepora03390	9	0	0	0	0	0	0	0	0	0
chr2	1895619	1936111	Amillepora03389	14	0	0	0	0	0	0	0	0	0
chr2	2061140	2067152	Amillepora03401	2	0	0	0	0	0	0	0	0	0
chr2	2015414	2018957	Amillepora03395	2	2	1	1	100	100	0	0	100	100
chr2	2057591	2060500	Amillepora03400	2	0	0	0	0	0	0	0	0	0
chr2	2027520	2032784	Amillepora03398	1	0	0	0	0	0	NA	NA	0	0
chr2	2068859	2073253	Amillepora03402	2	0	0	0	0	0	0	0	0	0
chr2	2002173	2010734	Amillepora03393	2	0	0	0	0	0	0	0	0	0
chr2	2117339	2119254	Amillepora03407	1	0	0	0	0	0	NA	NA	0	0
chr2	2137567	2150176	Amillepora03410	6	0	0	0	0	0	0	0	0	0
chr2	2088263	2102678	Amillepora03404	3	0	0	0	0	0	0	0	0	0
chr2	2104909	2113625	Amillepora03405	3	0	0	0	0	0	0	0	0	0
chr2	2198844	2200990	Amillepora03414	1	0	0	0	0	0	NA	NA	0	0
chr2	2174510	2198381	Amillepora03413	1	1	1	1	100	100	NA	NA	100	100
chr2	2231330	2263857	Amillepora03421	9	0	0	0	0	0	0	0	0	0
chr2	2333575	2367181	Amillepora03428	3	0	0	0	0	0	0	0	0	0
chr2	2271482	2277184	Amillepora03423	3	0	0	0	0	0	0	0	0	0
chr2	2263634	2269975	Amillepora03422	2	0	0	0	0	0	0	0	0	0
chr2	2320239	2325964	Amillepora03427	1	0	0	0	0	0	NA	NA	0	0
chr2	2310114	2314350	Amillepora03426	5	0	0	0	0	0	0	0	0	0
chr2	2287212	2309521	Amillepora03425	1	0	0	0	0	0	NA	NA	0	0
chr2	2280176	2281991	Amillepora03424	3	0	0	0	0	0	0	0	0	0
chr2	2390911	2395785	Amillepora03434	1	0	0	0	0	0	NA	NA	0	0
chr2	2371627	2383141	Amillepora03430	3	0	0	0	0	0	0	0	0	0
chr2	2375176	2377933	Amillepora03431	1	0	0	0	0	0	NA	NA	0	0
chr2	2400438	2425058	Amillepora03436	4	1	0.25	0.25	25	0	50	25	100	0
chr2	2427302	2448218	Amillepora03438	2	1	0.5	0.5	50	50	70.71067811865476	50	100	0
chr2	2516600	2519942	Amillepora03448	1	0	0	0	0	0	NA	NA	0	0
chr2	2522632	2527901	Amillepora03449	2	0	0	0	0	0	0	0	0	0
chr2	2562772	2569796	Amillepora03452	2	0	0	0	0	0	0	0	0	0
chr2	2583798	2588762	Amillepora03454	1	0	0	0	0	0	NA	NA	0	0
chr2	2482919	2484839	Amillepora03444	1	0	0	0	0	0	NA	NA	0	0
chr2	2467001	2476891	Amillepora03440	1	0	0	0	0	0	NA	NA	0	0
chr2	2449488	2460246	Amillepora03439	5	0	0	0	0	0	0	0	0	0
chr2	2523780	2577445	Amillepora03450	8	0	0	0	0	0	0	0	0	0
chr2	2499096	2512488	Amillepora03447	5	0	0	0	0	0	0	0	0	0
chr2	2596589	2599630	Amillepora03457	1	0	0	0	0	0	NA	NA	0	0
chr2	2613872	2630336	Amillepora03460	1	1	1	1	100	100	NA	NA	100	100
chr2	2601151	2604022	Amillepora03458	1	0	0	0	0	0	NA	NA	0	0
chr2	2682603	2720353	Amillepora03463	8	0	0	0	0	0	0	0	0	0
chr2	2637930	2675727	Amillepora03462	10	0	0	0	0	0	0	0	0	0
chr2	2720856	2759765	Amillepora03464	7	0	0	0	0	0	0	0	0	0
chr2	2760881	2770572	Amillepora03465	1	0	0	0	0	0	NA	NA	0	0
chr2	2775565	2818187	Amillepora03466	18	0	0	0	0	0	0	0	0	0
chr2	2849708	2852578	Amillepora03471	1	0	0	0	0	0	NA	NA	0	0
chr2	2818477	2843581	Amillepora03467	6	0	0	0	0	0	0	0	0	0
chr2	2881078	2889353	Amillepora03473	2	1	0.5	0.5	50	50	70.71067811865476	50	100	0
chr2	2951112	2962057	Amillepora03480	15	2	0.13333333333333333	0.13333333333333333	13.333333333333334	0	35.18657752744984	9.085135251589959	100	0
chr2	2869264	2881072	Amillepora03472	9	0	0	0	0	0	0	0	0	0
chr2	2917910	2943580	Amillepora03476	21	0	0	0	0	0	0	0	0	0
chr2	3040774	3047719	Amillepora03482	7	1	0.14285714285714285	0.14285714285714285	14.285714285714286	0	37.79644730092272	14.285714285714285	100	0
chr2	3062867	3076264	Amillepora03484	22	0	0	0	0	0	0	0	0	0
chr2	3051256	3059126	Amillepora03483	8	0	0	0	0	0	0	0	0	0
chr2	3096068	3108643	Amillepora03487	12	2	0.16666666666666666	0.16666666666666666	16.666666666666668	0	38.92494720807614	11.236664374387368	100	0
chr2	3144939	3156953	Amillepora03489	22	1	0.045454545454545456	0.045454545454545456	4.545454545454546	0	21.320071635561042	4.545454545454545	100	0
chr2	3111427	3119438	Amillepora03488	16	2	0.125	0.125	12.5	0	34.15650255319866	8.539125638299666	100	0
chr2	3076791	3094862	Amillepora03485	27	0	0	0	0	0	0	0	0	0
chr2	3157010	3159885	Amillepora03490	5	0	0	0	0	0	0	0	0	0
chr2	3163736	3194768	Amillepora03491	19	1	0.05263157894736842	0.05263157894736842	5.2631578947368425	0	22.941573387056177	5.263157894736841	100	0
chr2	3280551	3284517	Amillepora03494	8	0	0	0	0	0	0	0	0	0
chr2	3284958	3289786	Amillepora03495	11	0	0	0	0	0	0	0	0	0
chr2	3218013	3227550	Amillepora03492	6	0	0	0	0	0	0	0	0	0
chr2	3235647	3280383	Amillepora03493	51	3	0.058823529411764705	0.058823529411764705	5.882352941176471	0	23.76354103144018	3.3275613232308117	100	0
chr2	3379617	3388542	Amillepora03502	8	0	0	0	0	0	0	0	0	0
chr2	3361503	3370876	Amillepora03500	14	1	0.07142857142857142	0.07142857142857142	7.142857142857143	0	26.726124191242445	7.142857142857143	100	0
chr2	3302584	3306329	Amillepora03496	5	0	0	0	0	0	0	0	0	0
chr2	3345376	3361121	Amillepora03499	19	3	0.15789473684210525	0.15789473684210525	15.789473684210526	0	37.46343246326775	8.5947008518708	100	0
chr2	3372435	3379479	Amillepora03501	7	0	0	0	0	0	0	0	0	0
chr2	3334784	3337402	Amillepora03498	1	0	0	0	0	0	NA	NA	0	0
chr2	3425862	3428622	Amillepora03504	5	0	0	0	0	0	0	0	0	0
chr2	3429885	3487902	Amillepora03505	60	3	0.05	0.05	5	0	21.978417765108276	2.8374015326751194	100	0
chr2	3488716	3495371	Amillepora03508	13	3	0.23076923076923078	0.23076923076923078	23.076923076923077	0	43.85290096535146	12.162606385262997	100	0
chr2	3552245	3575036	Amillepora03515	22	0	0	0	0	0	0	0	0	0
chr2	3537268	3540862	Amillepora03512	3	1	0.3333333333333333	0.3333333333333333	33.333333333333336	0	57.735026918962575	33.333333333333336	100	0
chr2	3541709	3547464	Amillepora03514	7	0	0	0	0	0	0	0	0	0
chr2	3506953	3508659	Amillepora03510	4	0	0	0	0	0	0	0	0	0
chr2	3511001	3513345	Amillepora03511	6	1	0.16666666666666666	0.16666666666666666	16.666666666666668	0	40.82482904638629	16.66666666666667	100	0
chr2	3575079	3588533	Amillepora03516	17	1	0.058823529411764705	0.058823529411764705	5.882352941176471	0	24.253562503633297	5.88235294117647	100	0
chr2	3539195	3551153	Amillepora03513	21	0	0	0	0	0	0	0	0	0
chr2	3588630	3594933	Amillepora03517	4	2	0.5	0.5	50	50	57.735026918962575	28.867513459481287	100	0
chr2	3630507	3649802	Amillepora03523	11	0	0	0	0	0	0	0	0	0
chr2	3781240	3784264	Amillepora03534	3	0	0	0	0	0	0	0	0	0
chr2	3687419	3713385	Amillepora03526	31	0	0	0	0	0	0	0	0	0
chr2	3735963	3754075	Amillepora03529	32	1	0.03125	0.03125	3.125	0	17.67766952966369	3.125	100	0
chr2	3777888	3781118	Amillepora03533	12	0	0	0	0	0	0	0	0	0
chr2	3658840	3679180	Amillepora03524	25	1	0.04	0.04	4	0	20	4	100	0
chr2	3721750	3735633	Amillepora03528	11	0	0	0	0	0	0	0	0	0
chr2	3754969	3769773	Amillepora03530	8	4	0.5	0.5	50	50	53.45224838248488	18.89822365046136	100	0
chr2	3788658	3793682	Amillepora03536	13	0	0	0	0	0	0	0	0	0
chr2	3794337	3808999	Amillepora03537	12	0	0	0	0	0	0	0	0	0
chr2	3835095	3838279	Amillepora03538	7	1	0.14285714285714285	0.14285714285714285	14.285714285714286	0	37.79644730092272	14.285714285714285	100	0
chr2	3858329	3861576	Amillepora03541	5	0	0	0	0	0	0	0	0	0
chr2	3840610	3850259	Amillepora03539	8	0	0	0	0	0	0	0	0	0
chr2	3866862	3872393	Amillepora03542	10	0	0	0	0	0	0	0	0	0
chr2	3899149	3902525	Amillepora03547	5	1	0.2	0.2	20	0	44.721359549995796	20	100	0
chr2	3884145	3894832	Amillepora03544	13	0	0	0	0	0	0	0	0	0
chr2	3929406	3939850	Amillepora03551	20	0	0	0	0	0	0	0	0	0
chr2	3909291	3913945	Amillepora03548	5	0	0	0	0	0	0	0	0	0
chr2	3898285	3902521	Amillepora03546	6	1	0.16666666666666666	0.16666666666666666	16.666666666666668	0	40.8248290463863	16.66666666666667	100	0
chr2	3940066	3945413	Amillepora03552	4	0	0	0	0	0	0	0	0	0
chr2	3981864	3987131	Amillepora03555	2	0	0	0	0	0	0	0	0	0
chr2	3946136	3979773	Amillepora03553	25	4	0.16	0.16	16	0	37.416573867739416	7.4833147735478835	100	0
chr2	3893353	3894949	Amillepora03545	3	0	0	0	0	0	0	0	0	0
chr2	4064067	4075313	Amillepora03564	27	1	0.037037037037037035	0.037037037037037035	3.7037037037037037	0	19.245008972987545	3.703703703703704	100	0
chr2	4050046	4056511	Amillepora03562	5	1	0.2	0.2	20	0	44.721359549995796	20	100	0
chr2	4041259	4043776	Amillepora03560	2	0	0	0	0	0	0	0	0	0
chr2	3992496	4004588	Amillepora03556	8	1	0.125	0.125	12.5	0	35.35533905932738	12.5	100	0
chr2	4009391	4041336	Amillepora03557	23	2	0.08695652173913043	0.08695652173913043	8.695652173913043	0	28.810406552003034	6.007385040937022	100	0
chr2	4092806	4101659	Amillepora03566	4	0	0	0	0	0	0	0	0	0
chr2	4121190	4122437	Amillepora03568	4	0	0	0	0	0	0	0	0	0
chr2	4102535	4114396	Amillepora03567	6	0	0	0	0	0	0	0	0	0
chr2	4075551	4092651	Amillepora03565	21	3	0.14285714285714285	0.14285714285714285	14.285714285714286	0	35.856858280031815	7.824607964359516	100	0
chr2	4131723	4168215	Amillepora03569	24	6	0.25	0.25	25	0	44.23258684646914	9.02893898143269	100	0
chr2	4250647	4260093	Amillepora03576	7	0	0	0	0	0	0	0	0	0
chr2	4240994	4247344	Amillepora03575	4	0	0	0	0	0	0	0	0	0
chr2	4176852	4198338	Amillepora03571	32	1	0.03125	0.03125	3.125	0	17.67766952966369	3.125	100	0
chr2	4217721	4226471	Amillepora03574	6	0	0	0	0	0	0	0	0	0
chr2	4260268	4265410	Amillepora03577	5	0	0	0	0	0	0	0	0	0
chr2	4266279	4269646	Amillepora03578	3	0	0	0	0	0	0	0	0	0
chr2	4309350	4314281	Amillepora03581	2	0	0	0	0	0	0	0	0	0
chr2	4329046	4330962	Amillepora03583	10	0	0	0	0	0	0	0	0	0
chr2	4274755	4288380	Amillepora03579	18	1	0.05555555555555555	0.05555555555555555	5.555555555555555	0	23.57022603955158	5.555555555555556	100	0
chr2	4324028	4345630	Amillepora03582	21	0	0	0	0	0	0	0	0	0
chr2	4348637	4355513	Amillepora03584	3	0	0	0	0	0	0	0	0	0
chr2	4392810	4399814	Amillepora03590	4	1	0.25	0.25	25	0	50	25	100	0
chr2	4404002	4414285	Amillepora03592	1	0	0	0	0	0	NA	NA	0	0
chr2	4368798	4376520	Amillepora03587	2	0	0	0	0	0	0	0	0	0
chr2	4445806	4454347	Amillepora03596	2	0	0	0	0	0	0	0	0	0
chr2	4461916	4465917	Amillepora03597	1	0	0	0	0	0	NA	NA	0	0
chr2	4426120	4435363	Amillepora03595	2	0	0	0	0	0	0	0	0	0
chr2	4506926	4511187	Amillepora03603	1	0	0	0	0	0	NA	NA	0	0
chr2	4497011	4503519	Amillepora03600	3	1	0.3333333333333333	0.3333333333333333	33.333333333333336	0	57.735026918962575	33.333333333333336	100	0
chr2	4539750	4557156	Amillepora03606	8	2	0.25	0.25	25	0	46.29100498862757	16.366341767699428	100	0
chr2	4488957	4496950	Amillepora03599	2	1	0.5	0.5	50	50	70.71067811865476	50	100	0
chr2	4511476	4535000	Amillepora03604	34	3	0.08823529411764706	0.08823529411764706	8.823529411764707	0	28.790224128123672	4.937482703908927	100	0
chr2	4504443	4506877	Amillepora03601	3	0	0	0	0	0	0	0	0	0
chr2	4538546	4539523	Amillepora03605	1	0	0	0	0	0	NA	NA	0	0
chr2	4603933	4606517	Amillepora03611	4	0	0	0	0	0	0	0	0	0
chr2	4558462	4589930	Amillepora03608	19	1	0.05263157894736842	0.05263157894736842	5.2631578947368425	0	22.941573387056184	5.263157894736841	100	0
chr2	4675120	4676796	Amillepora03620	5	1	0.2	0.2	20	0	44.721359549995796	20	100	0
chr2	4590337	4592634	Amillepora03610	5	0	0	0	0	0	0	0	0	0
chr2	4644583	4674061	Amillepora03616	12	5	0.4166666666666667	0.4166666666666667	41.666666666666664	0	51.49286505444372	14.864709750264078	100	0
chr2	4678502	4723231	Amillepora03621	58	4	0.06896551724137931	0.06896551724137931	6.896551724137931	0	25.56085937053831	3.3563052647743974	100	0
chr2	4739624	4757342	Amillepora03624	11	0	0	0	0	0	0	0	0	0
chr2	4614066	4637249	Amillepora03613	28	3	0.10714285714285714	0.10714285714285714	10.714285714285714	0	31.497039417435612	5.952380952380952	100	0
chr2	4772251	4776513	Amillepora03626	2	0	0	0	0	0	0	0	0	0
chr2	4723521	4742799	Amillepora03623	25	0	0	0	0	0	0	0	0	0
chr2	4782426	4787819	Amillepora03627	1	0	0	0	0	0	NA	NA	0	0
chr2	4762084	4772060	Amillepora03625	16	2	0.125	0.125	12.5	0	34.15650255319866	8.539125638299666	100	0
chr2	4817975	4822270	Amillepora03630	1	0	0	0	0	0	NA	NA	0	0
chr2	4799948	4804417	Amillepora03628	2	0	0	0	0	0	0	0	0	0
chr2	4863644	4867300	Amillepora03635	1	0	0	0	0	0	NA	NA	0	0
chr2	4831312	4843258	Amillepora03632	13	0	0	0	0	0	0	0	0	0
chr2	4845636	4850529	Amillepora03633	7	2	0.2857142857142857	0.2857142857142857	28.571428571428573	0	48.79500364742666	18.442777839082936	100	0
chr2	4922085	4928522	Amillepora03646	3	0	0	0	0	0	0	0	0	0
chr2	4891439	4894628	Amillepora03642	1	0	0	0	0	0	NA	NA	0	0
chr2	4902029	4916408	Amillepora03644	4	3	0.75	0.75	75	100	50	25	100	0
chr2	4868597	4873707	Amillepora03636	3	3	1	1	100	100	0	0	100	100
chr2	4929508	4958503	Amillepora03647	39	1	0.02564102564102564	0.02564102564102564	2.5641025641025643	0	16.012815380508695	2.564102564102564	100	0
chr2	4880416	4890986	Amillepora03640	3	3	1	1	100	100	0	0	100	100
chr2	4916680	4921908	Amillepora03645	2	2	1	1	100	100	0	0	100	100
chr2	4987628	4990866	Amillepora03648	12	0	0	0	0	0	0	0	0	0
chr2	5003392	5012071	Amillepora03650	1	1	1	1	100	100	NA	NA	100	100
chr2	5060041	5063457	Amillepora03656	8	0	0	0	0	0	0	0	0	0
chr2	5029235	5039131	Amillepora03654	6	1	0.16666666666666666	0.16666666666666666	16.666666666666668	0	40.8248290463863	16.66666666666667	100	0
chr2	4990941	5003110	Amillepora03649	12	4	0.3333333333333333	0.3333333333333333	33.333333333333336	0	49.23659639173309	14.213381090374028	100	0
chr2	5016189	5020047	Amillepora03652	3	0	0	0	0	0	0	0	0	0
chr2	5021094	5027621	Amillepora03653	11	3	0.2727272727272727	0.2727272727272727	27.272727272727273	0	46.70993664969137	14.083575804390607	100	0
chr2	5131145	5139142	Amillepora03660	15	0	0	0	0	0	0	0	0	0
chr2	5139884	5148901	Amillepora03661	11	3	0.2727272727272727	0.2727272727272727	27.272727272727273	0	46.70993664969137	14.083575804390607	100	0
chr2	5039212	5086914	Amillepora03655	54	3	0.05555555555555555	0.05555555555555555	5.555555555555555	0	23.121228232266404	3.146400633082523	100	0
chr2	5159294	5160022	Amillepora03662	5	1	0.2	0.2	20	0	44.721359549995796	20	100	0
chr2	5092398	5102890	Amillepora03658	10	2	0.2	0.2	20	0	42.16370213557839	13.333333333333332	100	0
chr2	5087151	5090509	Amillepora03657	1	0	0	0	0	0	NA	NA	0	0
chr2	5102486	5126874	Amillepora03659	36	0	0	0	0	0	0	0	0	0
chr2	5228742	5230623	Amillepora03665	6	0	0	0	0	0	0	0	0	0
chr2	5232123	5252792	Amillepora03666	11	2	0.18181818181818182	0.18181818181818182	18.181818181818183	0	40.45199174779452	12.196734422726125	100	0
chr2	5176502	5208392	Amillepora03663	29	0	0	0	0	0	0	0	0	0
chr2	5366559	5368946	Amillepora03675	1	0	0	0	0	0	NA	NA	0	0
chr2	5326299	5328131	Amillepora03672	6	0	0	0	0	0	0	0	0	0
chr2	5373094	5382943	Amillepora03676	2	2	1	1	100	100	0	0	100	100
chr2	5265526	5275776	Amillepora03669	4	0	0	0	0	0	0	0	0	0
chr2	5350530	5363053	Amillepora03674	10	4	0.4	0.4	40	0	51.63977794943222	16.329931618554518	100	0
chr2	5334971	5345984	Amillepora03673	17	0	0	0	0	0	0	0	0	0
chr2	5253992	5263738	Amillepora03668	14	0	0	0	0	0	0	0	0	0
chr2	5311039	5314295	Amillepora03671	8	1	0.125	0.125	12.5	0	35.35533905932738	12.5	100	0
chr2	5283413	5305727	Amillepora03670	28	1	0.03571428571428571	0.03571428571428571	3.5714285714285716	0	18.898223650461347	3.571428571428571	100	0
chr2	5445161	5455739	Amillepora03686	8	1	0.125	0.125	12.5	0	35.35533905932738	12.5	100	0
chr2	5397171	5405858	Amillepora03680	8	1	0.125	0.125	12.5	0	35.35533905932738	12.5	100	0
chr2	5458413	5467685	Amillepora03687	5	4	0.8	0.8	80	100	44.721359549995796	20	100	0
chr2	5435824	5445084	Amillepora03684	3	3	1	1	100	100	0	0	100	100
chr2	5409826	5425277	Amillepora03681	10	6	0.6	0.6	60	100	51.63977794943222	16.329931618554518	100	0
chr2	5472964	5484380	Amillepora03688	6	2	0.3333333333333333	0.3333333333333333	33.333333333333336	0	51.63977794943222	21.081851067789195	100	0
chr2	5385293	5389850	Amillepora03679	7	2	0.2857142857142857	0.2857142857142857	28.571428571428573	0	48.79500364742666	18.442777839082936	100	0
chr2	5498101	5500600	Amillepora03691	3	0	0	0	0	0	0	0	0	0
chr2	5488733	5491204	Amillepora03689	7	0	0	0	0	0	0	0	0	0
chr2	5539480	5542198	Amillepora03694	1	1	1	1	100	100	NA	NA	100	100
chr2	5579165	5588626	Amillepora03698	11	0	0	0	0	0	0	0	0	0
chr2	5567779	5578657	Amillepora03696	2	2	1	1	100	100	0	0	100	100
chr2	5517526	5518263	Amillepora03693	2	0	0	0	0	0	0	0	0	0
chr2	5501184	5506244	Amillepora03692	8	0	0	0	0	0	0	0	0	0
chr2	5493206	5494330	Amillepora03690	3	1	0.3333333333333333	0.3333333333333333	33.333333333333336	0	57.735026918962575	33.333333333333336	100	0
chr2	5560822	5564664	Amillepora03695	2	0	0	0	0	0	0	0	0	0
chr2	5608405	5611492	Amillepora03702	3	0	0	0	0	0	0	0	0	0
chr2	5647706	5653876	Amillepora03705	12	1	0.08333333333333333	0.07692307692307693	8.333333333333334	0	28.8675134594813	8.333333333333334	100	0
chr2	5625063	5634415	Amillepora03703	2	1	0.5	0.5	50	50	70.71067811865476	50	100	0
chr2	5589295	5595834	Amillepora03699	5	0	0	0	0	0	0	0	0	0
chr2	5636065	5644197	Amillepora03704	10	0	0	0	0	0	0	0	0	0
chr2	5608211	5631099	Amillepora03701	17	2	0.11764705882352941	0.11764705882352941	11.764705882352942	0	33.21055820775357	8.05474349272303	100	0
chr2	5596890	5607900	Amillepora03700	9	3	0.3333333333333333	0.3333333333333333	33.333333333333336	0	49.99999999999999	16.666666666666668	100	0
chr2	5763204	5766439	Amillepora03710	3	0	0	0	0	0	0	0	0	0
chr2	5695658	5696713	Amillepora03706	4	0	0	0	0	0	0	0	0	0
chr2	5753736	5761012	Amillepora03707	8	1	0.125	0.125	12.5	0	35.35533905932738	12.5	100	0
chr2	5768789	5773974	Amillepora03711	1	0	0	0	0	0	NA	NA	0	0
chr2	5794484	5816392	Amillepora03714	10	3	0.3	0.3	30	0	48.3045891539648	15.275252316519467	100	0
chr2	5828381	5843786	Amillepora03717	5	2	0.4	0.4	40	0	54.772255750516614	24.49489742783178	100	0
chr2	5847997	5857294	Amillepora03718	6	0	0	0	0	0	0	0	0	0
chr2	5858450	5868112	Amillepora03719	6	2	0.3333333333333333	0.3333333333333333	33.333333333333336	0	51.63977794943222	21.081851067789195	100	0
chr2	5787179	5790929	Amillepora03713	1	0	0	0	0	0	NA	NA	0	0
chr2	5868663	5879609	Amillepora03720	7	6	0.8571428571428571	0.8571428571428571	85.71428571428571	100	37.79644730092272	14.285714285714285	100	0
chr2	5819345	5828037	Amillepora03716	3	0	0	0	0	0	0	0	0	0
chr2	5879844	5883995	Amillepora03721	5	2	0.4	0.4	40	0	54.772255750516614	24.49489742783178	100	0
chr2	5961429	5964960	Amillepora03730	3	2	0.6666666666666666	0.6666666666666666	66.66666666666667	100	57.73502691896258	33.333333333333336	100	0
chr2	5892765	5906602	Amillepora03723	16	0	0	0	0	0	0	0	0	0
chr2	5958069	5960891	Amillepora03729	1	1	1	1	100	100	NA	NA	100	100
chr2	5938000	5940601	Amillepora03726	7	0	0	0	0	0	0	0	0	0
chr2	5907639	5923785	Amillepora03724	21	0	0	0	0	0	0	0	0	0
chr2	5953552	5957004	Amillepora03728	4	0	0	0	0	0	0	0	0	0
chr2	5950470	5953337	Amillepora03727	4	0	0	0	0	0	0	0	0	0
chr2	6039288	6048753	Amillepora03739	22	1	0.045454545454545456	0.045454545454545456	4.545454545454546	0	21.32007163556104	4.545454545454545	100	0
chr2	6051774	6053957	Amillepora03740	1	0	0	0	0	0	NA	NA	0	0
chr2	6019536	6026469	Amillepora03736	4	0	0	0	0	0	0	0	0	0
chr2	6031608	6038640	Amillepora03738	9	0	0	0	0	0	0	0	0	0
chr2	5990345	6005358	Amillepora03733	8	0	0	0	0	0	0	0	0	0
chr2	6076828	6089188	Amillepora03744	3	2	0.6666666666666666	0.6666666666666666	66.66666666666667	100	57.73502691896258	33.333333333333336	100	0
chr2	6053564	6072017	Amillepora03741	6	2	0.3333333333333333	0.42857142857142855	33.333333333333336	0	51.63977794943222	21.081851067789195	100	0
chr2	5968559	5983593	Amillepora03732	28	1	0.03571428571428571	0.03571428571428571	3.5714285714285716	0	18.898223650461354	3.571428571428571	100	0
chr2	6118539	6135779	Amillepora03747	6	0	0	0	0	0	0	0	0	0
chr2	6101936	6115493	Amillepora03746	2	0	0	0	0	0	0	0	0	0
chr2	6089973	6132770	Amillepora03745	5	1	0.2	0.2	20	0	44.721359549995796	20	100	0
chr2	6254619	6259953	Amillepora03755	1	0	0	0	0	0	NA	NA	0	0
chr2	6350331	6359256	Amillepora03762	2	1	0.5	0.5	50	50	70.71067811865476	50	100	0
chr2	6261606	6303774	Amillepora03756	34	1	0.029411764705882353	0.029411764705882353	2.9411764705882355	0	17.149858514250884	2.941176470588235	100	0
chr2	6360936	6378296	Amillepora03763	11	0	0	0	0	0	0	0	0	0
chr2	6325175	6332067	Amillepora03760	5	0	0	0	0	0	0	0	0	0
chr2	6449057	6455493	Amillepora03768	1	1	1	1	100	100	NA	NA	100	100
chr2	6388476	6420617	Amillepora03764	27	0	0	0	0	0	0	0	0	0
chr2	6427642	6429027	Amillepora03765	2	0	0	0	0	0	0	0	0	0
chr2	6530704	6537743	Amillepora03774	8	0	0	0	0	0	0	0	0	0
chr2	6443470	6446691	Amillepora03767	8	1	0.125	0.125	12.5	0	35.35533905932738	12.5	100	0
chr2	6440466	6441444	Amillepora03766	3	0	0	0	0	0	0	0	0	0
chr2	6455607	6497656	Amillepora03769	23	2	0.08695652173913043	0.08695652173913043	8.695652173913043	0	28.810406552003034	6.007385040937022	100	0
chr2	6499534	6500607	Amillepora03772	2	0	0	0	0	0	0	0	0	0
chr2	6681498	6689483	Amillepora03778	16	0	0	0	0	0	0	0	0	0
chr2	6609340	6611279	Amillepora03775	2	0	0	0	0	0	0	0	0	0
chr2	6628841	6659570	Amillepora03776	22	1	0.045454545454545456	0.045454545454545456	4.545454545454546	0	21.320071635561042	4.545454545454545	100	0
chr2	6720918	6731229	Amillepora03781	3	2	0.6666666666666666	0.6666666666666666	66.66666666666667	100	57.735026918962575	33.333333333333336	100	0
chr2	6703962	6714252	Amillepora03780	8	0	0	0	0	0	0	0	0	0
chr2	6746015	6769835	Amillepora03783	16	3	0.1875	0.1875	18.75	0	40.311288741492746	10.077822185373186	100	0
chr2	6690893	6701372	Amillepora03779	6	1	0.16666666666666666	0.16666666666666666	16.666666666666668	0	40.82482904638629	16.66666666666667	100	0
chr2	6804176	6809951	Amillepora03789	14	1	0.07142857142857142	0.07142857142857142	7.142857142857143	0	26.72612419124244	7.142857142857143	100	0
chr2	6773965	6782713	Amillepora03785	7	0	0	0	0	0	0	0	0	0
chr2	6850088	6851017	Amillepora03792	1	0	0	0	0	0	NA	NA	0	0
chr2	6784060	6793387	Amillepora03787	7	2	0.2857142857142857	0.2857142857142857	28.571428571428573	0	48.79500364742666	18.442777839082936	100	0
chr2	6811084	6817323	Amillepora03790	1	1	1	1	100	100	NA	NA	100	100
chr2	6795803	6804130	Amillepora03788	3	0	0	0	0	0	0	0	0	0
chr2	6936172	6938373	Amillepora03795	3	1	0.3333333333333333	0.3333333333333333	33.333333333333336	0	57.735026918962575	33.333333333333336	100	0
chr2	6951176	6954586	Amillepora03796	1	1	1	1	100	100	NA	NA	100	100
chr2	6888943	6896687	Amillepora03793	12	0	0	0	0	0	0	0	0	0
chr2	7055762	7058262	Amillepora03802	4	0	0	0	0	0	0	0	0	0
chr2	7068202	7068573	Amillepora03804	1	0	0	0	0	0	NA	NA	0	0
chr2	7052536	7055698	Amillepora03801	2	0	0	0	0	0	0	0	0	0
chr2	7017261	7027460	Amillepora03800	4	0	0	0	0	0	0	0	0	0
chr2	7121654	7126402	Amillepora03808	4	0	0	0	0	0	0	0	0	0
chr2	7140634	7144009	Amillepora03811	1	0	0	0	0	0	NA	NA	0	0
chr2	7077717	7082594	Amillepora03805	6	0	0	0	0	0	0	0	0	0
chr2	7138123	7140604	Amillepora03810	1	0	0	0	0	0	NA	NA	0	0
chr2	7091839	7099580	Amillepora03806	1	0	0	0	0	0	NA	NA	0	0
chr2	7180329	7188881	Amillepora03813	5	0	0	0	0	0	0	0	0	0
chr2	7250480	7253488	Amillepora03815	6	0	0	0	0	0	0	0	0	0
chr2	7345972	7348288	Amillepora03818	4	0	0	0	0	0	0	0	0	0
chr2	7265375	7308792	Amillepora03816	32	3	0.09375	0.09375	9.375	0	29.614458108029904	5.23514603733822	100	0
chr2	7356800	7363498	Amillepora03819	9	1	0.1111111111111111	0.1111111111111111	11.11111111111111	0	33.333333333333336	11.111111111111112	100	0
chr2	7434433	7435887	Amillepora03828	1	0	0	0	0	0	NA	NA	0	0
chr2	7411105	7418838	Amillepora03826	7	0	0	0	0	0	0	0	0	0
chr2	7399894	7407425	Amillepora03825	10	0	0	0	0	0	0	0	0	0
chr2	7365542	7389199	Amillepora03820	17	3	0.17647058823529413	0.17647058823529413	17.647058823529413	0	39.295262399668786	9.530501027070382	100	0
chr2	7427111	7431002	Amillepora03827	3	0	0	0	0	0	0	0	0	0
chr2	7565862	7567823	Amillepora03837	4	0	0	0	0	0	0	0	0	0
chr2	7537773	7538096	Amillepora03833	1	0	0	0	0	0	NA	NA	0	0
chr2	7534242	7536308	Amillepora03832	2	1	0.5	0.5	50	50	70.71067811865476	50	100	0
chr2	7603677	7605811	Amillepora03840	2	0	0	0	0	0	0	0	0	0
chr2	7651197	7662389	Amillepora03841	3	0	0	0	0	0	0	0	0	0
chr2	7588603	7600471	Amillepora03839	8	0	0	0	0	0	0	0	0	0
chr2	7711412	7712775	Amillepora03845	1	0	0	0	0	0	NA	NA	0	0
chr2	7858691	7864527	Amillepora03861	1	0	0	0	0	0	NA	NA	0	0
chr2	7775864	7803432	Amillepora03849	3	0	0	0	0	0	0	0	0	0
chr2	7768286	7792887	Amillepora03848	6	0	0	0	0	0	0	0	0	0
chr2	7794152	7799966	Amillepora03850	1	0	0	0	0	0	NA	NA	0	0
chr2	7938364	7954635	Amillepora03867	28	2	0.07142857142857142	0.07142857142857142	7.142857142857143	0	26.22652641564811	4.956347617776506	100	0
chr2	7916631	7928202	Amillepora03865	11	5	0.45454545454545453	0.45454545454545453	45.45454545454545	0	52.22329678670935	15.745916432444341	100	0
chr2	7970829	7971224	Amillepora03869	1	0	0	0	0	0	NA	NA	0	0
chr2	7869549	7906306	Amillepora03862	27	2	0.07407407407407407	0.07407407407407407	7.407407407407407	0	26.688025634181187	5.13611292801138	100	0
chr2	7910555	7916382	Amillepora03864	2	0	0	0	0	0	0	0	0	0
chr2	8041302	8052007	Amillepora03871	1	0	0	0	0	0	NA	NA	0	0
chr2	8018795	8027653	Amillepora03870	1	0	0	0	0	0	NA	NA	0	0
chr2	8063699	8066481	Amillepora03872	1	0	0	0	0	0	NA	NA	0	0
chr2	8140072	8141963	Amillepora03877	4	1	0.25	0.25	25	0	50	25	100	0
chr2	8143148	8146273	Amillepora03878	6	0	0	0	0	0	0	0	0	0
chr2	8115322	8122752	Amillepora03874	1	0	0	0	0	0	NA	NA	0	0
chr2	8128351	8135101	Amillepora03875	1	0	0	0	0	0	NA	NA	0	0
chr2	8243889	8260678	Amillepora03886	17	5	0.29411764705882354	0.29411764705882354	29.41176470588235	0	46.96682183138622	11.391127488845344	100	0
chr2	8222520	8226151	Amillepora03884	4	0	0	0	0	0	0	0	0	0
chr2	8156872	8169840	Amillepora03880	9	2	0.2222222222222222	0.2222222222222222	22.22222222222222	0	44.09585518440984	14.698618394803281	100	0
chr2	8209424	8217610	Amillepora03883	7	0	0	0	0	0	0	0	0	0
chr2	8174521	8186750	Amillepora03881	16	2	0.125	0.125	12.5	0	34.15650255319866	8.539125638299666	100	0
chr2	8230426	8244368	Amillepora03885	11	0	0	0	0	0	0	0	0	0
chr2	8193146	8201721	Amillepora03882	7	4	0.5714285714285714	0.5714285714285714	57.142857142857146	100	53.45224838248488	20.203050891044217	100	0
chr2	8278179	8296813	Amillepora03889	17	2	0.11764705882352941	0.11764705882352941	11.764705882352942	0	33.210558207753564	8.05474349272303	100	0
chr2	8264694	8273977	Amillepora03888	8	1	0.125	0.125	12.5	0	35.35533905932738	12.5	100	0
chr2	8430476	8441870	Amillepora03900	25	0	0	0	0	0	0	0	0	0
chr2	8443518	8461171	Amillepora03901	10	1	0.1	0.1	10	0	31.622776601683793	10	100	0
chr2	8393483	8411739	Amillepora03898	16	2	0.125	0.125	12.5	0	34.15650255319866	8.539125638299666	100	0
chr2	8412376	8427360	Amillepora03899	8	3	0.375	0.375	37.5	0	51.75491695067657	18.298126367784995	100	0
chr2	8465549	8471236	Amillepora03902	7	0	0	0	0	0	0	0	0	0
chr2	8550285	8552311	Amillepora03909	1	0	0	0	0	0	NA	NA	0	0
chr2	8496132	8505185	Amillepora03905	8	0	0	0	0	0	0	0	0	0
chr2	8518729	8520477	Amillepora03907	2	0	0	0	0	0	0	0	0	0
chr2	8601234	8604336	Amillepora03910	9	0	0	0	0	0	0	0	0	0
chr2	8621249	8622115	Amillepora03912	1	0	0	0	0	0	NA	NA	0	0
chr2	8761099	8763028	Amillepora03917	2	0	0	0	0	0	0	0	0	0
chr2	8744009	8761166	Amillepora03915	14	0	0	0	0	0	0	0	0	0
chr2	8851655	8862167	Amillepora03925	1	0	0	0	0	0	NA	NA	0	0
chr2	8799209	8825940	Amillepora03919	103	9	0.08737864077669903	0.08571428571428572	8.737864077669903	0	28.377000202472917	2.796068912597064	100	0
chr2	8843637	8845536	Amillepora03924	2	0	0	0	0	0	0	0	0	0
chr2	8789376	8799060	Amillepora03918	12	1	0.08333333333333333	0.08333333333333333	8.333333333333334	0	28.8675134594813	8.333333333333334	100	0
chr2	8800632	8808332	Amillepora03920	90	8	0.08888888888888889	0.08695652173913043	8.88888888888889	0	28.617761611461457	3.0165769409316265	100	0
chr2	8829016	8831252	Amillepora03921	4	1	0.25	0.25	25	0	50	25	100	0
chr2	8949505	8962143	Amillepora03934	15	0	0	0	0	0	0	0	0	0
chr2	8971667	8984856	Amillepora03935	11	6	0.5454545454545454	0.5454545454545454	54.54545454545455	100	52.22329678670935	15.745916432444341	100	0
chr2	8940936	8948264	Amillepora03933	6	2	0.3333333333333333	0.3333333333333333	33.333333333333336	0	51.63977794943222	21.081851067789195	100	0
chr2	8929636	8937676	Amillepora03932	5	1	0.2	0.2	20	0	44.721359549995796	20	100	0
chr2	8867507	8904942	Amillepora03926	20	5	0.25	0.25	25	0	44.426165831931925	9.933992677987828	100	0
chr2	8905058	8907768	Amillepora03929	7	0	0	0	0	0	0	0	0	0
chr2	9008097	9013923	Amillepora03939	5	0	0	0	0	0	0	0	0	0
chr2	8991490	9000992	Amillepora03937	7	0	0	0	0	0	0	0	0	0
chr2	9028981	9032257	Amillepora03942	1	1	1	1	100	100	NA	NA	100	100
chr2	9004802	9007999	Amillepora03938	3	1	0.3333333333333333	0.3333333333333333	33.333333333333336	0	57.735026918962575	33.333333333333336	100	0
chr2	9014295	9028962	Amillepora03940	8	0	0	0	0	0	0	0	0	0
chr2	9040712	9049086	Amillepora03944	3	1	0.3333333333333333	0.3333333333333333	33.333333333333336	0	57.735026918962575	33.333333333333336	100	0
chr2	9099316	9137622	Amillepora03947	42	1	0.023809523809523808	0.023809523809523808	2.380952380952381	0	15.430334996209185	2.380952380952381	100	0
chr2	9153087	9163192	Amillepora03949	16	0	0	0	0	0	0	0	0	0
chr2	9142770	9146516	Amillepora03948	7	0	0	0	0	0	0	0	0	0
chr2	9256181	9259021	Amillepora03955	10	0	0	0	0	0	0	0	0	0
chr2	9241734	9250974	Amillepora03954	2	1	0.5	0.5	50	50	70.71067811865476	50	100	0
chr2	9204714	9212935	Amillepora03951	5	4	0.8	0.8	80	100	44.721359549995796	20	100	0
chr2	9213428	9240629	Amillepora03952	47	1	0.02127659574468085	0.02127659574468085	2.127659574468085	0	14.58649914978948	2.127659574468085	100	0
chr2	9179679	9193880	Amillepora03950	10	0	0	0	0	0	0	0	0	0
chr2	9302983	9306543	Amillepora03961	11	0	0	0	0	0	0	0	0	0
chr2	9324234	9335227	Amillepora03962	8	0	0	0	0	0	0	0	0	0
chr2	9357008	9360582	Amillepora03964	2	0	0	0	0	0	0	0	0	0
chr2	9335846	9351503	Amillepora03963	2	0	0	0	0	0	0	0	0	0
chr2	9282318	9300616	Amillepora03956	23	2	0.08695652173913043	0.08695652173913043	8.695652173913043	0	28.810406552003034	6.007385040937022	100	0
chr2	9384915	9390390	Amillepora03967	2	1	0.5	0.5	50	50	70.71067811865476	50	100	0
chr2	9394619	9400326	Amillepora03969	26	1	0.038461538461538464	0.038461538461538464	3.8461538461538463	0	19.61161351381839	3.8461538461538467	100	0
chr2	9419818	9425185	Amillepora03970	2	0	0	0	0	0	0	0	0	0
chr2	9548218	9555747	Amillepora03978	6	0	0	0	0	0	0	0	0	0
chr2	9568384	9572123	Amillepora03979	11	0	0	0	0	0	0	0	0	0
chr2	9513789	9543070	Amillepora03975	21	3	0.14285714285714285	0.14285714285714285	14.285714285714286	0	35.85685828003182	7.824607964359516	100	0
chr2	9640674	9646413	Amillepora03982	13	0	0	0	0	0	0	0	0	0
chr2	9597516	9626207	Amillepora03981	24	1	0.041666666666666664	0.041666666666666664	4.166666666666667	0	20.412414523193153	4.166666666666668	100	0
chr2	9644630	9667506	Amillepora03983	20	0	0	0	0	0	0	0	0	0
chr2	9761746	9766876	Amillepora03992	6	0	0	0	0	0	0	0	0	0
chr2	9684598	9691250	Amillepora03986	11	0	0	0	0	0	0	0	0	0
chr2	9711143	9714195	Amillepora03989	3	0	0	0	0	0	0	0	0	0
chr2	9737767	9759755	Amillepora03991	22	0	0	0	0	0	0	0	0	0
chr2	9669585	9679913	Amillepora03985	9	1	0.1111111111111111	0.1111111111111111	11.11111111111111	0	33.333333333333336	11.111111111111112	100	0
chr2	9694399	9708721	Amillepora03988	19	0	0	0	0	0	0	0	0	0
chr2	9770815	9785888	Amillepora03993	20	0	0	0	0	0	0	0	0	0
chr2	9716665	9730683	Amillepora03990	9	0	0	0	0	0	0	0	0	0
chr2	9866060	9887549	Amillepora04001	12	2	0.16666666666666666	0.16666666666666666	16.666666666666668	0	38.92494720807614	11.236664374387368	100	0
chr2	9850773	9861616	Amillepora04000	17	1	0.058823529411764705	0.058823529411764705	5.882352941176471	0	24.253562503633294	5.88235294117647	100	0
chr2	9788674	9812356	Amillepora03996	26	4	0.15384615384615385	0.15384615384615385	15.384615384615385	0	36.794648440311995	7.2160242458822	100	0
chr2	9828864	9836341	Amillepora03999	14	0	0	0	0	0	0	0	0	0
chr2	9814270	9822188	Amillepora03997	15	0	0	0	0	0	0	0	0	0
chr2	9826936	9828850	Amillepora03998	4	0	0	0	0	0	0	0	0	0
chr2	9929225	9933654	Amillepora04004	14	0	0	0	0	0	0	0	0	0
chr2	9891023	9912895	Amillepora04002	20	0	0	0	0	0	0	0	0	0
chr2	9938571	9942929	Amillepora04005	10	0	0	0	0	0	0	0	0	0
chr2	9956194	9959592	Amillepora04008	3	0	0	0	0	0	0	0	0	0
chr2	10061066	10066573	Amillepora04013	4	0	0	0	0	0	0	0	0	0
chr2	10108912	10111652	Amillepora04016	1	0	0	0	0	0	NA	NA	0	0
chr2	10158794	10163950	Amillepora04020	3	0	0	0	0	0	0	0	0	0
chr2	10163980	10164697	Amillepora04021	1	0	0	0	0	0	NA	NA	0	0
chr2	10175948	10176488	Amillepora04023	1	0	0	0	0	0	NA	NA	0	0
chr2	10208481	10222519	Amillepora04027	2	0	0	0	0	0	0	0	0	0
chr2	10222534	10230237	Amillepora04028	1	1	1	1	100	100	NA	NA	100	100
chr2	10271912	10284705	Amillepora04031	2	0	0	0	0	0	0	0	0	0
chr2	10303313	10308908	Amillepora04033	4	0	0	0	0	0	0	0	0	0
chr2	10361428	10362715	Amillepora04041	7	0	0	0	0	0	0	0	0	0
chr2	10348715	10354945	Amillepora04039	10	0	0	0	0	0	0	0	0	0
chr2	10340010	10345976	Amillepora04038	8	0	0	0	0	0	0	0	0	0
chr2	10324198	10330102	Amillepora04036	9	0	0	0	0	0	0	0	0	0
chr2	10312211	10314208	Amillepora04034	2	0	0	0	0	0	0	0	0	0
chr2	10301989	10303296	Amillepora04032	5	0	0	0	0	0	0	0	0	0
chr2	10475516	10483205	Amillepora04049	6	0	0	0	0	0	0	0	0	0
chr2	10437587	10438532	Amillepora04046	1	0	0	0	0	0	NA	NA	0	0
chr2	10448800	10449135	Amillepora04047	2	0	0	0	0	0	0	0	0	0
chr2	10429071	10430227	Amillepora04045	2	0	0	0	0	0	0	0	0	0
chr2	10395072	10395753	Amillepora04042	2	0	0	0	0	0	0	0	0	0
chr2	10400004	10419229	Amillepora04043	6	0	0	0	0	0	0	0	0	0
chr2	10419943	10428326	Amillepora04044	1	0	0	0	0	0	NA	NA	0	0
chr2	10449224	10450820	Amillepora04048	3	0	0	0	0	0	0	0	0	0
chr2	10525217	10532173	Amillepora04052	14	0	0	0	0	0	0	0	0	0
chr2	10507499	10513966	Amillepora04051	6	0	0	0	0	0	0	0	0	0
chr2	10559609	10566346	Amillepora04054	13	0	0	0	0	0	0	0	0	0
chr2	10497822	10499197	Amillepora04050	3	0	0	0	0	0	0	0	0	0
chr2	10657721	10670585	Amillepora04063	15	1	0.06666666666666667	0.06666666666666667	6.666666666666667	0	25.81988897471611	6.666666666666666	100	0
chr2	10596479	10599940	Amillepora04056	8	0	0	0	0	0	0	0	0	0
chr2	10625331	10628672	Amillepora04060	5	0	0	0	0	0	0	0	0	0
chr2	10622851	10625107	Amillepora04059	3	0	0	0	0	0	0	0	0	0
chr2	10739965	10756714	Amillepora04069	24	2	0.08333333333333333	0.08333333333333333	8.333333333333334	0	28.232985128664012	5.763033956734373	100	0
chr2	10845412	10871445	Amillepora04073	42	0	0	0	0	0	0	0	0	0
chr2	10776523	10790504	Amillepora04070	9	0	0	0	0	0	0	0	0	0
chr2	10833093	10839467	Amillepora04072	13	0	0	0	0	0	0	0	0	0
chr2	10875061	10901766	Amillepora04074	16	1	0.0625	0.0625	6.25	0	25	6.25	100	0
chr2	10956806	10976750	Amillepora04076	16	1	0.0625	0.0625	6.25	0	25	6.25	100	0
chr2	10926159	10949353	Amillepora04075	23	1	0.043478260869565216	0.043478260869565216	4.3478260869565215	0	20.851441405707476	4.347826086956522	100	0
chr2	11103878	11104522	Amillepora04078	1	0	0	0	0	0	NA	NA	0	0
chr2	11235486	11236205	Amillepora04087	1	0	0	0	0	0	NA	NA	0	0
chr2	11234836	11235209	Amillepora04086	3	0	0	0	0	0	0	0	0	0
chr2	11407777	11421845	Amillepora04089	1	0	0	0	0	0	NA	NA	0	0
chr2	11425417	11442616	Amillepora04091	1	0	0	0	0	0	NA	NA	0	0
chr2	11620666	11654589	Amillepora04102	35	2	0.05714285714285714	0.05714285714285714	5.714285714285714	0	23.550410797680275	3.980745977252777	100	0
chr2	11565201	11616107	Amillepora04099	27	7	0.25925925925925924	0.25925925925925924	25.925925925925927	0	44.65760847047226	8.59436075726402	100	0
chr2	11558984	11590901	Amillepora04098	11	5	0.45454545454545453	0.45454545454545453	45.45454545454545	0	52.22329678670935	15.745916432444341	100	0
chr2	11554381	11554754	Amillepora04096	1	0	0	0	0	0	NA	NA	0	0
chr2	11757802	11763250	Amillepora04108	2	1	0.5	0.5	50	50	70.71067811865476	50	100	0
chr2	11714941	11752010	Amillepora04107	20	5	0.25	0.25	25	0	44.426165831931925	9.933992677987828	100	0
chr2	11676956	11713507	Amillepora04106	26	3	0.11538461538461539	0.11538461538461539	11.538461538461538	0	32.5812593608421	6.389710663783134	100	0
chr2	11766754	11779220	Amillepora04109	13	0	0	0	0	0	0	0	0	0
chr2	11671174	11676890	Amillepora04105	2	1	0.5	0.5	50	50	70.71067811865476	50	100	0
chr2	11656762	11669287	Amillepora04103	5	0	0	0	0	0	0	0	0	0
chr2	11814257	11817594	Amillepora04113	1	0	0	0	0	0	NA	NA	0	0
chr2	11843366	11847578	Amillepora04117	6	0	0	0	0	0	0	0	0	0
chr2	11797233	11797865	Amillepora04110	2	0	0	0	0	0	0	0	0	0
chr2	11842066	11843201	Amillepora04116	1	0	0	0	0	0	NA	NA	0	0
chr2	11934759	11980504	Amillepora04119	20	1	0.05	0.05	5	0	22.360679774997898	5	100	0
chr2	12338598	12346820	Amillepora04129	12	1	0.08333333333333333	0.08333333333333333	8.333333333333334	0	28.867513459481298	8.333333333333334	100	0
chr2	12337142	12338542	Amillepora04128	2	0	0	0	0	0	0	0	0	0
chr2	12384203	12422343	Amillepora04132	14	11	0.7857142857142857	0.7857142857142857	78.57142857142857	100	42.581531362632	11.380392954509878	100	0
chr2	12424867	12443328	Amillepora04134	8	8	1	1	100	100	0	0	100	100
chr2	12462753	12466112	Amillepora04135	1	1	1	1	100	100	NA	NA	100	100
chr2	12422553	12424461	Amillepora04133	2	2	1	1	100	100	0	0	100	100
chr2	12507550	12519098	Amillepora04138	8	6	0.75	0.75	75	100	46.29100498862757	16.366341767699428	100	0
chr2	12537998	12542916	Amillepora04139	6	5	0.8333333333333334	0.8333333333333334	83.33333333333333	100	40.8248290463863	16.66666666666667	100	0
chr2	12610856	12611638	Amillepora04147	1	0	0	0	0	0	NA	NA	0	0
chr2	12585062	12593017	Amillepora04142	5	3	0.6	0.6	60	100	54.772255750516614	24.49489742783178	100	0
chr2	12595128	12598613	Amillepora04143	3	1	0.3333333333333333	0.3333333333333333	33.333333333333336	0	57.735026918962575	33.333333333333336	100	0
chr2	12609732	12610848	Amillepora04146	2	2	1	1	100	100	0	0	100	100
chr2	12683174	12705805	Amillepora04149	22	2	0.09090909090909091	0.09090909090909091	9.090909090909092	0	29.42449431682498	6.273323266748674	100	0
chr2	12765587	12766744	Amillepora04150	10	0	0	0	0	0	0	0	0	0
chr2	12766823	12767642	Amillepora04151	3	0	0	0	0	0	0	0	0	0
chr2	12851810	12861136	Amillepora04160	8	0	0	0	0	0	0	0	0	0
chr2	12776673	12795045	Amillepora04152	21	0	0	0	0	0	0	0	0	0
chr2	12822755	12825967	Amillepora04153	3	0	0	0	0	0	0	0	0	0
chr2	12840820	12842856	Amillepora04157	1	0	0	0	0	0	NA	NA	0	0
chr2	12839253	12840114	Amillepora04155	2	0	0	0	0	0	0	0	0	0
chr2	12840143	12840774	Amillepora04156	2	0	0	0	0	0	0	0	0	0
chr2	12828590	12829249	Amillepora04154	1	0	0	0	0	0	NA	NA	0	0
chr2	12888178	12890975	Amillepora04162	5	0	0	0	0	0	0	0	0	0
chr2	12932301	12937613	Amillepora04166	7	0	0	0	0	0	0	0	0	0
chr2	12908212	12911971	Amillepora04164	4	0	0	0	0	0	0	0	0	0
chr2	12895799	12900611	Amillepora04163	6	0	0	0	0	0	0	0	0	0
chr2	12952996	12954625	Amillepora04170	1	0	0	0	0	0	NA	NA	0	0
chr2	12965086	12971740	Amillepora04172	11	0	0	0	0	0	0	0	0	0
chr2	12983792	12994183	Amillepora04173	6	0	0	0	0	0	0	0	0	0
chr2	13013421	13025040	Amillepora04175	8	0	0	0	0	0	0	0	0	0
chr2	13080348	13084387	Amillepora04181	2	0	0	0	0	0	0	0	0	0
chr2	13076825	13079198	Amillepora04179	3	0	0	0	0	0	0	0	0	0
chr2	13069957	13074042	Amillepora04177	2	0	0	0	0	0	0	0	0	0
chr2	13077173	13081162	Amillepora04180	5	0	0	0	0	0	0	0	0	0
chr2	13042191	13051705	Amillepora04176	5	0	0	0	0	0	0	0	0	0
chr2	13100936	13103387	Amillepora04183	3	0	0	0	0	0	0	0	0	0
chr2	13184850	13194576	Amillepora04186	23	0	0	0	0	0	0	0	0	0
chr2	13256968	13264819	Amillepora04191	5	1	0.2	0.2	20	0	44.721359549995796	20	100	0
chr2	13269895	13275486	Amillepora04192	8	3	0.375	0.375	37.5	0	51.75491695067657	18.298126367784995	100	0
chr2	13198026	13218074	Amillepora04187	15	0	0	0	0	0	0	0	0	0
chr2	13227536	13250767	Amillepora04188	40	7	0.175	0.175	17.5	0	38.480764425479265	6.084343084444758	100	0
chr2	13254740	13255447	Amillepora04190	1	0	0	0	0	0	NA	NA	0	0
chr2	13275580	13300784	Amillepora04193	28	1	0.03571428571428571	0.03571428571428571	3.5714285714285716	0	18.89822365046136	3.571428571428571	100	0
chr2	13310228	13314941	Amillepora04197	1	0	0	0	0	0	NA	NA	0	0
chr2	13345461	13457049	Amillepora04199	26	3	0.11538461538461539	0.11538461538461539	11.538461538461538	0	32.5812593608421	6.389710663783134	100	0
chr2	13319796	13333173	Amillepora04198	4	0	0	0	0	0	0	0	0	0
chr2	13480494	13526267	Amillepora04212	24	8	0.3333333333333333	0.3333333333333333	33.333333333333336	0	48.15434123430768	9.82946374365981	100	0
chr2	13635814	13641999	Amillepora04224	9	3	0.3333333333333333	0.3	27.77777777777778	0	44.09585518440984	14.698618394803281	100	0
chr2	13643199	13643858	Amillepora04226	6	2	0.3333333333333333	0.3333333333333333	33.333333333333336	0	51.63977794943222	21.081851067789195	100	0
chr2	13642015	13643185	Amillepora04225	7	4	0.5714285714285714	0.5714285714285714	57.142857142857146	100	53.452248382484875	20.203050891044217	100	0
chr2	13552989	13588758	Amillepora04220	10	0	0	0	0	0	0	0	0	0
chr2	13773872	13776294	Amillepora04241	5	2	0.4	0.4	40	0	54.772255750516614	24.49489742783178	100	0
chr2	13678573	13680938	Amillepora04230	1	1	1	1	100	100	NA	NA	100	100
chr2	13733761	13736392	Amillepora04236	13	4	0.3076923076923077	0.3076923076923077	30.76923076923077	0	48.03844614152614	13.323467750529826	100	0
chr2	13723145	13723896	Amillepora04235	2	0	0	0	0	0	0	0	0	0
chr2	13665225	13667425	Amillepora04228	3	0	0	0	0	0	0	0	0	0
chr2	13667567	13685496	Amillepora04229	17	8	0.47058823529411764	0.47058823529411764	47.05882352941177	0	51.44957554275265	12.478354962115544	100	0
chr2	13713002	13715491	Amillepora04233	1	1	1	1	100	100	NA	NA	100	100
chr2	13745409	13775987	Amillepora04237	15	6	0.4	0.4	40	0	50.709255283710995	13.093073414159543	100	0
chr2	13685497	13692149	Amillepora04232	8	3	0.375	0.375	37.5	0	51.75491695067657	18.298126367784995	100	0
chr2	13660906	13664504	Amillepora04227	2	0	0	0	0	0	0	0	0	0
chr2	13872984	13874502	Amillepora04248	2	0	0	0	0	0	0	0	0	0
chr2	13825095	13825746	Amillepora04247	1	1	1	1	100	100	NA	NA	100	100
chr2	13821918	13823390	Amillepora04246	5	4	0.8	0.8	80	100	44.721359549995796	20	100	0
chr2	13813678	13816406	Amillepora04243	1	0	0	0	0	0	NA	NA	0	0
chr2	13941158	13948395	Amillepora04253	9	2	0.2222222222222222	0.2222222222222222	22.22222222222222	0	44.09585518440984	14.698618394803281	100	0
chr2	13897948	13898665	Amillepora04250	1	0	0	0	0	0	NA	NA	0	0
chr2	13878182	13900343	Amillepora04249	17	4	0.23529411764705882	0.23529411764705882	23.529411764705884	0	43.72373160976031	10.604562574894086	100	0
chr2	13907270	13932119	Amillepora04252	10	7	0.7	0.7	70	100	48.3045891539648	15.275252316519467	100	0
chr2	13950286	13971595	Amillepora04254	14	3	0.21428571428571427	0.21428571428571427	21.428571428571427	0	42.581531362632006	11.380392954509878	100	0
chr2	13976636	13978252	Amillepora04255	5	0	0	0	0	0	0	0	0	0
chr2	14037048	14039597	Amillepora04259	1	0	0	0	0	0	NA	NA	0	0
chr2	14071397	14075994	Amillepora04266	2	2	1	1	100	100	0	0	100	100
chr2	14016264	14022646	Amillepora04257	1	0	0	0	0	0	NA	NA	0	0
chr2	13989889	14006933	Amillepora04256	10	1	0.1	0.1	10	0	31.622776601683793	10	100	0
chr2	14067622	14071299	Amillepora04265	2	0	0	0	0	0	0	0	0	0
chr2	14060337	14062869	Amillepora04264	1	1	1	1	100	100	NA	NA	100	100
chr2	14117648	14130435	Amillepora04273	35	6	0.17142857142857143	0.17142857142857143	17.142857142857142	0	38.2385260431097	6.463490595976273	100	0
chr2	14165658	14170159	Amillepora04281	4	0	0	0	0	0	0	0	0	0
chr2	14106108	14109712	Amillepora04272	4	4	1	1	100	100	0	0	100	100
chr2	14092887	14095197	Amillepora04270	2	0	0	0	0	0	0	0	0	0
chr2	14092015	14092836	Amillepora04269	4	1	0.25	0.25	25	0	50	25	100	0
chr2	14102766	14104739	Amillepora04271	4	2	0.5	0.5	50	50	57.735026918962575	28.867513459481287	100	0
chr2	14090632	14092009	Amillepora04268	2	2	1	1	100	100	0	0	100	100
chr2	14088374	14090600	Amillepora04267	1	1	1	1	100	100	NA	NA	100	100
chr2	14221249	14225244	Amillepora04283	2	0	0	0	0	0	0	0	0	0
chr2	14253701	14260741	Amillepora04285	1	0	0	0	0	0	NA	NA	0	0
chr2	14266323	14269523	Amillepora04286	1	0	0	0	0	0	NA	NA	0	0
chr2	14357025	14357769	Amillepora04291	2	0	0	0	0	0	0	0	0	0
chr2	14329686	14341465	Amillepora04290	19	2	0.10526315789473684	0.10526315789473684	10.526315789473685	0	31.53017676423058	7.233518641434491	100	0
chr2	14398077	14423376	Amillepora04292	20	8	0.4	0.4	40	0	50.26246899500346	11.239029738980326	100	0
chr2	14439371	14450671	Amillepora04293	5	0	0	0	0	0	0	0	0	0
chr2	14531165	14541498	Amillepora04296	2	0	0	0	0	0	0	0	0	0
chr2	14507861	14523012	Amillepora04295	7	3	0.42857142857142855	0.42857142857142855	42.857142857142854	0	53.452248382484875	20.203050891044217	100	0
chr2	14558893	14559167	Amillepora04300	1	0	0	0	0	0	NA	NA	0	0
chr2	14539225	14541569	Amillepora04297	2	0	0	0	0	0	0	0	0	0
chr2	14562510	14566466	Amillepora04301	9	0	0	0	0	0	0	0	0	0
chr2	14571331	14577467	Amillepora04302	8	0	0	0	0	0	0	0	0	0
chr2	14545361	14548591	Amillepora04298	13	0	0	0	0	0	0	0	0	0
chr2	14553696	14555052	Amillepora04299	2	0	0	0	0	0	0	0	0	0
chr2	14651739	14661840	Amillepora04309	7	1	0.14285714285714285	0.14285714285714285	14.285714285714286	0	37.79644730092272	14.285714285714285	100	0
chr2	14623897	14629065	Amillepora04306	7	0	0	0	0	0	0	0	0	0
chr2	14601626	14603961	Amillepora04304	3	0	0	0	0	0	0	0	0	0
chr2	14611081	14618279	Amillepora04305	6	0	0	0	0	0	0	0	0	0
chr2	14592554	14598422	Amillepora04303	7	0	0	0	0	0	0	0	0	0
chr2	14704456	14709151	Amillepora04311	5	1	0.2	0.2	20	0	44.721359549995796	20	100	0
chr2	14728156	14743435	Amillepora04313	6	2	0.3333333333333333	0.3333333333333333	33.333333333333336	0	51.63977794943222	21.081851067789195	100	0
chr2	14644427	14694873	Amillepora04308	36	8	0.2222222222222222	0.2222222222222222	22.22222222222222	0	42.16370213557839	7.027283689263065	100	0
chr2	14675872	14704326	Amillepora04310	10	5	0.5	0.5	50	50	52.70462766947299	16.666666666666668	100	0
chr2	14709255	14728103	Amillepora04312	21	3	0.14285714285714285	0.14285714285714285	14.285714285714286	0	35.856858280031815	7.824607964359516	100	0
chr2	14816709	14828758	Amillepora04320	13	8	0.6153846153846154	0.6153846153846154	61.53846153846154	100	50.63696835418333	14.044168141158107	100	0
chr2	14867896	14879811	Amillepora04325	21	0	0	0	0	0	0	0	0	0
chr2	14780061	14803092	Amillepora04316	33	3	0.09090909090909091	0.09090909090909091	9.090909090909092	0	29.193710406057107	5.081972676135885	100	0
chr2	14857836	14860116	Amillepora04324	4	0	0	0	0	0	0	0	0	0
chr2	14830569	14834173	Amillepora04321	1	0	0	0	0	0	NA	NA	0	0
chr2	14813205	14816240	Amillepora04319	2	1	0.5	0.5	50	50	70.71067811865476	50	100	0
chr2	14978940	14988741	Amillepora04335	13	1	0.07692307692307693	0.07692307692307693	7.6923076923076925	0	27.735009811261456	7.6923076923076925	100	0
chr2	14892971	14918986	Amillepora04326	33	2	0.06060606060606061	0.06060606060606061	6.0606060606060606	0	24.230584229877998	4.21800330517426	100	0
chr2	14923336	14926733	Amillepora04328	1	0	0	0	0	0	NA	NA	0	0
chr2	14934523	14947203	Amillepora04330	10	1	0.1	0.1	10	0	31.622776601683793	10	100	0
chr2	14960484	14977180	Amillepora04334	15	1	0.06666666666666667	0.06666666666666667	6.666666666666667	0	25.819888974716125	6.666666666666666	100	0
chr2	14948590	14950940	Amillepora04333	2	0	0	0	0	0	0	0	0	0
chr2	15011450	15030873	Amillepora04338	34	1	0.029411764705882353	0.029411764705882353	2.9411764705882355	0	17.149858514250884	2.941176470588235	100	0
chr2	15000400	15009437	Amillepora04337	9	1	0.1111111111111111	0.1111111111111111	11.11111111111111	0	33.333333333333336	11.111111111111112	100	0
chr2	14995313	15000327	Amillepora04336	2	0	0	0	0	0	0	0	0	0
chr2	15046612	15056340	Amillepora04341	16	0	0	0	0	0	0	0	0	0
chr2	15038713	15045506	Amillepora04339	11	0	0	0	0	0	0	0	0	0
chr2	15135753	15145818	Amillepora04349	11	3	0.2727272727272727	0.2727272727272727	27.272727272727273	0	46.70993664969137	14.083575804390607	100	0
chr2	15122054	15127638	Amillepora04346	1	1	1	1	100	100	NA	NA	100	100
chr2	15174334	15184669	Amillepora04351	10	2	0.2	0.2	20	0	42.16370213557839	13.333333333333332	100	0
chr2	15159181	15173410	Amillepora04350	18	2	0.1111111111111111	0.1111111111111111	11.11111111111111	0	32.33808333817771	7.622159339667059	100	0
chr2	15096468	15107045	Amillepora04344	17	2	0.11764705882352941	0.11764705882352941	11.764705882352942	0	33.21055820775357	8.05474349272303	100	0
chr2	15068334	15089996	Amillepora04342	22	2	0.09090909090909091	0.09090909090909091	9.090909090909092	0	29.424494316824983	6.273323266748674	100	0
chr2	15109521	15120940	Amillepora04345	3	1	0.3333333333333333	0.3333333333333333	33.333333333333336	0	57.735026918962575	33.333333333333336	100	0
chr2	15128591	15135344	Amillepora04348	9	2	0.2222222222222222	0.2222222222222222	22.22222222222222	0	44.09585518440984	14.698618394803281	100	0
chr2	15184903	15192219	Amillepora04352	10	1	0.1	0.1	10	0	31.622776601683793	10	100	0
chr2	15234421	15276177	Amillepora04357	51	0	0	0	0	0	0	0	0	0
chr2	15207268	15226421	Amillepora04355	36	0	0	0	0	0	0	0	0	0
chr2	15227372	15232743	Amillepora04356	7	0	0	0	0	0	0	0	0	0
chr2	15357861	15359466	Amillepora04366	4	0	0	0	0	0	0	0	0	0
chr2	15331681	15356401	Amillepora04365	28	1	0.03571428571428571	0.03571428571428571	3.5714285714285716	0	18.898223650461347	3.571428571428571	100	0
chr2	15359544	15365085	Amillepora04368	5	2	0.4	0.4	40	0	54.772255750516614	24.49489742783178	100	0
chr2	15384221	15388487	Amillepora04370	2	0	0	0	0	0	0	0	0	0
chr2	15311810	15326327	Amillepora04363	16	0	0	0	0	0	0	0	0	0
chr2	15329448	15337542	Amillepora04364	8	0	0	0	0	0	0	0	0	0
chr2	15287045	15300874	Amillepora04361	8	0	0	0	0	0	0	0	0	0
chr2	15365183	15374030	Amillepora04369	5	2	0.4	0.4	40	0	54.772255750516614	24.49489742783178	100	0
chr2	15427905	15432544	Amillepora04375	2	1	0.5	0.5	50	50	70.71067811865476	50	100	0
chr2	15388930	15396627	Amillepora04372	5	1	0.2	0.2	20	0	44.721359549995796	20	100	0
chr2	15433556	15443207	Amillepora04376	13	0	0	0	0	0	0	0	0	0
chr2	15400929	15427803	Amillepora04373	31	6	0.1935483870967742	0.1935483870967742	19.35483870967742	0	40.16096644512494	7.213122508063838	100	0
chr2	15559773	15563364	Amillepora04384	5	0	0	0	0	0	0	0	0	0
chr2	15564999	15583026	Amillepora04385	10	0	0	0	0	0	0	0	0	0
chr2	15531000	15534089	Amillepora04382	2	0	0	0	0	0	0	0	0	0
chr2	15536536	15553285	Amillepora04383	15	1	0.06666666666666667	0.06666666666666667	6.666666666666667	0	25.819888974716115	6.666666666666666	100	0
chr2	15519662	15520380	Amillepora04380	1	0	0	0	0	0	NA	NA	0	0
chr2	15513304	15518863	Amillepora04379	4	0	0	0	0	0	0	0	0	0
chr2	15499502	15511075	Amillepora04378	9	0	0	0	0	0	0	0	0	0
chr2	15520818	15526162	Amillepora04381	5	2	0.4	0.4	40	0	54.772255750516614	24.49489742783178	100	0
chr2	15592918	15595455	Amillepora04387	2	0	0	0	0	0	0	0	0	0
chr2	15752669	15769798	Amillepora04395	16	0	0	0	0	0	0	0	0	0
chr2	15863643	15864331	Amillepora04400	1	0	0	0	0	0	NA	NA	0	0
chr2	15804766	15809655	Amillepora04396	1	0	0	0	0	0	NA	NA	0	0
chr2	15969463	15973428	Amillepora04401	2	2	1	1	100	100	0	0	100	100
chr2	16047544	16078122	Amillepora04404	28	1	0.03571428571428571	0.03571428571428571	3.5714285714285716	0	18.89822365046134	3.571428571428571	100	0
chr2	16137764	16159533	Amillepora04407	25	2	0.08	0.08	8	0	27.688746209726915	5.537749241945383	100	0
chr2	16170572	16179869	Amillepora04410	18	3	0.16666666666666666	0.16666666666666666	16.666666666666668	0	38.34824944236851	9.03876907577734	100	0
chr2	16079770	16097749	Amillepora04405	13	1	0.07692307692307693	0.07692307692307693	7.6923076923076925	0	27.735009811261456	7.6923076923076925	100	0
chr2	16099427	16149173	Amillepora04406	66	6	0.09090909090909091	0.09090909090909091	9.090909090909092	0	28.96827297511605	3.5657479116033457	100	0
chr2	16161435	16163555	Amillepora04409	4	0	0	0	0	0	0	0	0	0
chr2	16179993	16205021	Amillepora04411	27	1	0.037037037037037035	0.037037037037037035	3.7037037037037037	0	19.245008972987527	3.703703703703704	100	0
chr2	16249213	16253491	Amillepora04416	7	2	0.2857142857142857	0.2857142857142857	28.571428571428573	0	48.79500364742666	18.442777839082936	100	0
chr2	16207570	16210364	Amillepora04412	6	0	0	0	0	0	0	0	0	0
chr2	16220324	16221557	Amillepora04413	2	0	0	0	0	0	0	0	0	0
chr2	16366679	16370861	Amillepora04423	3	0	0	0	0	0	0	0	0	0
chr2	16341397	16349924	Amillepora04421	11	0	0	0	0	0	0	0	0	0
chr2	16336054	16340787	Amillepora04420	7	0	0	0	0	0	0	0	0	0
chr2	16263373	16298457	Amillepora04419	43	1	0.023255813953488372	0.023255813953488372	2.3255813953488373	0	15.249857033260456	2.3255813953488373	100	0
chr2	16356145	16362858	Amillepora04422	4	1	0.25	0.25	25	0	50	25	100	0
chr2	16389019	16394974	Amillepora04426	3	1	0.3333333333333333	0.3333333333333333	33.333333333333336	0	57.735026918962575	33.333333333333336	100	0
chr2	16412213	16418965	Amillepora04428	5	0	0	0	0	0	0	0	0	0
chr2	16376906	16383278	Amillepora04425	2	1	0.5	0.5	50	50	70.71067811865476	50	100	0
chr2	16425187	16445892	Amillepora04430	13	0	0	0	0	0	0	0	0	0
chr2	16396630	16416172	Amillepora04427	17	1	0.058823529411764705	0.058823529411764705	5.882352941176471	0	24.253562503633297	5.88235294117647	100	0
chr2	16423637	16424293	Amillepora04429	1	0	0	0	0	0	NA	NA	0	0
chr2	16467924	16472625	Amillepora04435	15	1	0.06666666666666667	0.06666666666666667	6.666666666666667	0	25.819888974716118	6.666666666666666	100	0
chr2	16475840	16502556	Amillepora04437	27	7	0.25925925925925924	0.25925925925925924	25.925925925925927	0	44.65760847047226	8.59436075726402	100	0
chr2	16502911	16517306	Amillepora04438	11	0	0	0	0	0	0	0	0	0
chr2	16525340	16526667	Amillepora04439	1	0	0	0	0	0	NA	NA	0	0
chr2	16641609	16644341	Amillepora04442	4	0	0	0	0	0	0	0	0	0
chr2	16653428	16675738	Amillepora04444	43	1	0.023255813953488372	0.023255813953488372	2.3255813953488373	0	15.249857033260446	2.3255813953488373	100	0
chr2	16627969	16631282	Amillepora04441	3	1	0.3333333333333333	0.3333333333333333	33.333333333333336	0	57.735026918962575	33.333333333333336	100	0
chr2	16647775	16649488	Amillepora04443	4	1	0.25	0.25	25	0	50	25	100	0
chr2	16758042	16770894	Amillepora04452	16	0	0	0	0	0	0	0	0	0
chr2	16689825	16711562	Amillepora04447	5	0	0	0	0	0	0	0	0	0
chr2	16722598	16751642	Amillepora04449	39	5	0.1282051282051282	0.1282051282051282	12.820512820512821	0	33.86884284293704	5.423355275954148	100	0
chr2	16771536	16774220	Amillepora04453	3	1	0.3333333333333333	0.3333333333333333	33.333333333333336	0	57.735026918962575	33.333333333333336	100	0
chr2	16751651	16756097	Amillepora04451	7	1	0.14285714285714285	0.125	14.285714285714286	0	37.79644730092272	14.285714285714285	100	0
chr2	16710871	16722210	Amillepora04448	11	0	0	0	0	0	0	0	0	0
chr2	16677262	16679321	Amillepora04445	4	0	0	0	0	0	0	0	0	0
chr2	16845049	16851757	Amillepora04461	1	1	1	1	100	100	NA	NA	100	100
chr2	16774404	16796365	Amillepora04454	17	0	0	0	0	0	0	0	0	0
chr2	16811162	16839141	Amillepora04457	15	5	0.3333333333333333	0.3333333333333333	33.333333333333336	0	48.795003647426654	12.598815766974239	100	0
chr2	16800048	16802344	Amillepora04455	3	0	0	0	0	0	0	0	0	0
chr2	16807356	16809559	Amillepora04456	6	0	0	0	0	0	0	0	0	0
chr2	16854198	16861317	Amillepora04462	7	1	0.14285714285714285	0.14285714285714285	14.285714285714286	0	37.79644730092272	14.285714285714285	100	0
chr2	16840122	16844922	Amillepora04460	5	1	0.2	0.2	20	0	44.721359549995796	20	100	0
chr2	16928988	16950709	Amillepora04471	24	4	0.16666666666666666	0.16666666666666666	16.666666666666668	0	38.069349381344054	7.770873402002615	100	0
chr2	16903159	16920159	Amillepora04468	22	1	0.045454545454545456	0.045454545454545456	4.545454545454546	0	21.320071635561042	4.545454545454545	100	0
chr2	16920281	16924627	Amillepora04470	12	0	0	0	0	0	0	0	0	0
chr2	16880016	16901596	Amillepora04464	20	2	0.1	0.1	10	0	30.779350562554622	6.882472016116853	100	0
chr2	16865661	16878981	Amillepora04463	2	1	0.5	0.5	50	50	70.71067811865476	50	100	0
chr2	17042414	17052228	Amillepora04478	12	1	0.08333333333333333	0.08333333333333333	8.333333333333334	0	28.867513459481298	8.333333333333334	100	0
chr2	17025187	17031218	Amillepora04476	7	1	0.14285714285714285	0.14285714285714285	14.285714285714286	0	37.79644730092272	14.285714285714285	100	0
chr2	17032740	17039328	Amillepora04477	4	2	0.5	0.5	50	50	57.735026918962575	28.867513459481287	100	0
chr2	17007348	17012531	Amillepora04473	6	0	0	0	0	0	0	0	0	0
chr2	17016097	17022076	Amillepora04474	13	1	0.07692307692307693	0.07692307692307693	7.6923076923076925	0	27.735009811261456	7.6923076923076925	100	0
chr2	17063543	17064616	Amillepora04480	2	0	0	0	0	0	0	0	0	0
chr2	17112804	17165658	Amillepora04483	50	1	0.02	0.02	2	0	14.142135623730951	2	100	0
chr2	17080197	17095164	Amillepora04481	3	0	0	0	0	0	0	0	0	0
chr2	17166158	17182408	Amillepora04485	36	1	0.027777777777777776	0.027777777777777776	2.7777777777777777	0	16.666666666666664	2.777777777777778	100	0
chr2	17103746	17108654	Amillepora04482	2	1	0.5	0.5	50	50	70.71067811865476	50	100	0
chr2	17221822	17226856	Amillepora04487	1	0	0	0	0	0	NA	NA	0	0
chr2	17232844	17249464	Amillepora04489	4	1	0.25	0.25	25	0	50	25	100	0
chr2	17228833	17232694	Amillepora04488	1	1	1	1	100	100	NA	NA	100	100
chr2	17184637	17219016	Amillepora04486	36	8	0.2222222222222222	0.2222222222222222	22.22222222222222	0	42.16370213557839	7.027283689263065	100	0
chr2	17250820	17255279	Amillepora04491	4	2	0.5	0.5	50	50	57.735026918962575	28.867513459481287	100	0
chr2	17379886	17381482	Amillepora04506	5	0	0	0	0	0	0	0	0	0
chr2	17295223	17300671	Amillepora04495	4	0	0	0	0	0	0	0	0	0
chr2	17339579	17345984	Amillepora04501	8	1	0.125	0.125	12.5	0	35.35533905932738	12.5	100	0
chr2	17326382	17338956	Amillepora04500	5	2	0.4	0.4	40	0	54.772255750516614	24.49489742783178	100	0
chr2	17348849	17350386	Amillepora04503	2	1	0.5	0.5	50	50	70.71067811865476	50	100	0
chr2	17370851	17375450	Amillepora04505	4	0	0	0	0	0	0	0	0	0
chr2	17302140	17307926	Amillepora04496	6	0	0	0	0	0	0	0	0	0
chr2	17309336	17318284	Amillepora04497	10	1	0.1	0.1	10	0	31.622776601683793	10	100	0
chr2	17322604	17326157	Amillepora04499	1	0	0	0	0	0	NA	NA	0	0
chr2	17348044	17353462	Amillepora04502	7	1	0.14285714285714285	0.14285714285714285	14.285714285714286	0	37.79644730092272	14.285714285714285	100	0
chr2	17361098	17365031	Amillepora04504	9	0	0	0	0	0	0	0	0	0
chr2	17279098	17295189	Amillepora04494	15	2	0.13333333333333333	0.13333333333333333	13.333333333333334	0	35.18657752744984	9.085135251589959	100	0
chr2	17266748	17276347	Amillepora04493	6	0	0	0	0	0	0	0	0	0
chr2	17390003	17397554	Amillepora04507	10	0	0	0	0	0	0	0	0	0
chr2	17423083	17430529	Amillepora04508	6	0	0	0	0	0	0	0	0	0
chr2	17452598	17468148	Amillepora04513	8	0	0	0	0	0	0	0	0	0
chr2	17551641	17560549	Amillepora04523	5	0	0	0	0	0	0	0	0	0
chr2	17468885	17490245	Amillepora04514	4	1	0.25	0.25	25	0	50	25	100	0
chr2	17539132	17545175	Amillepora04522	3	0	0	0	0	0	0	0	0	0
chr2	17572396	17582943	Amillepora04525	5	0	0	0	0	0	0	0	0	0
chr2	17502117	17515764	Amillepora04520	12	0	0	0	0	0	0	0	0	0
chr2	17498490	17500266	Amillepora04519	1	0	0	0	0	0	NA	NA	0	0
chr2	17562635	17574784	Amillepora04524	8	0	0	0	0	0	0	0	0	0
chr2	17490884	17495519	Amillepora04517	9	0	0	0	0	0	0	0	0	0
chr2	17497033	17497940	Amillepora04518	2	0	0	0	0	0	0	0	0	0
chr2	17522995	17526805	Amillepora04521	1	0	0	0	0	0	NA	NA	0	0
chr2	17635199	17641718	Amillepora04531	4	0	0	0	0	0	0	0	0	0
chr2	17629879	17632977	Amillepora04530	13	0	0	0	0	0	0	0	0	0
chr2	17599293	17614196	Amillepora04528	13	1	0.07692307692307693	0.07692307692307693	7.6923076923076925	0	27.735009811261456	7.6923076923076925	100	0
chr2	17653459	17655945	Amillepora04534	2	0	0	0	0	0	0	0	0	0
chr2	17672621	17679880	Amillepora04535	1	0	0	0	0	0	NA	NA	0	0
chr2	17649079	17653405	Amillepora04533	1	0	0	0	0	0	NA	NA	0	0
chr2	17620686	17623209	Amillepora04529	2	0	0	0	0	0	0	0	0	0
chr2	17735258	17738226	Amillepora04540	1	0	0	0	0	0	NA	NA	0	0
chr2	17759447	17763521	Amillepora04543	1	0	0	0	0	0	NA	NA	0	0
chr2	17764990	17769483	Amillepora04544	1	0	0	0	0	0	NA	NA	0	0
chr2	17834997	17843182	Amillepora04548	3	1	0.3333333333333333	0.3333333333333333	33.333333333333336	0	57.735026918962575	33.333333333333336	100	0
chr2	17844565	17862874	Amillepora04550	8	0	0	0	0	0	0	0	0	0
chr2	17864410	17874415	Amillepora04551	14	1	0.07142857142857142	0.07142857142857142	7.142857142857143	0	26.726124191242445	7.142857142857143	100	0
chr2	17806773	17817076	Amillepora04547	3	1	0.3333333333333333	0.3333333333333333	33.333333333333336	0	57.735026918962575	33.333333333333336	100	0
chr2	17903568	17908344	Amillepora04553	8	0	0	0	0	0	0	0	0	0
chr2	17942906	17966564	Amillepora04555	45	1	0.022222222222222223	0.022222222222222223	2.2222222222222223	0	14.907119849998603	2.222222222222222	100	0
chr2	17976847	17981398	Amillepora04557	1	0	0	0	0	0	NA	NA	0	0
chr2	17885165	17893168	Amillepora04552	15	0	0	0	0	0	0	0	0	0
chr2	17970507	17972115	Amillepora04556	3	0	0	0	0	0	0	0	0	0
chr2	18139041	18142747	Amillepora04564	2	0	0	0	0	0	0	0	0	0
chr2	18216736	18223139	Amillepora04569	1	0	0	0	0	0	NA	NA	0	0
chr2	18227758	18238487	Amillepora04570	2	0	0	0	0	0	0	0	0	0
chr2	18258437	18264326	Amillepora04573	15	0	0	0	0	0	0	0	0	0
chr2	18239364	18243437	Amillepora04571	1	0	0	0	0	0	NA	NA	0	0
chr2	18188094	18192956	Amillepora04568	3	1	0.3333333333333333	0.3333333333333333	33.333333333333336	0	57.735026918962575	33.333333333333336	100	0
chr2	18244240	18257631	Amillepora04572	6	1	0.16666666666666666	0.16666666666666666	16.666666666666668	0	40.8248290463863	16.66666666666667	100	0
chr2	18301845	18308229	Amillepora04579	7	1	0.14285714285714285	0.14285714285714285	14.285714285714286	0	37.79644730092272	14.285714285714285	100	0
chr2	18333465	18349862	Amillepora04583	14	5	0.35714285714285715	0.35714285714285715	35.714285714285715	0	49.72451580988469	13.289435848843764	100	0
chr2	18356054	18356614	Amillepora04584	1	0	0	0	0	0	NA	NA	0	0
chr2	18320642	18329521	Amillepora04581	2	1	0.5	0.5	50	50	70.71067811865476	50	100	0
chr2	18329272	18333018	Amillepora04582	4	1	0.25	0.25	25	0	50	25	100	0
chr2	18367396	18380261	Amillepora04587	18	1	0.05555555555555555	0.05263157894736842	2.7777777777777777	0	11.785113019775789	2.777777777777778	50	0
chr2	18292023	18297068	Amillepora04577	5	0	0	0	0	0	0	0	0	0
chr2	18301631	18303809	Amillepora04578	3	0	0	0	0	0	0	0	0	0
chr2	18268985	18277694	Amillepora04574	2	0	0	0	0	0	0	0	0	0
chr2	18287040	18289278	Amillepora04576	5	0	0	0	0	0	0	0	0	0
chr2	18440293	18454221	Amillepora04591	23	0	0	0	0	0	0	0	0	0
chr2	18462494	18474699	Amillepora04594	12	0	0	0	0	0	0	0	0	0
chr2	18488945	18497584	Amillepora04595	1	0	0	0	0	0	NA	NA	0	0
chr2	18546705	18552129	Amillepora04596	12	1	0.08333333333333333	0.08333333333333333	8.333333333333334	0	28.867513459481305	8.333333333333334	100	0
chr2	18558673	18560482	Amillepora04599	2	0	0	0	0	0	0	0	0	0
chr2	18568379	18578577	Amillepora04600	15	1	0.06666666666666667	0.06666666666666667	6.666666666666667	0	25.81988897471612	6.666666666666666	100	0
chr2	18553169	18553773	Amillepora04597	1	0	0	0	0	0	NA	NA	0	0
chr2	18678078	18684070	Amillepora04610	4	1	0.25	0.25	25	0	50	25	100	0
chr2	18587921	18592390	Amillepora04601	3	0	0	0	0	0	0	0	0	0
chr2	18596546	18603229	Amillepora04602	1	0	0	0	0	0	NA	NA	0	0
chr2	18773406	18784610	Amillepora04617	7	2	0.2857142857142857	0.2857142857142857	28.571428571428573	0	48.79500364742666	18.442777839082936	100	0
chr2	18724716	18752266	Amillepora04614	7	0	0	0	0	0	0	0	0	0
chr2	18712785	18719194	Amillepora04613	2	0	0	0	0	0	0	0	0	0
chr2	18831148	18841474	Amillepora04623	9	2	0.2222222222222222	0.2222222222222222	22.22222222222222	0	44.09585518440984	14.698618394803281	100	0
chr2	18796653	18798123	Amillepora04620	2	0	0	0	0	0	0	0	0	0
chr2	18842815	18849423	Amillepora04624	13	0	0	0	0	0	0	0	0	0
chr2	18875238	18882148	Amillepora04628	1	0	0	0	0	0	NA	NA	0	0
chr2	18851559	18873200	Amillepora04626	15	2	0.13333333333333333	0.13333333333333333	13.333333333333334	0	35.18657752744984	9.085135251589959	100	0
chr2	18808804	18829916	Amillepora04622	32	1	0.03125	0.03125	3.125	0	17.67766952966369	3.125	100	0
chr2	18798822	18803461	Amillepora04621	10	0	0	0	0	0	0	0	0	0
chr2	18785029	18792840	Amillepora04619	8	1	0.125	0.125	12.5	0	35.35533905932738	12.5	100	0
chr2	18888743	18895616	Amillepora04630	6	0	0	0	0	0	0	0	0	0
chr2	18961974	18969484	Amillepora04636	5	0	0	0	0	0	0	0	0	0
chr2	18899667	18915738	Amillepora04631	2	0	0	0	0	0	0	0	0	0
chr2	18931405	18938438	Amillepora04633	3	0	0	0	0	0	0	0	0	0
chr2	18942248	18960865	Amillepora04634	30	3	0.1	0.1	10	0	30.51285766293647	5.570860145311556	100	0
chr2	18974868	18984649	Amillepora04637	13	0	0	0	0	0	0	0	0	0
chr2	18901709	18925427	Amillepora04632	9	5	0.5555555555555556	0.5555555555555556	55.55555555555556	100	52.70462766947299	17.568209223157663	100	0
chr2	18884257	18887372	Amillepora04629	4	0	0	0	0	0	0	0	0	0
chr2	19045458	19056134	Amillepora04645	16	4	0.25	0.25	25	0	44.721359549995796	11.180339887498949	100	0
chr2	19014377	19026231	Amillepora04642	16	0	0	0	0	0	0	0	0	0
chr2	19003717	19011994	Amillepora04641	13	0	0	0	0	0	0	0	0	0
chr2	19030166	19034669	Amillepora04643	4	2	0.5	0.5	50	50	57.735026918962575	28.867513459481287	100	0
chr2	19000122	19002296	Amillepora04640	11	1	0.09090909090909091	0.09090909090909091	9.090909090909092	0	30.151134457776354	9.09090909090909	100	0
chr2	19039534	19045391	Amillepora04644	1	1	1	1	100	100	NA	NA	100	100
chr2	19068839	19073215	Amillepora04646	2	0	0	0	0	0	0	0	0	0
chr2	18995516	18999373	Amillepora04639	5	0	0	0	0	0	0	0	0	0
chr2	18991963	18992500	Amillepora04638	2	0	0	0	0	0	0	0	0	0
chr2	19073276	19103016	Amillepora04647	17	4	0.23529411764705882	0.23529411764705882	23.529411764705884	0	43.72373160976031	10.604562574894086	100	0
chr2	19110332	19111801	Amillepora04648	1	0	0	0	0	0	NA	NA	0	0
chr2	19118106	19119575	Amillepora04651	2	0	0	0	0	0	0	0	0	0
chr2	19114183	19114754	Amillepora04649	1	0	0	0	0	0	NA	NA	0	0
chr2	19182200	19206571	Amillepora04654	27	3	0.1111111111111111	0.1111111111111111	11.11111111111111	0	32.02563076101742	6.1633355136136565	100	0
chr2	19147152	19177124	Amillepora04652	37	1	0.02702702702702703	0.02702702702702703	2.7027027027027026	0	16.439898730535727	2.7027027027027026	100	0
chr2	19254332	19285217	Amillepora04659	30	2	0.06666666666666667	0.06666666666666667	6.666666666666667	0	25.37081317024625	4.632055558531008	100	0
chr2	19207575	19251153	Amillepora04655	57	1	0.017543859649122806	0.017543859649122806	1.7543859649122806	0	13.24532357065042	1.7543859649122806	100	0
chr2	19380174	19384933	Amillepora04666	2	0	0	0	0	0	0	0	0	0
chr2	19347943	19360955	Amillepora04663	14	1	0.07142857142857142	0.07142857142857142	7.142857142857143	0	26.72612419124244	7.142857142857143	100	0
chr2	19366427	19378365	Amillepora04665	15	0	0	0	0	0	0	0	0	0
chr2	19289082	19311274	Amillepora04661	39	3	0.07692307692307693	0.07692307692307693	7.6923076923076925	0	26.99527623995085	4.322703745761664	100	0
chr2	19317902	19346197	Amillepora04662	24	3	0.125	0.125	12.5	0	33.78319623460881	6.89596605459213	100	0
chr2	19467478	19475226	Amillepora04671	7	0	0	0	0	0	0	0	0	0
chr2	19420449	19428157	Amillepora04668	9	0	0	0	0	0	0	0	0	0
chr2	19435167	19440872	Amillepora04669	2	1	0.5	0.5	50	50	70.71067811865476	50	100	0
chr2	19400702	19402644	Amillepora04667	4	0	0	0	0	0	0	0	0	0
chr2	19450326	19452704	Amillepora04670	8	0	0	0	0	0	0	0	0	0
chr2	19577443	19581495	Amillepora04679	2	0	0	0	0	0	0	0	0	0
chr2	19526482	19536042	Amillepora04676	3	1	0.3333333333333333	0.3333333333333333	33.333333333333336	0	57.735026918962575	33.333333333333336	100	0
chr2	19540548	19544226	Amillepora04677	8	1	0.125	0.125	12.5	0	35.35533905932738	12.5	100	0
chr2	19501316	19510237	Amillepora04674	7	0	0	0	0	0	0	0	0	0
chr2	19493473	19497716	Amillepora04673	1	1	1	1	100	100	NA	NA	100	100
chr2	19514822	19525507	Amillepora04675	5	3	0.6	0.6	60	100	54.772255750516614	24.49489742783178	100	0
chr2	19583401	19586901	Amillepora04680	3	0	0	0	0	0	0	0	0	0
chr2	19491486	19500670	Amillepora04672	4	2	0.5	0.5	50	50	57.735026918962575	28.867513459481287	100	0
chr2	19567516	19570171	Amillepora04678	1	0	0	0	0	0	NA	NA	0	0
chr2	19665253	19672533	Amillepora04691	19	3	0.15789473684210525	0.15789473684210525	15.789473684210526	0	37.46343246326776	8.5947008518708	100	0
chr2	19656333	19663661	Amillepora04690	8	0	0	0	0	0	0	0	0	0
chr2	19626053	19630119	Amillepora04686	7	0	0	0	0	0	0	0	0	0
chr2	19635960	19646896	Amillepora04688	15	2	0.13333333333333333	0.13333333333333333	13.333333333333334	0	35.18657752744984	9.085135251589959	100	0
chr2	19632989	19634811	Amillepora04687	1	0	0	0	0	0	NA	NA	0	0
chr2	19673038	19676543	Amillepora04692	3	0	0	0	0	0	0	0	0	0
chr2	19680781	19685312	Amillepora04693	2	0	0	0	0	0	0	0	0	0
chr2	19595189	19601650	Amillepora04681	3	2	0.6666666666666666	0.6666666666666666	66.66666666666667	100	57.73502691896258	33.333333333333336	100	0
chr2	19613764	19619526	Amillepora04684	16	0	0	0	0	0	0	0	0	0
chr2	19609796	19612841	Amillepora04683	6	0	0	0	0	0	0	0	0	0
chr2	19749660	19764133	Amillepora04695	3	0	0	0	0	0	0	0	0	0
chr2	19721453	19743778	Amillepora04694	3	0	0	0	0	0	0	0	0	0
chr2	19830959	19847673	Amillepora04696	1	0	0	0	0	0	NA	NA	0	0
chr2	19911753	19928201	Amillepora04699	12	3	0.25	0.25	25	0	45.22670168666454	13.055824196677337	100	0
chr2	19885730	19905152	Amillepora04698	9	1	0.1111111111111111	0.1111111111111111	11.11111111111111	0	33.333333333333336	11.111111111111112	100	0
chr2	19852923	19873494	Amillepora04697	3	0	0	0	0	0	0	0	0	0
chr2	19935713	19947750	Amillepora04701	9	0	0	0	0	0	0	0	0	0
chr2	19949873	19959023	Amillepora04702	9	2	0.2222222222222222	0.2222222222222222	22.22222222222222	0	44.09585518440984	14.698618394803281	100	0
chr2	19996064	20012955	Amillepora04707	6	0	0	0	0	0	0	0	0	0
chr2	19960119	19970288	Amillepora04703	4	3	0.75	0.75	75	100	50	25	100	0
chr2	20055018	20057349	Amillepora04712	2	0	0	0	0	0	0	0	0	0
chr2	19984247	19991299	Amillepora04706	4	3	0.75	0.75	75	100	50	25	100	0
chr2	20048496	20052442	Amillepora04711	2	1	0.5	0.5	50	50	70.71067811865476	50	100	0
chr2	20071497	20072851	Amillepora04716	1	0	0	0	0	0	NA	NA	0	0
chr2	20026603	20032149	Amillepora04709	9	0	0	0	0	0	0	0	0	0
chr2	20057911	20062471	Amillepora04713	7	0	0	0	0	0	0	0	0	0
chr2	19976826	19982772	Amillepora04705	1	1	1	1	100	100	NA	NA	100	100
chr2	20016958	20018881	Amillepora04708	3	0	0	0	0	0	0	0	0	0
chr2	20032330	20039958	Amillepora04710	13	1	0.07692307692307693	0.07692307692307693	7.6923076923076925	0	27.735009811261456	7.6923076923076925	100	0
chr2	19971707	19976426	Amillepora04704	4	3	0.75	0.75	75	100	50	25	100	0
chr2	20142232	20144380	Amillepora04723	2	0	0	0	0	0	0	0	0	0
chr2	20110909	20115581	Amillepora04718	3	0	0	0	0	0	0	0	0	0
chr2	20116544	20126758	Amillepora04719	8	3	0.375	0.375	37.5	0	51.75491695067657	18.298126367784995	100	0
chr2	20132164	20136923	Amillepora04721	3	2	0.6666666666666666	0.6666666666666666	66.66666666666667	100	57.73502691896258	33.333333333333336	100	0
chr2	20063672	20070982	Amillepora04714	5	0	0	0	0	0	0	0	0	0
chr2	20145712	20155848	Amillepora04724	13	0	0	0	0	0	0	0	0	0
chr2	20075042	20100392	Amillepora04717	33	1	0.030303030303030304	0.030303030303030304	3.0303030303030303	0	17.407765595569774	3.03030303030303	100	0
chr2	20128402	20131062	Amillepora04720	1	0	0	0	0	0	NA	NA	0	0
chr2	20071437	20073467	Amillepora04715	2	0	0	0	0	0	0	0	0	0
chr2	20215246	20227577	Amillepora04727	3	3	1	1	100	100	0	0	100	100
chr2	20196125	20214143	Amillepora04726	7	0	0	0	0	0	0	0	0	0
chr2	20244803	20267879	Amillepora04731	20	2	0.1	0.1	10	0	30.779350562554622	6.882472016116853	100	0
chr2	20160128	20203456	Amillepora04725	53	0	0	0	0	0	0	0	0	0
chr2	20229211	20234670	Amillepora04728	4	3	0.75	0.75	75	100	50	25	100	0
chr2	20360802	20371938	Amillepora04737	14	1	0.07142857142857142	0.07142857142857142	7.142857142857143	0	26.726124191242445	7.142857142857143	100	0
chr2	20341660	20349822	Amillepora04735	7	0	0	0	0	0	0	0	0	0
chr2	20287454	20312304	Amillepora04733	28	1	0.03571428571428571	0.03571428571428571	3.5714285714285716	0	18.89822365046134	3.571428571428571	100	0
chr2	20353776	20360614	Amillepora04736	2	0	0	0	0	0	0	0	0	0
chr2	20270864	20281534	Amillepora04732	7	1	0.14285714285714285	0.14285714285714285	14.285714285714286	0	37.79644730092272	14.285714285714285	100	0
chr2	20371538	20373491	Amillepora04739	4	0	0	0	0	0	0	0	0	0
chr2	20375558	20390032	Amillepora04740	12	0	0	0	0	0	0	0	0	0
chr2	20391486	20416862	Amillepora04741	28	1	0.03571428571428571	0.03571428571428571	3.5714285714285716	0	18.898223650461343	3.571428571428571	100	0
chr2	20464336	20480699	Amillepora04743	18	0	0	0	0	0	0	0	0	0
chr2	20435483	20437715	Amillepora04742	4	0	0	0	0	0	0	0	0	0
chr2	20535844	20537643	Amillepora04745	3	0	0	0	0	0	0	0	0	0
chr2	20543910	20553313	Amillepora04747	15	0	0	0	0	0	0	0	0	0
chr2	20502734	20533417	Amillepora04744	30	1	0.03333333333333333	0.03333333333333333	3.3333333333333335	0	18.25741858350554	3.333333333333333	100	0
chr2	20560955	20572833	Amillepora04748	15	1	0.06666666666666667	0.06666666666666667	6.666666666666667	0	25.81988897471611	6.666666666666666	100	0
chr2	20629914	20642698	Amillepora04752	3	0	0	0	0	0	0	0	0	0
chr2	20596119	20607344	Amillepora04750	4	1	0.25	0.25	25	0	50	25	100	0
chr2	20664132	20677786	Amillepora04755	13	1	0.07692307692307693	0.07692307692307693	7.6923076923076925	0	27.735009811261456	7.6923076923076925	100	0
chr2	20647158	20657797	Amillepora04753	3	1	0.3333333333333333	0.3333333333333333	33.333333333333336	0	57.735026918962575	33.333333333333336	100	0
chr2	20580224	20592794	Amillepora04749	4	0	0	0	0	0	0	0	0	0
chr2	20761393	20770499	Amillepora04765	7	0	0	0	0	0	0	0	0	0
chr2	20679705	20686876	Amillepora04756	8	0	0	0	0	0	0	0	0	0
chr2	20705229	20712469	Amillepora04759	9	0	0	0	0	0	0	0	0	0
chr2	20752803	20761154	Amillepora04764	7	0	0	0	0	0	0	0	0	0
chr2	20718111	20722192	Amillepora04762	5	0	0	0	0	0	0	0	0	0
chr2	20790120	20795436	Amillepora04767	13	0	0	0	0	0	0	0	0	0
chr2	20831834	20834092	Amillepora04774	2	0	0	0	0	0	0	0	0	0
chr2	20842511	20844690	Amillepora04776	7	0	0	0	0	0	0	0	0	0
chr2	20847852	20849956	Amillepora04777	3	0	0	0	0	0	0	0	0	0
chr2	20852038	20859879	Amillepora04778	5	0	0	0	0	0	0	0	0	0
chr2	20836081	20837776	Amillepora04775	1	0	0	0	0	0	NA	NA	0	0
chr2	20828834	20831041	Amillepora04773	4	0	0	0	0	0	0	0	0	0
chr2	20860854	20862444	Amillepora04779	2	1	0.5	0.5	50	50	70.71067811865476	50	100	0
chr2	20795964	20798053	Amillepora04768	5	0	0	0	0	0	0	0	0	0
chr2	20814816	20824070	Amillepora04771	16	0	0	0	0	0	0	0	0	0
chr2	20801364	20812794	Amillepora04769	7	2	0.2857142857142857	0.2857142857142857	28.571428571428573	0	48.79500364742666	18.442777839082936	100	0
chr2	20901619	20904131	Amillepora04788	7	0	0	0	0	0	0	0	0	0
chr2	20894376	20897513	Amillepora04787	9	0	0	0	0	0	0	0	0	0
chr2	20880588	20882867	Amillepora04783	2	0	0	0	0	0	0	0	0	0
chr2	20879468	20880451	Amillepora04782	1	0	0	0	0	0	NA	NA	0	0
chr2	20876455	20879352	Amillepora04781	2	0	0	0	0	0	0	0	0	0
chr2	20887514	20892391	Amillepora04786	7	0	0	0	0	0	0	0	0	0
chr2	20913477	20916161	Amillepora04789	5	1	0.2	0.2	20	0	44.721359549995796	20	100	0
chr2	20864985	20871300	Amillepora04780	14	1	0.07142857142857142	0.07142857142857142	7.142857142857143	0	26.72612419124244	7.142857142857143	100	0
chr2	20921175	20937972	Amillepora04790	9	1	0.1111111111111111	0.1111111111111111	11.11111111111111	0	33.333333333333336	11.111111111111112	100	0
chr2	20941447	20960219	Amillepora04791	11	3	0.2727272727272727	0.2727272727272727	27.272727272727273	0	46.70993664969137	14.083575804390607	100	0
chr2	20996125	21010010	Amillepora04794	22	2	0.09090909090909091	0.09090909090909091	9.090909090909092	0	29.424494316824976	6.273323266748674	100	0
chr2	21031259	21045635	Amillepora04800	17	0	0	0	0	0	0	0	0	0
chr2	21012966	21015500	Amillepora04797	13	0	0	0	0	0	0	0	0	0
chr2	20993270	20994122	Amillepora04793	1	0	0	0	0	0	NA	NA	0	0
chr2	20986140	20989077	Amillepora04792	5	0	0	0	0	0	0	0	0	0
chr2	21139988	21149598	Amillepora04813	8	4	0.5	0.5	50	50	53.45224838248488	18.89822365046136	100	0
chr2	21154665	21176004	Amillepora04815	21	1	0.047619047619047616	0.047619047619047616	4.761904761904762	0	21.82178902359924	4.761904761904762	100	0
chr2	21126381	21129662	Amillepora04812	1	1	1	1	100	100	NA	NA	100	100
chr2	21079970	21082841	Amillepora04807	1	0	0	0	0	0	NA	NA	0	0
chr2	21059018	21059593	Amillepora04803	1	0	0	0	0	0	NA	NA	0	0
chr2	21068094	21069368	Amillepora04804	1	0	0	0	0	0	NA	NA	0	0
chr2	21071165	21072964	Amillepora04805	2	0	0	0	0	0	0	0	0	0
chr2	21117416	21126038	Amillepora04811	5	0	0	0	0	0	0	0	0	0
chr2	21096523	21111307	Amillepora04810	15	0	0	0	0	0	0	0	0	0
chr2	21090631	21093540	Amillepora04809	1	1	1	1	100	100	NA	NA	100	100
chr2	21239660	21240610	Amillepora04823	2	0	0	0	0	0	0	0	0	0
chr2	21233667	21237290	Amillepora04822	2	0	0	0	0	0	0	0	0	0
chr2	21203522	21212549	Amillepora04820	1	0	0	0	0	0	NA	NA	0	0
chr2	21181717	21187571	Amillepora04817	7	0	0	0	0	0	0	0	0	0
chr2	21194867	21200755	Amillepora04819	5	0	0	0	0	0	0	0	0	0
chr2	21384153	21385749	Amillepora04832	2	0	0	0	0	0	0	0	0	0
chr2	21284279	21300037	Amillepora04824	15	1	0.06666666666666667	0.06666666666666667	6.666666666666667	0	25.819888974716115	6.666666666666666	100	0
chr2	21344547	21360289	Amillepora04830	8	0	0	0	0	0	0	0	0	0
chr2	21300426	21308290	Amillepora04825	7	0	0	0	0	0	0	0	0	0
chr2	21309890	21315754	Amillepora04826	10	0	0	0	0	0	0	0	0	0
chr2	21329631	21336690	Amillepora04829	9	0	0	0	0	0	0	0	0	0
chr2	21366832	21369856	Amillepora04831	7	0	0	0	0	0	0	0	0	0
chr2	21321268	21328144	Amillepora04828	6	0	0	0	0	0	0	0	0	0
chr2	21395808	21410148	Amillepora04834	19	0	0	0	0	0	0	0	0	0
chr2	21414761	21434787	Amillepora04836	35	0	0	0	0	0	0	0	0	0
chr2	21410302	21413417	Amillepora04835	4	0	0	0	0	0	0	0	0	0
chr2	21389767	21392094	Amillepora04833	6	0	0	0	0	0	0	0	0	0
chr2	21518923	21525291	Amillepora04844	11	0	0	0	0	0	0	0	0	0
chr2	21504816	21514225	Amillepora04843	10	0	0	0	0	0	0	0	0	0
chr2	21477232	21482801	Amillepora04840	1	0	0	0	0	0	NA	NA	0	0
chr2	21452154	21454443	Amillepora04838	7	0	0	0	0	0	0	0	0	0
chr2	21546539	21556805	Amillepora04848	22	0	0	0	0	0	0	0	0	0
chr2	21482406	21495634	Amillepora04842	5	2	0.4	0.4	40	0	54.772255750516614	24.49489742783178	100	0
chr2	21436925	21447672	Amillepora04837	13	1	0.07692307692307693	0.07692307692307693	7.6923076923076925	0	27.735009811261456	7.6923076923076925	100	0
chr2	21529593	21532831	Amillepora04846	6	0	0	0	0	0	0	0	0	0
chr2	21563629	21576992	Amillepora04849	19	1	0.05263157894736842	0.05263157894736842	5.2631578947368425	0	22.941573387056177	5.263157894736841	100	0
chr2	21632424	21648346	Amillepora04855	35	0	0	0	0	0	0	0	0	0
chr2	21615094	21628112	Amillepora04854	34	0	0	0	0	0	0	0	0	0
chr2	21579319	21587979	Amillepora04850	16	0	0	0	0	0	0	0	0	0
chr2	21603279	21609001	Amillepora04853	4	2	0.5	0.5	50	50	57.735026918962575	28.867513459481287	100	0
chr2	21596585	21601437	Amillepora04852	9	1	0.1111111111111111	0.1111111111111111	11.11111111111111	0	33.333333333333336	11.111111111111112	100	0
chr2	21708010	21711965	Amillepora04862	5	0	0	0	0	0	0	0	0	0
chr2	21691316	21696340	Amillepora04861	7	0	0	0	0	0	0	0	0	0
chr2	21768023	21781154	Amillepora04866	30	0	0	0	0	0	0	0	0	0
chr2	21665862	21670442	Amillepora04857	7	1	0.14285714285714285	0.14285714285714285	14.285714285714286	0	37.79644730092272	14.285714285714285	100	0
chr2	21671783	21676746	Amillepora04858	9	0	0	0	0	0	0	0	0	0
chr2	21662675	21665140	Amillepora04856	1	0	0	0	0	0	NA	NA	0	0
chr2	21713936	21718207	Amillepora04863	5	2	0.4	0.4	40	0	54.772255750516614	24.49489742783178	100	0
chr2	21745798	21767728	Amillepora04865	18	2	0.1111111111111111	0.1111111111111111	11.11111111111111	0	32.33808333817772	7.622159339667059	100	0
chr2	21721084	21737434	Amillepora04864	27	5	0.18518518518518517	0.18518518518518517	18.51851851851852	0	39.58473906635695	7.618086585254095	100	0
chr2	21855172	21856969	Amillepora04874	3	0	0	0	0	0	0	0	0	0
chr2	21826023	21828548	Amillepora04871	8	0	0	0	0	0	0	0	0	0
chr2	21816267	21822248	Amillepora04870	1	0	0	0	0	0	NA	NA	0	0
chr2	21831953	21835210	Amillepora04872	2	1	0.5	0.5	50	50	70.71067811865476	50	100	0
chr2	21835717	21850885	Amillepora04873	27	0	0	0	0	0	0	0	0	0
chr2	21858417	21867624	Amillepora04875	11	1	0.09090909090909091	0.09090909090909091	9.090909090909092	0	30.151134457776358	9.09090909090909	100	0
chr2	21901936	21937337	Amillepora04880	41	4	0.0975609756097561	0.0975609756097561	9.75609756097561	0	30.04062290283347	4.691557088212524	100	0
chr2	21943988	21956997	Amillepora04881	22	0	0	0	0	0	0	0	0	0
chr2	21869863	21886584	Amillepora04876	29	2	0.06896551724137931	0.06896551724137931	6.896551724137931	0	25.78807147775638	4.788724653995956	100	0
chr2	21888456	21897308	Amillepora04878	1	1	1	1	100	100	NA	NA	100	100
chr2	21964950	21983292	Amillepora04882	13	4	0.3076923076923077	0.3076923076923077	30.76923076923077	0	48.03844614152614	13.323467750529826	100	0
chr2	22014418	22029483	Amillepora04886	5	3	0.6	0.6	60	100	54.772255750516614	24.49489742783178	100	0
chr2	21971880	21999237	Amillepora04883	44	3	0.06818181818181818	0.06818181818181818	6.818181818181818	0	25.49717059293526	3.843843094202264	100	0
chr2	22041132	22050666	Amillepora04887	23	0	0	0	0	0	0	0	0	0
chr2	22051273	22080627	Amillepora04888	16	1	0.0625	0.0625	6.25	0	25	6.25	100	0
chr2	22008255	22013169	Amillepora04885	4	0	0	0	0	0	0	0	0	0
chr2	22000296	22005098	Amillepora04884	5	0	0	0	0	0	0	0	0	0
chr2	22115961	22131087	Amillepora04891	22	2	0.09090909090909091	0.09090909090909091	9.090909090909092	0	29.42449431682498	6.273323266748674	100	0
chr2	22099365	22113257	Amillepora04890	12	1	0.08333333333333333	0.08333333333333333	8.333333333333334	0	28.867513459481298	8.333333333333334	100	0
chr2	22151383	22160211	Amillepora04894	3	1	0.3333333333333333	0.3333333333333333	33.333333333333336	0	57.735026918962575	33.333333333333336	100	0
chr2	22086628	22096244	Amillepora04889	13	1	0.07692307692307693	0.07692307692307693	7.6923076923076925	0	27.735009811261456	7.6923076923076925	100	0
chr2	22131661	22151472	Amillepora04893	18	0	0	0	0	0	0	0	0	0
chr2	22188673	22206160	Amillepora04896	28	0	0	0	0	0	0	0	0	0
chr2	22208387	22230838	Amillepora04897	40	3	0.075	0.075	7.5	0	26.67467828369185	4.217636961434867	100	0
chr2	22233745	22243077	Amillepora04898	7	3	0.42857142857142855	0.42857142857142855	42.857142857142854	0	53.45224838248488	20.203050891044217	100	0
chr2	22248154	22249967	Amillepora04899	3	0	0	0	0	0	0	0	0	0
chr2	22250229	22250933	Amillepora04900	1	0	0	0	0	0	NA	NA	0	0
chr2	22267793	22268695	Amillepora04902	1	0	0	0	0	0	NA	NA	0	0
chr2	22330549	22336751	Amillepora04905	6	0	0	0	0	0	0	0	0	0
chr2	22320314	22326634	Amillepora04904	7	0	0	0	0	0	0	0	0	0
chr2	22340581	22342880	Amillepora04907	2	0	0	0	0	0	0	0	0	0
chr2	22256449	22264466	Amillepora04901	7	1	0.14285714285714285	0.14285714285714285	14.285714285714286	0	37.79644730092272	14.285714285714285	100	0
chr2	22343644	22354267	Amillepora04908	6	4	0.6666666666666666	0.6666666666666666	66.66666666666667	100	51.63977794943223	21.081851067789195	100	0
chr2	22291256	22293687	Amillepora04903	3	0	0	0	0	0	0	0	0	0
chr2	22440569	22464151	Amillepora04913	8	2	0.25	0.25	25	0	46.29100498862757	16.366341767699428	100	0
chr2	22464311	22467508	Amillepora04915	10	0	0	0	0	0	0	0	0	0
chr2	22446704	22449723	Amillepora04914	1	1	1	1	100	100	NA	NA	100	100
chr2	22409277	22411126	Amillepora04910	2	0	0	0	0	0	0	0	0	0
chr2	22375278	22407686	Amillepora04909	20	2	0.1	0.1	10	0	30.779350562554622	6.882472016116853	100	0
chr2	22437427	22445238	Amillepora04912	5	0	0	0	0	0	0	0	0	0
chr2	22423035	22434737	Amillepora04911	7	1	0.14285714285714285	0.14285714285714285	14.285714285714286	0	37.79644730092272	14.285714285714285	100	0
chr2	22481772	22503965	Amillepora04916	39	1	0.02564102564102564	0.02564102564102564	2.5641025641025643	0	16.01281538050869	2.564102564102564	100	0
chr2	22536822	22539397	Amillepora04920	2	0	0	0	0	0	0	0	0	0
chr2	22576855	22587810	Amillepora04922	17	0	0	0	0	0	0	0	0	0
chr2	22543812	22572436	Amillepora04921	18	2	0.1111111111111111	0.1111111111111111	11.11111111111111	0	32.338083338177725	7.622159339667059	100	0
chr2	22651596	22654186	Amillepora04927	6	0	0	0	0	0	0	0	0	0
chr2	22665523	22679379	Amillepora04928	11	0	0	0	0	0	0	0	0	0
chr2	22589859	22629847	Amillepora04923	68	1	0.014705882352941176	0.014705882352941176	1.4705882352941178	0	12.126781251816665	1.4705882352941175	100	0
chr2	22748303	22749004	Amillepora04933	3	0	0	0	0	0	0	0	0	0
chr2	22728533	22744016	Amillepora04931	23	0	0	0	0	0	0	0	0	0
chr2	22699451	22704945	Amillepora04930	6	0	0	0	0	0	0	0	0	0
chr2	22759015	22762597	Amillepora04934	3	0	0	0	0	0	0	0	0	0
chr2	22815429	22831635	Amillepora04936	22	0	0	0	0	0	0	0	0	0
chr2	22791968	22805542	Amillepora04935	16	0	0	0	0	0	0	0	0	0
chr2	22834403	22850266	Amillepora04937	14	1	0.07142857142857142	0.07142857142857142	7.142857142857143	0	26.72612419124244	7.142857142857143	100	0
chr2	22853333	22866314	Amillepora04938	19	1	0.05263157894736842	0.05263157894736842	5.2631578947368425	0	22.94157338705618	5.263157894736841	100	0
chr2	22959444	22962282	Amillepora04948	3	1	0.3333333333333333	0.3333333333333333	33.333333333333336	0	57.735026918962575	33.333333333333336	100	0
chr2	22954183	22957151	Amillepora04947	1	0	0	0	0	0	NA	NA	0	0
chr2	22882382	22885640	Amillepora04939	1	0	0	0	0	0	NA	NA	0	0
chr2	22895609	22904479	Amillepora04941	2	2	1	1	100	100	0	0	100	100
chr2	22919660	22943482	Amillepora04943	6	4	0.6666666666666666	0.6666666666666666	66.66666666666667	100	51.63977794943223	21.081851067789195	100	0
chr2	22945733	22952451	Amillepora04946	13	1	0.07692307692307693	0.07692307692307693	7.6923076923076925	0	27.735009811261456	7.6923076923076925	100	0
chr2	22890581	22895526	Amillepora04940	2	0	0	0	0	0	0	0	0	0
chr2	22964684	22968488	Amillepora04949	3	0	0	0	0	0	0	0	0	0
chr2	22912492	22917180	Amillepora04942	3	0	0	0	0	0	0	0	0	0
chr2	23042556	23045175	Amillepora04956	5	0	0	0	0	0	0	0	0	0
chr2	23050950	23054484	Amillepora04957	5	0	0	0	0	0	0	0	0	0
chr2	23017084	23020592	Amillepora04953	1	0	0	0	0	0	NA	NA	0	0
chr2	23077487	23088012	Amillepora04960	5	2	0.4	0.4	40	0	54.772255750516614	24.49489742783178	100	0
chr2	22972948	22982715	Amillepora04950	7	4	0.5714285714285714	0.5714285714285714	57.142857142857146	100	53.45224838248488	20.203050891044217	100	0
chr2	23056948	23062557	Amillepora04958	10	1	0.1	0.1	10	0	31.622776601683793	10	100	0
chr2	23039203	23041302	Amillepora04955	1	0	0	0	0	0	NA	NA	0	0
chr2	23065757	23077338	Amillepora04959	16	1	0.0625	0.0625	6.25	0	25	6.25	100	0
chr2	22999939	23017613	Amillepora04951	4	3	0.75	0.75	75	100	50	25	100	0
chr2	23036609	23037086	Amillepora04954	1	0	0	0	0	0	NA	NA	0	0
chr2	23134360	23144038	Amillepora04968	6	2	0.3333333333333333	0.42857142857142855	33.333333333333336	0	51.63977794943222	21.081851067789195	100	0
chr2	23149958	23156437	Amillepora04970	1	0	0	0	0	0	NA	NA	0	0
chr2	23112350	23113198	Amillepora04965	2	0	0	0	0	0	0	0	0	0
chr2	23104589	23108392	Amillepora04963	7	0	0	0	0	0	0	0	0	0
chr2	23110157	23111969	Amillepora04964	2	0	0	0	0	0	0	0	0	0
chr2	23089062	23094681	Amillepora04961	9	0	0	0	0	0	0	0	0	0
chr2	23113584	23125418	Amillepora04966	9	1	0.1111111111111111	0.1111111111111111	11.11111111111111	0	33.333333333333336	11.111111111111112	100	0
chr2	23237839	23241556	Amillepora04973	6	0	0	0	0	0	0	0	0	0
chr2	23230183	23237387	Amillepora04972	9	1	0.1111111111111111	0.1111111111111111	11.11111111111111	0	33.333333333333336	11.111111111111112	100	0
chr2	23260781	23274142	Amillepora04975	14	0	0	0	0	0	0	0	0	0
chr2	23276898	23282463	Amillepora04976	7	1	0.14285714285714285	0.14285714285714285	14.285714285714286	0	37.79644730092272	14.285714285714285	100	0
chr2	23242052	23259558	Amillepora04974	30	3	0.1	0.1	10	0	30.51285766293647	5.570860145311556	100	0
chr2	23326169	23341819	Amillepora04979	4	0	0	0	0	0	0	0	0	0
chr2	23302509	23322933	Amillepora04978	14	4	0.2857142857142857	0.2857142857142857	28.571428571428573	0	46.88072309384955	12.529400275814705	100	0
chr2	23286612	23297909	Amillepora04977	7	0	0	0	0	0	0	0	0	0
chr2	23366753	23384363	Amillepora04981	5	2	0.4	0.4	40	0	54.772255750516614	24.49489742783178	100	0
chr2	23347985	23362976	Amillepora04980	1	0	0	0	0	0	NA	NA	0	0
chr2	23421547	23433735	Amillepora04984	3	0	0	0	0	0	0	0	0	0
chr2	23394332	23410602	Amillepora04982	1	0	0	0	0	0	NA	NA	0	0
chr2	23433910	23447279	Amillepora04985	3	0	0	0	0	0	0	0	0	0
chr2	23538289	23545924	Amillepora04991	1	1	1	1	100	100	NA	NA	100	100
chr2	23448744	23472162	Amillepora04986	3	0	0	0	0	0	0	0	0	0
chr2	23530510	23537710	Amillepora04990	1	0	0	0	0	0	NA	NA	0	0
chr2	23565646	23571246	Amillepora04996	4	0	0	0	0	0	0	0	0	0
chr2	23552578	23559646	Amillepora04994	3	0	0	0	0	0	0	0	0	0
chr2	23639583	23655640	Amillepora05003	1	0	0	0	0	0	NA	NA	0	0
chr2	23705983	23713518	Amillepora05007	3	1	0.3333333333333333	0.3333333333333333	33.333333333333336	0	57.735026918962575	33.333333333333336	100	0
chr2	23729168	23744715	Amillepora05008	2	0	0	0	0	0	0	0	0	0
chr2	23748227	23763716	Amillepora05009	1	0	0	0	0	0	NA	NA	0	0
chr2	23690992	23704184	Amillepora05006	2	0	0	0	0	0	0	0	0	0
chr2	23827793	23836517	Amillepora05015	5	0	0	0	0	0	0	0	0	0
chr2	23796098	23804889	Amillepora05012	2	0	0	0	0	0	0	0	0	0
chr2	23860194	23864866	Amillepora05017	4	0	0	0	0	0	0	0	0	0
chr2	23838554	23855713	Amillepora05016	2	0	0	0	0	0	0	0	0	0
chr2	23772059	23789137	Amillepora05010	2	0	0	0	0	0	0	0	0	0
chr2	23947254	23967482	Amillepora05026	2	0	0	0	0	0	0	0	0	0
chr2	23896348	23904325	Amillepora05019	2	0	0	0	0	0	0	0	0	0
chr2	23915124	23921809	Amillepora05021	5	0	0	0	0	0	0	0	0	0
chr2	23980935	24002627	Amillepora05028	4	1	0.25	0.4	25	0	50	25	100	0
chr2	24051325	24056630	Amillepora05034	11	0	0	0	0	0	0	0	0	0
chr2	24030750	24050693	Amillepora05032	2	2	1	1	100	100	0	0	100	100
chr2	24062564	24077626	Amillepora05035	18	0	0	0	0	0	0	0	0	0
chr2	24003620	24009715	Amillepora05029	6	0	0	0	0	0	0	0	0	0
chr2	24089303	24097756	Amillepora05036	5	2	0.4	0.4	40	0	54.772255750516614	24.49489742783178	100	0
chr2	24144259	24150262	Amillepora05039	12	0	0	0	0	0	0	0	0	0
chr2	24117402	24124934	Amillepora05038	6	1	0.16666666666666666	0.16666666666666666	16.666666666666668	0	40.82482904638629	16.66666666666667	100	0
chr2	24101510	24113807	Amillepora05037	19	0	0	0	0	0	0	0	0	0
chr2	24167692	24184727	Amillepora05042	4	3	0.75	0.75	75	100	50	25	100	0
chr2	24223960	24231045	Amillepora05048	13	0	0	0	0	0	0	0	0	0
chr2	24242487	24253101	Amillepora05049	13	0	0	0	0	0	0	0	0	0
chr2	24267155	24272437	Amillepora05050	8	0	0	0	0	0	0	0	0	0
chr2	24155971	24167719	Amillepora05040	9	1	0.1111111111111111	0.1111111111111111	11.11111111111111	0	33.333333333333336	11.111111111111112	100	0
chr2	24188997	24195175	Amillepora05046	3	0	0	0	0	0	0	0	0	0
chr2	24332439	24368314	Amillepora05054	51	2	0.0392156862745098	0.0392156862745098	3.9215686274509802	0	19.603921176392152	2.7450980392156863	100	0
chr2	24298484	24330173	Amillepora05052	21	3	0.14285714285714285	0.14285714285714285	14.285714285714286	0	35.856858280031815	7.824607964359516	100	0
chr2	24286243	24298218	Amillepora05051	3	1	0.3333333333333333	0.3333333333333333	33.333333333333336	0	57.735026918962575	33.333333333333336	100	0
chr2	24388482	24395233	Amillepora05058	1	1	1	1	100	100	NA	NA	100	100
chr2	24458816	24484512	Amillepora05065	13	1	0.07692307692307693	0.07692307692307693	7.6923076923076925	0	27.735009811261456	7.6923076923076925	100	0
chr2	24397218	24404534	Amillepora05059	1	1	1	1	100	100	NA	NA	100	100
chr2	24368700	24378694	Amillepora05055	30	0	0	0	0	0	0	0	0	0
chr2	24447411	24454314	Amillepora05064	6	0	0	0	0	0	0	0	0	0
chr2	24425461	24429896	Amillepora05063	7	0	0	0	0	0	0	0	0	0
chr2	24383914	24385541	Amillepora05057	4	0	0	0	0	0	0	0	0	0
chr2	24422834	24424795	Amillepora05060	1	0	0	0	0	0	NA	NA	0	0
chr2	24523905	24537582	Amillepora05071	12	2	0.16666666666666666	0.16666666666666666	16.666666666666668	0	38.92494720807614	11.236664374387368	100	0
chr2	24502148	24513322	Amillepora05068	14	1	0.07142857142857142	0.07142857142857142	7.142857142857143	0	26.726124191242445	7.142857142857143	100	0
chr2	24544318	24562427	Amillepora05073	14	0	0	0	0	0	0	0	0	0
chr2	24568788	24575280	Amillepora05074	6	0	0	0	0	0	0	0	0	0
chr2	24543428	24544033	Amillepora05072	2	0	0	0	0	0	0	0	0	0
chr2	24490309	24502083	Amillepora05066	1	1	1	1	100	100	NA	NA	100	100
chr2	24587055	24595221	Amillepora05075	9	1	0.1111111111111111	0.1111111111111111	11.11111111111111	0	33.333333333333336	11.111111111111112	100	0
chr2	24611676	24631781	Amillepora05079	18	4	0.2222222222222222	0.2222222222222222	22.22222222222222	0	42.77926319464986	10.08316903303367	100	0
chr2	24605978	24607357	Amillepora05076	2	0	0	0	0	0	0	0	0	0
chr2	24608589	24609892	Amillepora05078	9	0	0	0	0	0	0	0	0	0
chr2	24607573	24608379	Amillepora05077	1	0	0	0	0	0	NA	NA	0	0
chr2	24681462	24682474	Amillepora05084	1	0	0	0	0	0	NA	NA	0	0
chr2	24651726	24660221	Amillepora05083	11	1	0.09090909090909091	0.09090909090909091	9.090909090909092	0	30.151134457776354	9.09090909090909	100	0
chr2	24633254	24650537	Amillepora05082	32	1	0.03125	0.03125	3.125	0	17.67766952966369	3.125	100	0
chr2	24715281	24716798	Amillepora05087	4	0	0	0	0	0	0	0	0	0
chr2	24733500	24745325	Amillepora05089	12	0	0	0	0	0	0	0	0	0
chr2	24719579	24730726	Amillepora05088	12	0	0	0	0	0	0	0	0	0
chr2	24750525	24761781	Amillepora05090	10	0	0	0	0	0	0	0	0	0
chr2	24683017	24691510	Amillepora05085	7	0	0	0	0	0	0	0	0	0
chr2	24809761	24830845	Amillepora05093	3	1	0.3333333333333333	0.3333333333333333	33.333333333333336	0	57.735026918962575	33.333333333333336	100	0
chr2	24841725	24861228	Amillepora05094	23	0	0	0	0	0	0	0	0	0
chr2	24903590	24927200	Amillepora05098	9	0	0	0	0	0	0	0	0	0
chr2	24962499	24971714	Amillepora05103	5	0	0	0	0	0	0	0	0	0
chr2	24880779	24889784	Amillepora05096	11	1	0.09090909090909091	0.09090909090909091	9.090909090909092	0	30.15113445777636	9.09090909090909	100	0
chr2	24867854	24879393	Amillepora05095	9	2	0.2222222222222222	0.2222222222222222	22.22222222222222	0	44.09585518440984	14.698618394803281	100	0
chr2	25042844	25047402	Amillepora05109	2	1	0.5	0.5	50	50	70.71067811865476	50	100	0
chr2	25049965	25052448	Amillepora05110	1	0	0	0	0	0	NA	NA	0	0
chr2	25058766	25064318	Amillepora05111	2	1	0.5	0.5	50	50	70.71067811865476	50	100	0
chr2	25006767	25027216	Amillepora05107	28	2	0.07142857142857142	0.07142857142857142	7.142857142857143	0	26.22652641564811	4.956347617776506	100	0
chr2	24994532	25001252	Amillepora05104	2	0	0	0	0	0	0	0	0	0
chr2	25029998	25042702	Amillepora05108	11	0	0	0	0	0	0	0	0	0
chr2	25157897	25168302	Amillepora05116	2	0	0	0	0	0	0	0	0	0
chr2	25105824	25154250	Amillepora05115	12	0	0	0	0	0	0	0	0	0
chr2	25059708	25088045	Amillepora05112	31	1	0.03225806451612903	0.03225806451612903	3.225806451612903	0	17.960530202677504	3.2258064516129035	100	0
chr2	25098020	25105179	Amillepora05114	3	1	0.3333333333333333	0.3333333333333333	33.333333333333336	0	57.735026918962575	33.333333333333336	100	0
chr2	25218486	25222314	Amillepora05127	2	0	0	0	0	0	0	0	0	0
chr2	25192146	25195450	Amillepora05121	1	0	0	0	0	0	NA	NA	0	0
chr2	25173088	25176486	Amillepora05117	1	0	0	0	0	0	NA	NA	0	0
chr2	25269447	25278319	Amillepora05133	2	0	0	0	0	0	0	0	0	0
chr2	25208123	25212448	Amillepora05126	2	1	0.5	0.5	50	50	70.71067811865476	50	100	0
chr2	25240337	25250959	Amillepora05130	5	1	0.2	0.2	20	0	44.721359549995796	20	100	0
chr2	25224125	25234444	Amillepora05128	6	1	0.16666666666666666	0.16666666666666666	16.666666666666668	0	40.8248290463863	16.66666666666667	100	0
chr2	25254393	25259927	Amillepora05131	3	0	0	0	0	0	0	0	0	0
chr2	25380029	25385062	Amillepora05147	1	0	0	0	0	0	NA	NA	0	0
chr2	25288032	25295949	Amillepora05134	2	0	0	0	0	0	0	0	0	0
chr2	25372767	25376683	Amillepora05146	1	0	0	0	0	0	NA	NA	0	0
chr2	25345509	25362065	Amillepora05142	2	0	0	0	0	0	0	0	0	0
chr2	25328632	25341852	Amillepora05139	3	1	0.3333333333333333	0.3333333333333333	33.333333333333336	0	57.735026918962575	33.333333333333336	100	0
chr2	25302108	25309132	Amillepora05136	1	0	0	0	0	0	NA	NA	0	0
chr2	25297819	25301298	Amillepora05135	1	0	0	0	0	0	NA	NA	0	0
chr2	25440742	25453743	Amillepora05157	6	2	0.3333333333333333	0.3333333333333333	33.333333333333336	0	51.63977794943222	21.081851067789195	100	0
chr2	25423520	25428888	Amillepora05154	3	2	0.6666666666666666	0.6666666666666666	66.66666666666667	100	57.73502691896258	33.333333333333336	100	0
chr2	25406251	25417821	Amillepora05151	3	2	0.6666666666666666	0.6666666666666666	66.66666666666667	100	57.735026918962575	33.333333333333336	100	0
chr2	25390112	25392798	Amillepora05148	3	0	0	0	0	0	0	0	0	0
chr2	25457610	25469678	Amillepora05158	1	0	0	0	0	0	NA	NA	0	0
chr2	25542006	25557501	Amillepora05171	3	0	0	0	0	0	0	0	0	0
chr2	25481530	25491332	Amillepora05162	1	0	0	0	0	0	NA	NA	0	0
chr2	25512057	25515450	Amillepora05166	1	0	0	0	0	0	NA	NA	0	0
chr2	25491587	25502868	Amillepora05163	1	0	0	0	0	0	NA	NA	0	0
chr2	25576083	25578610	Amillepora05177	1	0	0	0	0	0	NA	NA	0	0
chr2	25646201	25653069	Amillepora05183	1	0	0	0	0	0	NA	NA	0	0
chr2	25628349	25637236	Amillepora05182	2	0	0	0	0	0	0	0	0	0
chr2	25661497	25671752	Amillepora05184	11	1	0.09090909090909091	0.09090909090909091	9.090909090909092	0	30.151134457776358	9.09090909090909	100	0
chr2	25604055	25618873	Amillepora05181	4	0	0	0	0	0	0	0	0	0
chr2	25737769	25748398	Amillepora05197	2	0	0	0	0	0	0	0	0	0
chr2	25677816	25687851	Amillepora05185	8	0	0	0	0	0	0	0	0	0
chr2	25718454	25727442	Amillepora05194	4	0	0	0	0	0	0	0	0	0
chr2	25690491	25691789	Amillepora05186	2	0	0	0	0	0	0	0	0	0
chr2	25713043	25716614	Amillepora05192	1	0	0	0	0	0	NA	NA	0	0
chr2	25693034	25693992	Amillepora05187	2	0	0	0	0	0	0	0	0	0
chr2	25815234	25839491	Amillepora05200	9	5	0.5555555555555556	0.5555555555555556	55.55555555555556	100	52.70462766947299	17.568209223157663	100	0
chr2	25752040	25809748	Amillepora05198	19	2	0.10526315789473684	0.10526315789473684	10.526315789473685	0	31.53017676423058	7.233518641434491	100	0
chr2	25810005	25815189	Amillepora05199	2	2	1	1	100	100	0	0	100	100
chr2	25841303	25843134	Amillepora05202	1	0	0	0	0	0	NA	NA	0	0
chr2	25916165	25920959	Amillepora05207	3	1	0.3333333333333333	0.3333333333333333	33.333333333333336	0	57.735026918962575	33.333333333333336	100	0
chr2	25858217	25866029	Amillepora05203	1	1	1	1	100	100	NA	NA	100	100
chr2	25879462	25900947	Amillepora05205	14	1	0.07142857142857142	0.06666666666666667	7.142857142857143	0	26.726124191242445	7.142857142857143	100	0
chr2	25908021	25913582	Amillepora05206	5	1	0.2	0.2	20	0	44.721359549995796	20	100	0
chr2	25947908	25963035	Amillepora05210	12	0	0	0	0	0	0	0	0	0
chr2	25870807	25876205	Amillepora05204	1	1	1	1	100	100	NA	NA	100	100
chr2	25921913	25938570	Amillepora05208	24	1	0.041666666666666664	0.041666666666666664	4.166666666666667	0	20.412414523193153	4.166666666666668	100	0
chr2	25972996	25976742	Amillepora05213	2	1	0.5	0.5	50	50	70.71067811865476	50	100	0
chr2	25966303	25972773	Amillepora05212	20	0	0	0	0	0	0	0	0	0
chr2	25940114	25941929	Amillepora05209	5	0	0	0	0	0	0	0	0	0
chr2	25973207	25998866	Amillepora05214	25	2	0.08	0.08	8	0	27.688746209726915	5.537749241945383	100	0
chr2	26005732	26011410	Amillepora05215	4	0	0	0	0	0	0	0	0	0
chr2	26080211	26083154	Amillepora05221	3	0	0	0	0	0	0	0	0	0
chr2	26042895	26050798	Amillepora05219	1	0	0	0	0	0	NA	NA	0	0
chr2	26013455	26016235	Amillepora05216	4	0	0	0	0	0	0	0	0	0
chr2	26033009	26035858	Amillepora05218	1	0	0	0	0	0	NA	NA	0	0
chr2	26024032	26025331	Amillepora05217	1	0	0	0	0	0	NA	NA	0	0
chr2	26163533	26168885	Amillepora05227	6	2	0.3333333333333333	0.3333333333333333	33.333333333333336	0	51.63977794943222	21.081851067789195	100	0
chr2	26172292	26184601	Amillepora05228	15	3	0.2	0.2	20	0	41.403933560541255	10.690449676496975	100	0
chr2	26138700	26147273	Amillepora05225	5	4	0.8	0.8	80	100	44.721359549995796	20	100	0
chr2	26118825	26124016	Amillepora05223	5	2	0.4	0.4	40	0	54.772255750516614	24.49489742783178	100	0
chr2	26125899	26133982	Amillepora05224	8	1	0.125	0.125	12.5	0	35.35533905932738	12.5	100	0
chr2	26156005	26160632	Amillepora05226	8	4	0.5	0.5	50	50	53.45224838248488	18.89822365046136	100	0
chr2	26244192	26254988	Amillepora05232	2	0	0	0	0	0	0	0	0	0
chr2	26201385	26211154	Amillepora05229	3	0	0	0	0	0	0	0	0	0
chr2	26255007	26270389	Amillepora05233	1	0	0	0	0	0	NA	NA	0	0
chr2	26323271	26332264	Amillepora05241	6	0	0	0	0	0	0	0	0	0
chr2	26283763	26294471	Amillepora05236	6	1	0.16666666666666666	0.16666666666666666	16.666666666666668	0	40.8248290463863	16.66666666666667	100	0
chr2	26347070	26348730	Amillepora05242	2	0	0	0	0	0	0	0	0	0
chr2	26421201	26423950	Amillepora05250	1	0	0	0	0	0	NA	NA	0	0
chr2	26395879	26409140	Amillepora05249	3	1	0.3333333333333333	0.3333333333333333	33.333333333333336	0	57.735026918962575	33.333333333333336	100	0
chr2	26353577	26373046	Amillepora05243	35	0	0	0	0	0	0	0	0	0
chr2	26433893	26443869	Amillepora05251	1	0	0	0	0	0	NA	NA	0	0
chr2	26388270	26392381	Amillepora05248	1	0	0	0	0	0	NA	NA	0	0
chr2	26564549	26579231	Amillepora05269	7	1	0.14285714285714285	0.14285714285714285	14.285714285714286	0	37.79644730092272	14.285714285714285	100	0
chr2	26583210	26586058	Amillepora05270	1	0	0	0	0	0	NA	NA	0	0
chr2	26541788	26549075	Amillepora05266	3	1	0.3333333333333333	0.3333333333333333	33.333333333333336	0	57.735026918962575	33.333333333333336	100	0
chr2	26551045	26564375	Amillepora05267	4	0	0	0	0	0	0	0	0	0
chr2	26521606	26540090	Amillepora05264	16	0	0	0	0	0	0	0	0	0
chr2	26508311	26519974	Amillepora05263	16	0	0	0	0	0	0	0	0	0
chr2	26644908	26651964	Amillepora05275	8	1	0.125	0.125	12.5	0	35.35533905932738	12.5	100	0
chr2	26667556	26687582	Amillepora05279	21	1	0.047619047619047616	0.047619047619047616	4.761904761904762	0	21.821789023599244	4.761904761904762	100	0
chr2	26661914	26665455	Amillepora05278	1	0	0	0	0	0	NA	NA	0	0
chr2	26655924	26659976	Amillepora05277	1	0	0	0	0	0	NA	NA	0	0
chr2	26742342	26745727	Amillepora05285	3	1	0.3333333333333333	0.3333333333333333	33.333333333333336	0	57.735026918962575	33.333333333333336	100	0
chr2	26745836	26763191	Amillepora05286	21	1	0.047619047619047616	0.047619047619047616	4.761904761904762	0	21.821789023599244	4.761904761904762	100	0
chr2	26814934	26819167	Amillepora05291	4	0	0	0	0	0	0	0	0	0
chr2	26835598	26863023	Amillepora05292	35	1	0.02857142857142857	0.02857142857142857	2.857142857142857	0	16.903085094570333	2.857142857142857	100	0
chr2	26768888	26795264	Amillepora05287	34	1	0.029411764705882353	0.029411764705882353	2.9411764705882355	0	17.149858514250884	2.941176470588235	100	0
chr2	26802856	26814596	Amillepora05290	6	0	0	0	0	0	0	0	0	0
chr2	26799543	26802923	Amillepora05289	2	1	0.5	0.5	50	50	70.71067811865476	50	100	0
chr2	26863937	26876453	Amillepora05293	9	1	0.1111111111111111	0.1111111111111111	11.11111111111111	0	33.333333333333336	11.111111111111112	100	0
chr2	26876612	26879698	Amillepora05294	4	0	0	0	0	0	0	0	0	0
chr2	27067908	27072848	Amillepora05300	7	1	0.14285714285714285	0.14285714285714285	14.285714285714286	0	37.79644730092272	14.285714285714285	100	0
chr2	27037582	27044106	Amillepora05297	5	0	0	0	0	0	0	0	0	0
chr2	27044002	27053171	Amillepora05298	14	2	0.14285714285714285	0.14285714285714285	14.285714285714286	0	36.313651960128155	9.705231721239393	100	0
chr2	27055782	27066504	Amillepora05299	7	0	0	0	0	0	0	0	0	0
chr2	27095566	27109041	Amillepora05302	8	2	0.25	0.25	25	0	46.29100498862757	16.366341767699428	100	0
chr2	27123597	27141063	Amillepora05303	1	0	0	0	0	0	NA	NA	0	0
chr2	27159948	27171912	Amillepora05306	2	0	0	0	0	0	0	0	0	0
chr2	27213432	27226519	Amillepora05308	9	2	0.2222222222222222	0.2222222222222222	22.22222222222222	0	44.09585518440984	14.698618394803281	100	0
chr2	27250238	27256456	Amillepora05311	9	0	0	0	0	0	0	0	0	0
chr2	27238666	27241073	Amillepora05309	4	0	0	0	0	0	0	0	0	0
chr2	27188948	27217673	Amillepora05307	27	2	0.07407407407407407	0.07407407407407407	7.407407407407407	0	26.688025634181187	5.13611292801138	100	0
chr2	27313621	27318159	Amillepora05318	3	0	0	0	0	0	0	0	0	0
chr2	27260032	27264638	Amillepora05312	6	0	0	0	0	0	0	0	0	0
chr2	27319634	27327260	Amillepora05319	8	0	0	0	0	0	0	0	0	0
chr2	27282857	27299379	Amillepora05315	20	0	0	0	0	0	0	0	0	0
chr2	27304908	27308376	Amillepora05317	5	0	0	0	0	0	0	0	0	0
chr2	27366020	27381283	Amillepora05321	12	0	0	0	0	0	0	0	0	0
chr2	27330465	27348287	Amillepora05320	25	1	0.04	0.04	4	0	20	4	100	0
chr2	27396968	27409365	Amillepora05324	11	1	0.09090909090909091	0.09090909090909091	9.090909090909092	0	30.151134457776354	9.09090909090909	100	0
chr2	27415233	27416738	Amillepora05325	3	1	0.3333333333333333	0.3333333333333333	33.333333333333336	0	57.735026918962575	33.333333333333336	100	0
chr2	27428774	27433031	Amillepora05326	5	0	0	0	0	0	0	0	0	0
chr2	27384743	27396912	Amillepora05322	10	1	0.1	0.1	10	0	31.622776601683793	10	100	0
chr2	27549574	27558095	Amillepora05337	16	0	0	0	0	0	0	0	0	0
chr2	27516852	27531495	Amillepora05332	5	0	0	0	0	0	0	0	0	0
chr2	27468573	27499994	Amillepora05331	8	3	0.375	0.375	37.5	0	51.75491695067657	18.298126367784995	100	0
chr2	27450993	27461789	Amillepora05327	13	0	0	0	0	0	0	0	0	0
chr2	27532656	27546449	Amillepora05334	16	1	0.0625	0.0625	6.25	0	25	6.25	100	0
chr2	27617407	27629893	Amillepora05341	6	1	0.16666666666666666	0.16666666666666666	16.666666666666668	0	40.8248290463863	16.66666666666667	100	0
chr2	27643200	27652178	Amillepora05343	5	2	0.4	0.4	40	0	54.772255750516614	24.49489742783178	100	0
chr2	27661972	27670932	Amillepora05344	1	0	0	0	0	0	NA	NA	0	0
chr2	27637437	27638393	Amillepora05342	1	0	0	0	0	0	NA	NA	0	0
chr2	27689956	27704937	Amillepora05345	17	5	0.29411764705882354	0.29411764705882354	29.41176470588235	0	46.96682183138622	11.391127488845344	100	0
chr2	27772137	27780866	Amillepora05351	8	2	0.25	0.25	25	0	46.29100498862757	16.366341767699428	100	0
chr2	27715780	27722528	Amillepora05346	4	1	0.25	0.25	25	0	50	25	100	0
chr2	27767320	27770081	Amillepora05350	3	0	0	0	0	0	0	0	0	0
chr2	27746380	27766671	Amillepora05349	25	2	0.08	0.08	8	0	27.688746209726915	5.537749241945383	100	0
chr2	27732846	27742083	Amillepora05347	1	0	0	0	0	0	NA	NA	0	0
chr2	27856163	27863135	Amillepora05363	7	0	0	0	0	0	0	0	0	0
chr2	27816277	27821121	Amillepora05358	1	0	0	0	0	0	NA	NA	0	0
chr2	27791188	27800414	Amillepora05352	8	0	0	0	0	0	0	0	0	0
chr2	27842522	27850028	Amillepora05361	1	1	1	1	100	100	NA	NA	100	100
chr2	27829660	27838223	Amillepora05360	5	2	0.4	0.4	40	0	54.772255750516614	24.49489742783178	100	0
chr2	27851377	27855917	Amillepora05362	1	1	1	1	100	100	NA	NA	100	100
chr2	27810300	27816226	Amillepora05357	2	0	0	0	0	0	0	0	0	0
chr2	27808600	27809349	Amillepora05356	3	0	0	0	0	0	0	0	0	0
chr2	27865167	27868891	Amillepora05365	6	0	0	0	0	0	0	0	0	0
chr2	27800859	27801707	Amillepora05354	1	0	0	0	0	0	NA	NA	0	0
chr2	27806635	27808580	Amillepora05355	9	0	0	0	0	0	0	0	0	0
chr2	27879421	27884593	Amillepora05369	4	3	0.75	0.75	75	100	50	25	100	0
chr2	27874126	27877423	Amillepora05368	1	1	1	1	100	100	NA	NA	100	100
chr2	27909516	27916268	Amillepora05371	9	6	0.6666666666666666	0.6666666666666666	66.66666666666667	100	50	16.666666666666668	100	0
chr2	27969888	27982543	Amillepora05376	12	1	0.08333333333333333	0.08333333333333333	8.333333333333334	0	28.867513459481295	8.333333333333334	100	0
chr2	27925078	27933191	Amillepora05374	9	2	0.2222222222222222	0.2222222222222222	22.22222222222222	0	44.09585518440984	14.698618394803281	100	0
chr2	27918755	27923658	Amillepora05373	1	0	0	0	0	0	NA	NA	0	0
chr2	27885150	27909297	Amillepora05370	11	9	0.8181818181818182	0.8181818181818182	81.81818181818181	100	40.45199174779453	12.196734422726125	100	0
chr2	27871425	27873656	Amillepora05367	3	0	0	0	0	0	0	0	0	0
chr2	27991521	27997937	Amillepora05377	11	2	0.18181818181818182	0.18181818181818182	18.181818181818183	0	40.45199174779453	12.196734422726125	100	0
chr2	28015260	28038244	Amillepora05381	14	2	0.14285714285714285	0.14285714285714285	14.285714285714286	0	36.313651960128155	9.705231721239393	100	0
chr2	28007035	28015077	Amillepora05379	7	0	0	0	0	0	0	0	0	0
chr2	27998813	28002149	Amillepora05378	2	0	0	0	0	0	0	0	0	0
chr2	28046804	28063209	Amillepora05382	16	7	0.4375	0.4375	43.75	0	51.234753829797995	12.808688457449499	100	0
chr2	28093960	28098260	Amillepora05385	7	2	0.2857142857142857	0.2857142857142857	28.571428571428573	0	48.79500364742666	18.442777839082936	100	0
chr2	28121530	28135604	Amillepora05386	15	1	0.06666666666666667	0.06666666666666667	6.666666666666667	0	25.81988897471612	6.666666666666666	100	0
chr2	28153497	28164704	Amillepora05387	3	0	0	0	0	0	0	0	0	0
chr2	28196947	28201114	Amillepora05391	7	0	0	0	0	0	0	0	0	0
chr2	28230345	28242415	Amillepora05396	7	0	0	0	0	0	0	0	0	0
chr2	28170203	28180650	Amillepora05388	10	0	0	0	0	0	0	0	0	0
chr2	28187659	28196048	Amillepora05389	11	0	0	0	0	0	0	0	0	0
chr2	28325536	28331904	Amillepora05401	9	0	0	0	0	0	0	0	0	0
chr2	28321887	28324522	Amillepora05400	4	0	0	0	0	0	0	0	0	0
chr2	28269749	28273415	Amillepora05398	2	0	0	0	0	0	0	0	0	0
chr2	28297166	28314272	Amillepora05399	14	0	0	0	0	0	0	0	0	0
chr2	28336581	28349336	Amillepora05402	16	0	0	0	0	0	0	0	0	0
chr2	28354559	28360326	Amillepora05403	4	2	0.5	0.5	50	50	57.735026918962575	28.867513459481287	100	0
chr2	28430176	28431586	Amillepora05410	4	0	0	0	0	0	0	0	0	0
chr2	28432520	28433960	Amillepora05411	1	0	0	0	0	0	NA	NA	0	0
chr2	28385624	28393147	Amillepora05406	4	0	0	0	0	0	0	0	0	0
chr2	28415195	28418246	Amillepora05409	5	0	0	0	0	0	0	0	0	0
chr2	28404063	28408920	Amillepora05407	3	1	0.3333333333333333	0.3333333333333333	33.333333333333336	0	57.735026918962575	33.333333333333336	100	0
chr2	28484013	28505088	Amillepora05414	17	1	0.058823529411764705	0.058823529411764705	5.882352941176471	0	24.253562503633297	5.88235294117647	100	0
chr2	28527593	28536720	Amillepora05417	4	0	0	0	0	0	0	0	0	0
chr2	28474586	28480464	Amillepora05412	7	0	0	0	0	0	0	0	0	0
chr2	28507719	28512850	Amillepora05415	10	1	0.1	0.1	10	0	31.622776601683793	10	100	0
chr2	28517144	28525726	Amillepora05416	3	3	1	1	100	100	0	0	100	100
chr2	28673046	28677380	Amillepora05427	6	0	0	0	0	0	0	0	0	0
chr2	28623903	28632571	Amillepora05424	2	0	0	0	0	0	0	0	0	0
chr2	28638807	28652202	Amillepora05425	14	1	0.07142857142857142	0.07142857142857142	7.142857142857143	0	26.726124191242445	7.142857142857143	100	0
chr2	28770507	28779638	Amillepora05434	10	0	0	0	0	0	0	0	0	0
chr2	28693509	28703568	Amillepora05428	10	0	0	0	0	0	0	0	0	0
chr2	28731240	28737221	Amillepora05431	10	1	0.1	0.1	10	0	31.622776601683793	10	100	0
chr2	28721492	28723218	Amillepora05429	2	0	0	0	0	0	0	0	0	0
chr2	28725224	28730593	Amillepora05430	10	0	0	0	0	0	0	0	0	0
chr2	28744163	28744711	Amillepora05433	1	0	0	0	0	0	NA	NA	0	0
chr2	28793422	28807606	Amillepora05435	11	0	0	0	0	0	0	0	0	0
chr2	28832380	28834155	Amillepora05437	5	0	0	0	0	0	0	0	0	0
chr2	28835087	28838006	Amillepora05438	1	0	0	0	0	0	NA	NA	0	0
chr2	28810332	28832291	Amillepora05436	18	1	0.05555555555555555	0.05555555555555555	5.555555555555555	0	23.570226039551578	5.555555555555556	100	0
chr2	28840625	28855358	Amillepora05439	5	1	0.2	0.2	20	0	44.721359549995796	20	100	0
chr2	28938447	28948759	Amillepora05446	11	0	0	0	0	0	0	0	0	0
chr2	28899040	28916415	Amillepora05443	21	0	0	0	0	0	0	0	0	0
chr2	28857953	28898370	Amillepora05440	59	3	0.05084745762711865	0.05	5.084745762711864	0	22.157187777172226	2.884620147107672	100	0
chr2	28917502	28921333	Amillepora05444	12	0	0	0	0	0	0	0	0	0
chr2	28951520	28968438	Amillepora05447	32	0	0	0	0	0	0	0	0	0
chr2	28926355	28928009	Amillepora05445	4	0	0	0	0	0	0	0	0	0
chr2	29003726	29009940	Amillepora05452	12	0	0	0	0	0	0	0	0	0
chr2	29051263	29061736	Amillepora05457	17	0	0	0	0	0	0	0	0	0
chr2	29013610	29022926	Amillepora05453	18	0	0	0	0	0	0	0	0	0
chr2	28992015	29001292	Amillepora05451	5	1	0.2	0.2	20	0	44.721359549995796	20	100	0
chr2	29023211	29034965	Amillepora05454	14	1	0.07142857142857142	0.07142857142857142	7.142857142857143	0	26.726124191242445	7.142857142857143	100	0
chr2	28973892	28979013	Amillepora05449	8	0	0	0	0	0	0	0	0	0
chr2	28984569	28991278	Amillepora05450	3	0	0	0	0	0	0	0	0	0
chr2	29036413	29039379	Amillepora05455	9	0	0	0	0	0	0	0	0	0
chr2	29039650	29042869	Amillepora05456	2	0	0	0	0	0	0	0	0	0
chr2	29152038	29166834	Amillepora05459	21	1	0.047619047619047616	0.047619047619047616	4.761904761904762	0	21.82178902359924	4.761904761904762	100	0
chr2	29238691	29243351	Amillepora05464	11	0	0	0	0	0	0	0	0	0
chr2	29276178	29282717	Amillepora05467	9	0	0	0	0	0	0	0	0	0
chr2	29207845	29215186	Amillepora05461	8	1	0.125	0.125	12.5	0	35.35533905932738	12.5	100	0
chr2	29230344	29234875	Amillepora05463	3	1	0.3333333333333333	0.3333333333333333	33.333333333333336	0	57.735026918962575	33.333333333333336	100	0
chr2	29243490	29267763	Amillepora05465	40	1	0.025	0.024390243902439025	2.5	0	15.811388300841896	2.5	100	0
chr2	29221323	29224874	Amillepora05462	3	1	0.3333333333333333	0.3333333333333333	33.333333333333336	0	57.735026918962575	33.333333333333336	100	0
chr2	29189098	29190617	Amillepora05460	1	0	0	0	0	0	NA	NA	0	0
chr2	29358346	29371198	Amillepora05473	19	0	0	0	0	0	0	0	0	0
chr2	29313162	29323064	Amillepora05470	8	0	0	0	0	0	0	0	0	0
chr2	29341957	29347821	Amillepora05472	2	0	0	0	0	0	0	0	0	0
chr2	29287419	29292926	Amillepora05468	1	1	1	1	100	100	NA	NA	100	100
chr2	29293754	29296529	Amillepora05469	5	2	0.4	0.4	40	0	54.772255750516614	24.49489742783178	100	0
chr2	29326410	29338419	Amillepora05471	29	0	0	0	0	0	0	0	0	0
chr2	29395552	29399109	Amillepora05477	2	0	0	0	0	0	0	0	0	0
chr2	29433094	29434655	Amillepora05481	5	0	0	0	0	0	0	0	0	0
chr2	29407095	29407631	Amillepora05479	2	0	0	0	0	0	0	0	0	0
chr2	29401893	29404269	Amillepora05478	2	0	0	0	0	0	0	0	0	0
chr2	29390025	29395428	Amillepora05476	1	1	1	1	100	100	NA	NA	100	100
chr2	29412107	29418481	Amillepora05480	2	0	0	0	0	0	0	0	0	0
chr2	29378786	29381730	Amillepora05475	1	0	0	0	0	0	NA	NA	0	0
chr2	29371647	29374911	Amillepora05474	3	0	0	0	0	0	0	0	0	0
chr2	29449847	29454892	Amillepora05482	1	0	0	0	0	0	NA	NA	0	0
chr2	29459360	29464792	Amillepora05484	3	0	0	0	0	0	0	0	0	0
chr2	29494570	29501706	Amillepora05487	5	0	0	0	0	0	0	0	0	0
chr2	29508640	29512311	Amillepora05488	6	0	0	0	0	0	0	0	0	0
chr2	29478631	29491891	Amillepora05486	7	0	0	0	0	0	0	0	0	0
chr2	29518447	29521937	Amillepora05490	3	0	0	0	0	0	0	0	0	0
chr2	29468175	29473667	Amillepora05485	2	0	0	0	0	0	0	0	0	0
chr2	29535206	29537208	Amillepora05492	1	0	0	0	0	0	NA	NA	0	0
chr2	29548858	29549765	Amillepora05495	1	0	0	0	0	0	NA	NA	0	0
chr2	29683160	29687089	Amillepora05507	4	0	0	0	0	0	0	0	0	0
chr2	29642181	29647631	Amillepora05503	1	0	0	0	0	0	NA	NA	0	0
chr2	29697106	29700082	Amillepora05511	3	0	0	0	0	0	0	0	0	0
chr2	29755999	29766563	Amillepora05514	5	2	0.4	0.4	40	0	54.772255750516614	24.49489742783178	100	0
chr2	29714448	29717595	Amillepora05513	1	0	0	0	0	0	NA	NA	0	0
chr2	29843160	29843882	Amillepora05521	2	0	0	0	0	0	0	0	0	0
chr2	29789822	29795261	Amillepora05519	2	2	1	1	100	100	0	0	100	100
chr2	29783796	29784936	Amillepora05517	1	0	0	0	0	0	NA	NA	0	0
chr2	29844215	29846146	Amillepora05522	1	0	0	0	0	0	NA	NA	0	0
chr2	29927405	29929243	Amillepora05530	3	0	0	0	0	0	0	0	0	0
chr2	29923617	29925862	Amillepora05529	7	1	0.14285714285714285	0.14285714285714285	14.285714285714286	0	37.79644730092272	14.285714285714285	100	0
chr2	29966916	29970188	Amillepora05534	2	0	0	0	0	0	0	0	0	0
chr2	29966259	29966789	Amillepora05533	3	0	0	0	0	0	0	0	0	0
chr2	29970415	29971302	Amillepora05535	1	0	0	0	0	0	NA	NA	0	0
chr2	29942897	29948961	Amillepora05531	5	1	0.2	0.2	20	0	44.721359549995796	20	100	0
chr2	29905653	29907544	Amillepora05527	2	0	0	0	0	0	0	0	0	0
chr2	29922762	29923565	Amillepora05528	1	0	0	0	0	0	NA	NA	0	0
chr2	29997880	30002259	Amillepora05541	5	1	0.2	0.2	20	0	44.721359549995796	20	100	0
chr2	30031528	30033597	Amillepora05545	28	4	0.14285714285714285	0.14285714285714285	14.285714285714286	0	35.634832254989924	6.734350297014737	100	0
chr2	30075257	30075697	Amillepora05548	1	0	0	0	0	0	NA	NA	0	0
chr2	30029861	30031521	Amillepora05544	13	0	0	0	0	0	0	0	0	0
chr2	30038590	30043373	Amillepora05546	7	1	0.14285714285714285	0.14285714285714285	14.285714285714286	0	37.79644730092272	14.285714285714285	100	0
chr2	29974688	29975788	Amillepora05536	1	0	0	0	0	0	NA	NA	0	0
chr2	29997017	29997801	Amillepora05540	5	0	0	0	0	0	0	0	0	0
chr2	30076430	30077818	Amillepora05549	1	0	0	0	0	0	NA	NA	0	0
chr2	29976030	29977848	Amillepora05537	4	0	0	0	0	0	0	0	0	0
chr2	30068511	30069873	Amillepora05547	1	0	0	0	0	0	NA	NA	0	0
chr2	30081590	30089207	Amillepora05550	3	1	0.3333333333333333	0.3333333333333333	33.333333333333336	0	57.735026918962575	33.333333333333336	100	0
chr2	30160665	30164716	Amillepora05556	2	0	0	0	0	0	0	0	0	0
chr2	30101601	30104938	Amillepora05552	7	0	0	0	0	0	0	0	0	0
chr2	30238885	30239304	Amillepora05566	2	0	0	0	0	0	0	0	0	0
chr2	30304831	30305300	Amillepora05571	1	1	1	1	100	100	NA	NA	100	100
chr2	30438538	30444167	Amillepora05579	11	0	0	0	0	0	0	0	0	0
chr2	30394120	30402714	Amillepora05572	16	3	0.1875	0.1875	18.75	0	40.311288741492746	10.077822185373186	100	0
chr2	30426147	30426680	Amillepora05575	2	0	0	0	0	0	0	0	0	0
chr2	30427089	30428038	Amillepora05576	1	0	0	0	0	0	NA	NA	0	0
chr2	30452222	30452651	Amillepora05580	1	1	1	1	100	100	NA	NA	100	100
chr2	30499954	30501531	Amillepora05585	6	0	0	0	0	0	0	0	0	0
chr2	30507971	30564434	Amillepora05586	33	14	0.42424242424242425	0.42424242424242425	42.42424242424242	0	50.18903659106632	8.736789844447573	100	0
chr2	30627064	30628804	Amillepora05589	2	0	0	0	0	0	0	0	0	0
chr2	30600058	30603342	Amillepora05588	4	0	0	0	0	0	0	0	0	0
chr2	30728708	30730927	Amillepora05598	4	2	0.5	0.5	50	50	57.735026918962575	28.867513459481287	100	0
chr2	30732967	30743277	Amillepora05599	8	5	0.625	0.625	62.5	100	51.75491695067657	18.298126367784995	100	0
chr2	30715766	30728430	Amillepora05597	5	4	0.8	0.8	80	100	44.721359549995796	20	100	0
chr2	30697707	30702921	Amillepora05596	1	0	0	0	0	0	NA	NA	0	0
chr2	30748949	30749793	Amillepora05600	2	1	0.5	0.5	50	50	70.71067811865476	50	100	0
chr2	30790874	30802504	Amillepora05601	31	9	0.2903225806451613	0.2903225806451613	29.032258064516128	0	46.14143753790638	8.287246824945246	100	0
chr2	30949959	30953682	Amillepora05607	2	2	1	1	100	100	0	0	100	100
chr2	30960904	30966422	Amillepora05610	8	1	0.125	0.125	12.5	0	35.35533905932738	12.5	100	0
chr2	30941950	30946366	Amillepora05606	1	0	0	0	0	0	NA	NA	0	0
chr2	31021379	31026204	Amillepora05613	3	0	0	0	0	0	0	0	0	0
chr2	31052379	31072270	Amillepora05615	11	3	0.2727272727272727	0.2727272727272727	27.272727272727273	0	46.70993664969137	14.083575804390607	100	0
chr2	31181951	31185529	Amillepora05618	4	0	0	0	0	0	0	0	0	0
chr2	31177100	31180763	Amillepora05617	6	0	0	0	0	0	0	0	0	0
chr2	31367016	31379739	Amillepora05635	15	0	0	0	0	0	0	0	0	0
chr2	31361195	31365440	Amillepora05634	5	0	0	0	0	0	0	0	0	0
chr2	31345466	31349969	Amillepora05630	8	0	0	0	0	0	0	0	0	0
chr2	31357185	31360575	Amillepora05633	8	0	0	0	0	0	0	0	0	0
chr2	31211103	31249907	Amillepora05622	67	0	0	0	0	0	0	0	0	0
chr2	31353686	31356288	Amillepora05632	3	0	0	0	0	0	0	0	0	0
chr2	31275107	31278247	Amillepora05625	1	0	0	0	0	0	NA	NA	0	0
chr2	31198755	31209170	Amillepora05621	12	1	0.08333333333333333	0.08333333333333333	8.333333333333334	0	28.867513459481305	8.333333333333334	100	0
chr2	31310576	31340996	Amillepora05628	40	6	0.15	0.15	15	0	36.16202853397895	5.717718748968656	100	0
chr2	31279553	31300258	Amillepora05627	5	0	0	0	0	0	0	0	0	0
chr2	31250793	31274618	Amillepora05623	41	1	0.024390243902439025	0.024390243902439025	2.4390243902439024	0	15.617376188860613	2.439024390243903	100	0
chr2	31463288	31463878	Amillepora05647	5	4	0.8	0.8	80	100	44.721359549995796	20	100	0
chr2	31441514	31441945	Amillepora05646	1	1	1	1	100	100	NA	NA	100	100
chr2	31464038	31469256	Amillepora05648	1	1	1	1	100	100	NA	NA	100	100
chr2	31428178	31437385	Amillepora05645	5	3	0.6	0.6	60	100	54.772255750516614	24.49489742783178	100	0
chr2	31408359	31414305	Amillepora05641	5	2	0.4	0.4	40	0	54.772255750516614	24.49489742783178	100	0
chr2	31565222	31567234	Amillepora05650	4	1	0.25	0.25	25	0	50	25	100	0
chr2	31592486	31597319	Amillepora05654	4	2	0.5	0.5	50	50	57.735026918962575	28.867513459481287	100	0
chr2	31600623	31602543	Amillepora05655	2	1	0.5	0.5	50	50	70.71067811865476	50	100	0
chr2	31705455	31737152	Amillepora05663	20	7	0.35	0.3333333333333333	35	0	48.936048492959294	10.942433098048312	100	0
chr2	31787080	31819071	Amillepora05667	15	2	0.13333333333333333	0.13333333333333333	13.333333333333334	0	35.18657752744984	9.085135251589959	100	0
chr2	31837486	31877941	Amillepora05668	6	0	0	0	0	0	0	0	0	0
chr2	31953628	31956114	Amillepora05673	2	1	0.5	0.5	50	50	70.71067811865476	50	100	0
chr2	31894582	31928546	Amillepora05670	4	2	0.5	0.5	50	50	57.735026918962575	28.867513459481287	100	0
chr2	32077021	32080124	Amillepora05684	5	1	0.2	0.2	20	0	44.721359549995796	20	100	0
chr2	31998896	32017754	Amillepora05680	33	4	0.12121212121212122	0.12121212121212122	12.121212121212121	0	33.14339826398085	5.76952508019993	100	0
chr2	31971690	31973184	Amillepora05676	1	0	0	0	0	0	NA	NA	0	0
chr2	31969846	31970970	Amillepora05675	1	0	0	0	0	0	NA	NA	0	0
chr2	32024222	32026718	Amillepora05681	8	0	0	0	0	0	0	0	0	0
chr2	32057416	32059219	Amillepora05682	2	0	0	0	0	0	0	0	0	0
chr2	32064379	32076806	Amillepora05683	9	0	0	0	0	0	0	0	0	0
chr2	31976694	31981560	Amillepora05677	3	0	0	0	0	0	0	0	0	0
chr2	31983771	31988571	Amillepora05678	4	1	0.25	0.25	25	0	50	25	100	0
chr2	31991635	31995463	Amillepora05679	12	1	0.08333333333333333	0.08333333333333333	8.333333333333334	0	28.867513459481298	8.333333333333334	100	0
chr2	32132533	32134586	Amillepora05687	1	0	0	0	0	0	NA	NA	0	0
chr2	32149318	32157002	Amillepora05688	16	2	0.125	0.125	12.5	0	34.15650255319866	8.539125638299666	100	0
chr2	32158358	32174729	Amillepora05689	10	2	0.2	0.2	20	0	42.16370213557839	13.333333333333332	100	0
chr2	32115432	32126241	Amillepora05686	13	0	0	0	0	0	0	0	0	0
chr2	32184894	32198339	Amillepora05693	16	0	0	0	0	0	0	0	0	0
chr2	32214395	32229648	Amillepora05695	7	2	0.2857142857142857	0.2857142857142857	28.571428571428573	0	48.79500364742666	18.442777839082936	100	0
chr2	32174627	32183599	Amillepora05691	10	3	0.3	0.3	30	0	48.3045891539648	15.275252316519467	100	0
chr2	32198566	32214204	Amillepora05694	12	1	0.08333333333333333	0.08333333333333333	8.333333333333334	0	28.867513459481295	8.333333333333334	100	0
chr2	32239469	32251956	Amillepora05700	11	1	0.09090909090909091	0.09090909090909091	9.090909090909092	0	30.151134457776358	9.09090909090909	100	0
chr2	32232356	32236816	Amillepora05699	3	0	0	0	0	0	0	0	0	0
chr2	32254813	32268506	Amillepora05701	11	4	0.36363636363636365	0.36363636363636365	36.36363636363637	0	50.4524979109513	15.212000482437738	100	0
chr2	32307966	32327910	Amillepora05709	17	3	0.17647058823529413	0.16666666666666666	17.647058823529413	0	39.295262399668786	9.530501027070382	100	0
chr2	32263503	32272329	Amillepora05703	10	1	0.1	0.1	10	0	31.622776601683793	10	100	0
chr2	32275237	32289510	Amillepora05705	4	2	0.5	0.5	50	50	57.735026918962575	28.867513459481287	100	0
chr2	32329334	32348422	Amillepora05710	19	3	0.15789473684210525	0.15	13.157894736842104	0	32.668814823747496	7.494740127471518	100	0
chr2	32349441	32354666	Amillepora05711	2	0	0	0	0	0	0	0	0	0
chr2	32354671	32360651	Amillepora05712	1	0	0	0	0	0	NA	NA	0	0
chr2	32291418	32307799	Amillepora05707	3	3	1	1	100	100	0	0	100	100
chr2	32420376	32422025	Amillepora05719	1	0	0	0	0	0	NA	NA	0	0
chr2	32410522	32416710	Amillepora05718	13	0	0	0	0	0	0	0	0	0
chr2	32371660	32379197	Amillepora05714	2	0	0	0	0	0	0	0	0	0
chr2	32387825	32395804	Amillepora05716	6	2	0.3333333333333333	0.3333333333333333	33.333333333333336	0	51.63977794943222	21.081851067789195	100	0
chr2	32403158	32409135	Amillepora05717	5	2	0.4	0.4	40	0	54.772255750516614	24.49489742783178	100	0
chr2	32440965	32444575	Amillepora05721	1	0	0	0	0	0	NA	NA	0	0
chr2	32455859	32484611	Amillepora05723	31	1	0.03225806451612903	0.03225806451612903	3.225806451612903	0	17.960530202677507	3.2258064516129035	100	0
chr2	32421448	32438627	Amillepora05720	12	0	0	0	0	0	0	0	0	0
chr2	32445015	32455589	Amillepora05722	13	3	0.23076923076923078	0.23076923076923078	23.076923076923077	0	43.85290096535146	12.162606385262997	100	0
chr2	32508945	32540301	Amillepora05728	38	4	0.10526315789473684	0.10256410256410256	10.526315789473685	0	31.1011747775905	5.045276771256956	100	0
chr2	32558739	32568926	Amillepora05733	6	5	0.8333333333333334	0.8333333333333334	83.33333333333333	100	40.824829046386306	16.66666666666667	100	0
chr2	32484715	32501751	Amillepora05725	20	1	0.05	0.05	5	0	22.360679774997898	5	100	0
chr2	32550409	32553856	Amillepora05732	1	1	1	1	100	100	NA	NA	100	100
chr2	32510406	32514625	Amillepora05729	1	1	1	1	100	100	NA	NA	100	100
chr2	32545405	32551409	Amillepora05731	9	0	0	0	0	0	0	0	0	0
chr2	32569715	32582766	Amillepora05734	7	3	0.42857142857142855	0.375	42.857142857142854	0	53.452248382484875	20.203050891044217	100	0
chr2	32631159	32656933	Amillepora05739	39	0	0	0	0	0	0	0	0	0
chr2	32618702	32630772	Amillepora05738	9	1	0.1111111111111111	0.1111111111111111	11.11111111111111	0	33.333333333333336	11.111111111111112	100	0
chr2	32593716	32609337	Amillepora05736	15	2	0.13333333333333333	0.125	13.333333333333334	0	35.18657752744984	9.085135251589959	100	0
chr2	32585724	32593491	Amillepora05735	5	3	0.6	0.6	60	100	54.772255750516614	24.49489742783178	100	0
chr2	32709916	32712620	Amillepora05744	1	1	1	1	100	100	NA	NA	100	100
chr2	32703558	32706851	Amillepora05743	1	1	1	1	100	100	NA	NA	100	100
chr2	32673937	32699238	Amillepora05741	14	3	0.21428571428571427	0.21428571428571427	21.428571428571427	0	42.581531362632	11.380392954509878	100	0
chr2	32699296	32702746	Amillepora05742	3	0	0	0	0	0	0	0	0	0
chr2	32751349	32756510	Amillepora05748	1	0	0	0	0	0	NA	NA	0	0
chr2	32713964	32716187	Amillepora05745	4	1	0.25	0.2	12.5	0	25	12.5	50	0
chr2	32723536	32725399	Amillepora05746	1	0	0	0	0	0	NA	NA	0	0
chr2	32741767	32747153	Amillepora05747	4	0	0	0	0	0	0	0	0	0
chr2	32838685	32843032	Amillepora05760	2	2	1	1	100	100	0	0	100	100
chr2	32861261	32868138	Amillepora05763	6	1	0.16666666666666666	0.16666666666666666	16.666666666666668	0	40.8248290463863	16.66666666666667	100	0
chr2	32849436	32859782	Amillepora05762	2	0	0	0	0	0	0	0	0	0
chr2	32873562	32887987	Amillepora05764	15	2	0.13333333333333333	0.13333333333333333	13.333333333333334	0	35.18657752744984	9.085135251589959	100	0
chr2	32845390	32848015	Amillepora05761	1	0	0	0	0	0	NA	NA	0	0
chr2	32811064	32816062	Amillepora05754	1	0	0	0	0	0	NA	NA	0	0
chr2	32833022	32838509	Amillepora05759	3	0	0	0	0	0	0	0	0	0
chr2	32776156	32779364	Amillepora05751	4	0	0	0	0	0	0	0	0	0
chr2	32803180	32806694	Amillepora05753	1	0	0	0	0	0	NA	NA	0	0
chr2	32829429	32830464	Amillepora05758	1	0	0	0	0	0	NA	NA	0	0
chr2	32889079	32895352	Amillepora05765	3	0	0	0	0	0	0	0	0	0
chr2	32922681	32943160	Amillepora05769	12	3	0.25	0.25	25	0	45.22670168666454	13.055824196677337	100	0
chr2	32911156	32922447	Amillepora05768	2	1	0.5	0.5	50	50	70.71067811865476	50	100	0
chr2	32895676	32901073	Amillepora05766	5	3	0.6	0.6	60	100	54.772255750516614	24.49489742783178	100	0
chr2	32944192	32953582	Amillepora05770	9	0	0	0	0	0	0	0	0	0
chr2	32978104	32982887	Amillepora05771	8	1	0.125	0.125	12.5	0	35.35533905932738	12.5	100	0
chr2	32982889	32986447	Amillepora05772	6	0	0	0	0	0	0	0	0	0
chr2	33000831	33005883	Amillepora05774	3	1	0.3333333333333333	0.3333333333333333	33.333333333333336	0	57.735026918962575	33.333333333333336	100	0
chr2	33019313	33045219	Amillepora05775	29	1	0.034482758620689655	0.034482758620689655	3.4482758620689653	0	18.569533817705185	3.4482758620689653	100	0
chr2	33051334	33058568	Amillepora05777	4	3	0.75	0.75	75	100	50	25	100	0
chr2	33058918	33066597	Amillepora05778	11	0	0	0	0	0	0	0	0	0
chr2	33046298	33051203	Amillepora05776	5	0	0	0	0	0	0	0	0	0
chr2	33122100	33129303	Amillepora05783	2	2	1	1	100	100	0	0	100	100
chr2	33181374	33184584	Amillepora05786	7	1	0.14285714285714285	0.14285714285714285	14.285714285714286	0	37.79644730092272	14.285714285714285	100	0
chr2	33157135	33178680	Amillepora05785	20	3	0.15	0.15	15	0	36.634754853252325	8.191780219091253	100	0
chr2	33130377	33157152	Amillepora05784	15	9	0.6	0.6	60	100	50.709255283710995	13.093073414159543	100	0
chr2	33108999	33119500	Amillepora05782	4	0	0	0	0	0	0	0	0	0
chr2	33097127	33108634	Amillepora05780	5	1	0.2	0.2	20	0	44.721359549995796	20	100	0
chr2	33214669	33224987	Amillepora05788	9	4	0.4444444444444444	0.4444444444444444	44.44444444444444	0	52.70462766947299	17.568209223157663	100	0
chr2	33188736	33213780	Amillepora05787	12	3	0.25	0.25	25	0	45.22670168666454	13.055824196677337	100	0
chr2	33258122	33266325	Amillepora05793	12	0	0	0	0	0	0	0	0	0
chr2	33242215	33243884	Amillepora05790	3	1	0.3333333333333333	0.3333333333333333	33.333333333333336	0	57.735026918962575	33.333333333333336	100	0
chr2	33226656	33240775	Amillepora05789	4	1	0.25	0.25	25	0	50	25	100	0
chr2	33266651	33279555	Amillepora05795	14	0	0	0	0	0	0	0	0	0
chr2	33287694	33292184	Amillepora05796	6	1	0.16666666666666666	0.16666666666666666	16.666666666666668	0	40.8248290463863	16.66666666666667	100	0
chr2	33324193	33328079	Amillepora05799	7	0	0	0	0	0	0	0	0	0
chr2	33292340	33306082	Amillepora05797	23	3	0.13043478260869565	0.13043478260869565	13.043478260869565	0	34.435022157509096	7.180198468215396	100	0
chr2	33468222	33473762	Amillepora05806	2	1	0.5	0.5	50	50	70.71067811865476	50	100	0
chr2	33430819	33434726	Amillepora05805	1	0	0	0	0	0	NA	NA	0	0
chr2	33546217	33550461	Amillepora05813	4	0	0	0	0	0	0	0	0	0
chr2	33487699	33507878	Amillepora05809	9	1	0.1111111111111111	0.1111111111111111	11.11111111111111	0	33.333333333333336	11.111111111111112	100	0
chr2	33537471	33545722	Amillepora05812	8	0	0	0	0	0	0	0	0	0
chr2	33522589	33530396	Amillepora05811	3	2	0.6666666666666666	0.6666666666666666	66.66666666666667	100	57.735026918962575	33.333333333333336	100	0
chr2	33552066	33558181	Amillepora05814	11	0	0	0	0	0	0	0	0	0
chr2	33511853	33514626	Amillepora05810	2	0	0	0	0	0	0	0	0	0
chr2	33580475	33585678	Amillepora05821	6	4	0.6666666666666666	0.6666666666666666	66.66666666666667	100	51.63977794943223	21.081851067789195	100	0
chr2	33475163	33486337	Amillepora05808	6	1	0.16666666666666666	0.16666666666666666	16.666666666666668	0	40.82482904638629	16.66666666666667	100	0
chr2	33574589	33578348	Amillepora05819	4	0	0	0	0	0	0	0	0	0
chr2	33561923	33564495	Amillepora05815	3	0	0	0	0	0	0	0	0	0
chr2	33586252	33592565	Amillepora05822	2	0	0	0	0	0	0	0	0	0
chr2	33645338	33647312	Amillepora05829	2	0	0	0	0	0	0	0	0	0
chr2	33611847	33617593	Amillepora05825	18	0	0	0	0	0	0	0	0	0
chr2	33638805	33643860	Amillepora05828	1	0	0	0	0	0	NA	NA	0	0
chr2	33603718	33604703	Amillepora05824	4	0	0	0	0	0	0	0	0	0
chr2	33621693	33629632	Amillepora05826	6	1	0.16666666666666666	0.16666666666666666	16.666666666666668	0	40.82482904638629	16.66666666666667	100	0
chr2	33631778	33638670	Amillepora05827	3	1	0.3333333333333333	0.3333333333333333	33.333333333333336	0	57.735026918962575	33.333333333333336	100	0
chr2	33667389	33674006	Amillepora05832	4	0	0	0	0	0	0	0	0	0
chr2	33660663	33665357	Amillepora05831	11	0	0	0	0	0	0	0	0	0
chr2	33706008	33724700	Amillepora05836	30	1	0.03333333333333333	0.03333333333333333	3.3333333333333335	0	18.257418583505544	3.333333333333333	100	0
chr2	33685830	33692719	Amillepora05834	2	1	0.5	0.5	50	50	70.71067811865476	50	100	0
chr2	33680552	33683502	Amillepora05833	2	0	0	0	0	0	0	0	0	0
chr2	33693661	33703324	Amillepora05835	4	0	0	0	0	0	0	0	0	0
chr2	33804203	33813290	Amillepora05843	10	0	0	0	0	0	0	0	0	0
chr2	33777588	33788843	Amillepora05841	4	0	0	0	0	0	0	0	0	0
chr2	33795026	33799447	Amillepora05842	5	0	0	0	0	0	0	0	0	0
chr2	33824542	33831970	Amillepora05845	7	0	0	0	0	0	0	0	0	0
chr2	33844569	33848287	Amillepora05846	1	0	0	0	0	0	NA	NA	0	0
chr2	33949923	33962981	Amillepora05850	3	1	0.3333333333333333	0.3333333333333333	33.333333333333336	0	57.735026918962575	33.333333333333336	100	0
chr2	33886173	33899982	Amillepora05848	3	0	0	0	0	0	0	0	0	0
chr2	33905373	33911555	Amillepora05849	3	0	0	0	0	0	0	0	0	0
chr2	34064999	34087757	Amillepora05860	49	9	0.1836734693877551	0.1836734693877551	18.367346938775512	0	39.1230398217976	5.589005688828226	100	0
chr2	33999554	34011247	Amillepora05855	1	0	0	0	0	0	NA	NA	0	0
chr2	34030574	34045635	Amillepora05858	21	1	0.047619047619047616	0.047619047619047616	4.761904761904762	0	21.821789023599244	4.761904761904762	100	0
chr2	34027961	34030365	Amillepora05857	2	0	0	0	0	0	0	0	0	0
chr2	34049406	34057775	Amillepora05859	3	2	0.6666666666666666	0.6666666666666666	66.66666666666667	100	57.73502691896258	33.333333333333336	100	0
chr2	34183701	34188111	Amillepora05869	3	0	0	0	0	0	0	0	0	0
chr2	34103662	34129558	Amillepora05863	28	0	0	0	0	0	0	0	0	0
chr2	34093593	34097872	Amillepora05862	5	0	0	0	0	0	0	0	0	0
chr2	34088241	34091314	Amillepora05861	2	0	0	0	0	0	0	0	0	0
chr2	34268553	34268919	Amillepora05873	1	0	0	0	0	0	NA	NA	0	0
chr2	34188604	34244566	Amillepora05872	42	8	0.19047619047619047	0.19047619047619047	19.047619047619047	0	39.74366179316374	6.132580154445567	100	0
chr2	34147608	34169121	Amillepora05867	26	0	0	0	0	0	0	0	0	0
chr2	34170564	34183525	Amillepora05868	5	1	0.2	0.2	20	0	44.721359549995796	20	100	0
chr2	34142383	34147039	Amillepora05866	6	1	0.16666666666666666	0.16666666666666666	16.666666666666668	0	40.82482904638629	16.66666666666667	100	0
chr2	34358201	34364924	Amillepora05878	3	2	0.6666666666666666	0.6666666666666666	66.66666666666667	100	57.73502691896258	33.333333333333336	100	0
chr2	34321228	34332331	Amillepora05876	13	0	0	0	0	0	0	0	0	0
chr2	34335621	34346407	Amillepora05877	12	0	0	0	0	0	0	0	0	0
chr2	34291486	34295522	Amillepora05874	11	0	0	0	0	0	0	0	0	0
chr2	34304603	34309765	Amillepora05875	9	0	0	0	0	0	0	0	0	0
chr2	34384459	34404726	Amillepora05879	28	1	0.03571428571428571	0.03571428571428571	3.5714285714285716	0	18.89822365046134	3.571428571428571	100	0
chr2	34406313	34425136	Amillepora05880	11	2	0.18181818181818182	0.18181818181818182	18.181818181818183	0	40.45199174779452	12.196734422726125	100	0
chr2	34583184	34587224	Amillepora05901	24	0	0	0	0	0	0	0	0	0
chr2	34429423	34435133	Amillepora05883	2	0	0	0	0	0	0	0	0	0
chr2	34501009	34511313	Amillepora05891	2	0	0	0	0	0	0	0	0	0
chr2	34488681	34493217	Amillepora05890	4	0	0	0	0	0	0	0	0	0
chr2	34518392	34535631	Amillepora05892	2	0	0	0	0	0	0	0	0	0
chr2	34546234	34552177	Amillepora05894	2	0	0	0	0	0	0	0	0	0
chr2	34581033	34582424	Amillepora05900	4	0	0	0	0	0	0	0	0	0
chr2	34569066	34571961	Amillepora05897	1	0	0	0	0	0	NA	NA	0	0
chr2	34636753	34643834	Amillepora05905	4	3	0.75	0.75	75	100	50	25	100	0
chr2	34612447	34614443	Amillepora05902	2	0	0	0	0	0	0	0	0	0
chr2	34617128	34623147	Amillepora05903	5	1	0.2	0.2	20	0	44.721359549995796	20	100	0
chr2	34625336	34632358	Amillepora05904	4	1	0.25	0.25	25	0	50	25	100	0
chr2	34647346	34665569	Amillepora05906	23	0	0	0	0	0	0	0	0	0
chr2	34691476	34698421	Amillepora05914	5	0	0	0	0	0	0	0	0	0
chr2	34721816	34732177	Amillepora05917	11	1	0.09090909090909091	0.09090909090909091	9.090909090909092	0	30.151134457776358	9.09090909090909	100	0
chr2	34703041	34711279	Amillepora05915	9	0	0	0	0	0	0	0	0	0
chr2	34668439	34676004	Amillepora05909	4	0	0	0	0	0	0	0	0	0
chr2	34711924	34717996	Amillepora05916	5	0	0	0	0	0	0	0	0	0
chr2	34679654	34691423	Amillepora05911	8	0	0	0	0	0	0	0	0	0
chr2	34757612	34785471	Amillepora05919	25	0	0	0	0	0	0	0	0	0
chr2	34750534	34754384	Amillepora05918	4	0	0	0	0	0	0	0	0	0
chr2	34676469	34679317	Amillepora05910	4	0	0	0	0	0	0	0	0	0
chr2	34877893	34880248	Amillepora05932	5	0	0	0	0	0	0	0	0	0
chr2	34883577	34889141	Amillepora05933	17	0	0	0	0	0	0	0	0	0
chr2	34838720	34853195	Amillepora05926	14	2	0.14285714285714285	0.14285714285714285	14.285714285714286	0	36.31365196012815	9.705231721239393	100	0
chr2	34793108	34800207	Amillepora05920	12	0	0	0	0	0	0	0	0	0
chr2	34816152	34820923	Amillepora05923	6	4	0.6666666666666666	0.6666666666666666	66.66666666666667	100	51.63977794943223	21.081851067789195	100	0
chr2	34858234	34861189	Amillepora05928	1	0	0	0	0	0	NA	NA	0	0
chr2	34803920	34809379	Amillepora05922	10	0	0	0	0	0	0	0	0	0
chr2	34799860	34802598	Amillepora05921	3	0	0	0	0	0	0	0	0	0
chr2	34862237	34869797	Amillepora05929	1	0	0	0	0	0	NA	NA	0	0
chr2	34829661	34837054	Amillepora05925	13	0	0	0	0	0	0	0	0	0
chr2	34975730	34987762	Amillepora05939	5	1	0.2	0.2	20	0	44.721359549995796	20	100	0
chr2	34890550	34898141	Amillepora05934	8	1	0.125	0.125	12.5	0	35.35533905932738	12.5	100	0
chr2	34899392	34928845	Amillepora05936	24	2	0.08333333333333333	0.08333333333333333	8.333333333333334	0	28.23298512866401	5.763033956734373	100	0
chr2	34930960	34972313	Amillepora05937	27	7	0.25925925925925924	0.25925925925925924	25.925925925925927	0	44.65760847047225	8.59436075726402	100	0
chr2	34989620	34995660	Amillepora05940	7	0	0	0	0	0	0	0	0	0
chr2	35075125	35082640	Amillepora05948	6	0	0	0	0	0	0	0	0	0
chr2	35018204	35022626	Amillepora05943	8	0	0	0	0	0	0	0	0	0
chr2	35009816	35015274	Amillepora05942	10	0	0	0	0	0	0	0	0	0
chr2	35065811	35069830	Amillepora05947	2	0	0	0	0	0	0	0	0	0
chr2	35035876	35039190	Amillepora05945	4	1	0.25	0.25	25	0	50	25	100	0
chr2	35023502	35027013	Amillepora05944	3	0	0	0	0	0	0	0	0	0
chr2	35002892	35003787	Amillepora05941	1	0	0	0	0	0	NA	NA	0	0
chr2	35110282	35114109	Amillepora05952	4	0	0	0	0	0	0	0	0	0
chr2	35132507	35134818	Amillepora05953	4	0	0	0	0	0	0	0	0	0
chr2	35182380	35188406	Amillepora05956	3	1	0.3333333333333333	0.3333333333333333	33.333333333333336	0	57.735026918962575	33.333333333333336	100	0
chr2	35158654	35172227	Amillepora05955	22	1	0.045454545454545456	0.045454545454545456	4.545454545454546	0	21.320071635561042	4.545454545454545	100	0
chr2	35086966	35098611	Amillepora05949	25	3	0.12	0.12	12	0	33.166247903554	6.6332495807108005	100	0
chr2	35188485	35233880	Amillepora05958	62	7	0.11290322580645161	0.11290322580645161	11.290322580645162	0	31.905797354278242	4.052040316035679	100	0
chr2	35237681	35262108	Amillepora05960	25	2	0.08	0.08	8	0	27.688746209726915	5.537749241945383	100	0
chr2	35269295	35289463	Amillepora05962	33	2	0.06060606060606061	0.06060606060606061	6.0606060606060606	0	24.230584229877994	4.21800330517426	100	0
chr2	35315006	35320873	Amillepora05968	11	1	0.09090909090909091	0.09090909090909091	9.090909090909092	0	30.151134457776354	9.09090909090909	100	0
chr2	35307291	35308472	Amillepora05965	7	0	0	0	0	0	0	0	0	0
chr2	35309341	35314819	Amillepora05966	3	0	0	0	0	0	0	0	0	0
chr2	35369309	35381325	Amillepora05971	11	1	0.09090909090909091	0.09090909090909091	9.090909090909092	0	30.15113445777636	9.09090909090909	100	0
chr2	35323261	35332711	Amillepora05969	13	0	0	0	0	0	0	0	0	0
chr2	35343847	35361618	Amillepora05970	23	0	0	0	0	0	0	0	0	0
chr2	35423424	35434220	Amillepora05976	19	0	0	0	0	0	0	0	0	0
chr2	35402691	35413806	Amillepora05972	22	0	0	0	0	0	0	0	0	0
chr2	35436815	35448138	Amillepora05977	10	0	0	0	0	0	0	0	0	0
chr2	35418921	35425964	Amillepora05975	5	0	0	0	0	0	0	0	0	0
chr2	35548023	35567347	Amillepora05991	33	2	0.06060606060606061	0.06060606060606061	6.0606060606060606	0	24.230584229877994	4.21800330517426	100	0
chr2	35583008	35586087	Amillepora05994	5	0	0	0	0	0	0	0	0	0
chr2	35568795	35577694	Amillepora05992	8	1	0.125	0.125	12.5	0	35.35533905932738	12.5	100	0
chr2	35576061	35581398	Amillepora05993	7	0	0	0	0	0	0	0	0	0
chr2	35503384	35508473	Amillepora05985	1	0	0	0	0	0	NA	NA	0	0
chr2	35467612	35470861	Amillepora05980	1	0	0	0	0	0	NA	NA	0	0
chr2	35519247	35523472	Amillepora05988	1	0	0	0	0	0	NA	NA	0	0
chr2	35526500	35538496	Amillepora05989	8	0	0	0	0	0	0	0	0	0
chr2	35459931	35464600	Amillepora05978	2	0	0	0	0	0	0	0	0	0
chr2	35496581	35499970	Amillepora05984	5	0	0	0	0	0	0	0	0	0
chr2	35484866	35485676	Amillepora05982	1	0	0	0	0	0	NA	NA	0	0
chr2	35476332	35482179	Amillepora05981	4	0	0	0	0	0	0	0	0	0
chr2	35623238	35625647	Amillepora05999	5	0	0	0	0	0	0	0	0	0
chr2	35660345	35661885	Amillepora06003	6	0	0	0	0	0	0	0	0	0
chr2	35654244	35656971	Amillepora06001	6	0	0	0	0	0	0	0	0	0
chr2	35633505	35641650	Amillepora06000	8	0	0	0	0	0	0	0	0	0
chr2	35657582	35659241	Amillepora06002	1	0	0	0	0	0	NA	NA	0	0
chr2	35615173	35617723	Amillepora05998	5	0	0	0	0	0	0	0	0	0
chr2	35587735	35595141	Amillepora05995	8	0	0	0	0	0	0	0	0	0
chr2	35693840	35707829	Amillepora06006	11	0	0	0	0	0	0	0	0	0
chr2	35866614	35877782	Amillepora06020	1	1	1	1	100	100	NA	NA	100	100
chr2	35738727	35789851	Amillepora06009	20	17	0.85	0.85	85	100	36.634754853252325	8.191780219091253	100	0
chr2	35849317	35860917	Amillepora06019	16	1	0.0625	0.0625	6.25	0	25	6.25	100	0
chr2	35802169	35803473	Amillepora06013	3	0	0	0	0	0	0	0	0	0
chr2	35797031	35798134	Amillepora06012	2	0	0	0	0	0	0	0	0	0
chr2	35834829	35844003	Amillepora06018	12	6	0.5	0.5	50	50	52.223296786709355	15.075567228888183	100	0
chr2	35811376	35811682	Amillepora06014	1	0	0	0	0	0	NA	NA	0	0
chr2	35931147	35945386	Amillepora06026	12	1	0.08333333333333333	0.08333333333333333	8.333333333333334	0	28.867513459481298	8.333333333333334	100	0
chr2	35896560	35899863	Amillepora06023	6	0	0	0	0	0	0	0	0	0
chr2	35922299	35928331	Amillepora06025	7	0	0	0	0	0	0	0	0	0
chr2	35885341	35894844	Amillepora06021	7	0	0	0	0	0	0	0	0	0
chr2	35947633	35980961	Amillepora06028	35	1	0.02857142857142857	0.02857142857142857	2.857142857142857	0	16.903085094570333	2.857142857142857	100	0
chr2	36020241	36037045	Amillepora06033	15	3	0.2	0.2	20	0	41.403933560541255	10.690449676496975	100	0
chr2	36081212	36083110	Amillepora06038	2	0	0	0	0	0	0	0	0	0
chr2	36000100	36011917	Amillepora06030	4	2	0.5	0.5	50	50	57.735026918962575	28.867513459481287	100	0
chr2	36070248	36077515	Amillepora06037	6	3	0.5	0.5	50	50	54.772255750516614	22.3606797749979	100	0
chr2	36044458	36057329	Amillepora06034	11	2	0.18181818181818182	0.18181818181818182	18.181818181818183	0	40.45199174779453	12.196734422726125	100	0
chr2	35986217	35997028	Amillepora06029	6	3	0.5	0.5	50	50	54.772255750516614	22.3606797749979	100	0
chr2	36060476	36068105	Amillepora06036	9	1	0.1111111111111111	0.1111111111111111	11.11111111111111	0	33.333333333333336	11.111111111111112	100	0
chr2	36014732	36017542	Amillepora06032	8	0	0	0	0	0	0	0	0	0
chr2	36092939	36105958	Amillepora06040	10	1	0.1	0.1	10	0	31.622776601683793	10	100	0
chr2	36124590	36136729	Amillepora06042	4	0	0	0	0	0	0	0	0	0
chr2	36106830	36118550	Amillepora06041	19	1	0.05263157894736842	0.05263157894736842	5.2631578947368425	0	22.94157338705618	5.263157894736841	100	0
chr2	36086362	36095678	Amillepora06039	15	0	0	0	0	0	0	0	0	0
chr2	36261353	36270228	Amillepora06054	8	0	0	0	0	0	0	0	0	0
chr2	36192088	36199528	Amillepora06046	9	0	0	0	0	0	0	0	0	0
chr2	36209966	36214903	Amillepora06048	4	2	0.5	0.5	50	50	57.735026918962575	28.867513459481287	100	0
chr2	36251997	36257746	Amillepora06053	4	0	0	0	0	0	0	0	0	0
chr2	36219488	36224546	Amillepora06049	4	0	0	0	0	0	0	0	0	0
chr2	36227819	36251775	Amillepora06051	18	6	0.3333333333333333	0.3333333333333333	33.333333333333336	0	48.50712500726659	11.433239009500591	100	0
chr2	36201894	36209788	Amillepora06047	2	0	0	0	0	0	0	0	0	0
chr2	36352072	36362004	Amillepora06061	13	0	0	0	0	0	0	0	0	0
chr2	36333598	36347881	Amillepora06059	8	0	0	0	0	0	0	0	0	0
chr2	36327307	36332647	Amillepora06058	5	1	0.2	0.2	20	0	44.721359549995796	20	100	0
chr2	36317451	36327233	Amillepora06057	3	0	0	0	0	0	0	0	0	0
chr2	36295507	36309525	Amillepora06056	2	0	0	0	0	0	0	0	0	0
chr2	36441517	36456173	Amillepora06069	15	1	0.06666666666666667	0.06666666666666667	6.666666666666667	0	25.81988897471612	6.666666666666666	100	0
chr2	36416979	36433020	Amillepora06066	29	0	0	0	0	0	0	0	0	0
chr2	36481838	36483264	Amillepora06070	1	0	0	0	0	0	NA	NA	0	0
chr2	36368014	36403866	Amillepora06063	42	0	0	0	0	0	0	0	0	0
chr2	36487640	36489366	Amillepora06071	10	0	0	0	0	0	0	0	0	0
chr2	36434166	36437488	Amillepora06067	1	0	0	0	0	0	NA	NA	0	0
chr2	36437897	36441269	Amillepora06068	2	0	0	0	0	0	0	0	0	0
chr2	36503961	36510680	Amillepora06072	15	0	0	0	0	0	0	0	0	0
chr2	36519233	36526609	Amillepora06073	4	0	0	0	0	0	0	0	0	0
chr2	36555044	36558145	Amillepora06074	5	0	0	0	0	0	0	0	0	0
chr2	36564453	36570255	Amillepora06075	3	0	0	0	0	0	0	0	0	0
chr2	36678931	36686854	Amillepora06083	8	2	0.25	0.25	25	0	46.29100498862757	16.366341767699428	100	0
chr2	36634966	36637790	Amillepora06081	2	0	0	0	0	0	0	0	0	0
chr2	36629941	36635028	Amillepora06080	1	0	0	0	0	0	NA	NA	0	0
chr2	36621846	36627880	Amillepora06079	7	0	0	0	0	0	0	0	0	0
chr2	36657760	36684317	Amillepora06082	26	6	0.23076923076923078	0.23076923076923078	23.076923076923077	0	42.96689244236597	8.426500884694864	100	0
chr2	36701994	36715963	Amillepora06087	3	3	1	1	100	100	0	0	100	100
chr2	36754841	36765145	Amillepora06092	1	1	1	1	100	100	NA	NA	100	100
chr2	36689252	36697130	Amillepora06085	4	0	0	0	0	0	0	0	0	0
chr2	36697982	36700441	Amillepora06086	2	0	0	0	0	0	0	0	0	0
chr2	36719432	36724616	Amillepora06088	9	1	0.1111111111111111	0.1111111111111111	11.11111111111111	0	33.333333333333336	11.111111111111112	100	0
chr2	36765674	36779689	Amillepora06093	8	4	0.5	0.5	50	50	53.45224838248488	18.89822365046136	100	0
chr2	36728692	36736078	Amillepora06090	5	2	0.4	0.4	40	0	54.772255750516614	24.49489742783178	100	0
chr2	36742816	36746659	Amillepora06091	10	1	0.1	0.1	10	0	31.622776601683793	10	100	0
chr2	36817801	36825452	Amillepora06099	11	2	0.18181818181818182	0.18181818181818182	18.181818181818183	0	40.45199174779453	12.196734422726125	100	0
chr2	36798468	36799671	Amillepora06095	3	0	0	0	0	0	0	0	0	0
chr2	36806290	36815238	Amillepora06097	6	1	0.16666666666666666	0.16666666666666666	16.666666666666668	0	40.8248290463863	16.66666666666667	100	0
chr2	36868241	36879182	Amillepora06106	4	0	0	0	0	0	0	0	0	0
chr2	36845080	36856013	Amillepora06103	13	1	0.07692307692307693	0.07692307692307693	7.6923076923076925	0	27.735009811261456	7.6923076923076925	100	0
chr2	36784646	36797792	Amillepora06094	13	1	0.07692307692307693	0.07692307692307693	7.6923076923076925	0	27.735009811261456	7.6923076923076925	100	0
chr2	36828896	36831691	Amillepora06100	2	2	1	1	100	100	0	0	100	100
chr2	36856159	36860079	Amillepora06104	8	0	0	0	0	0	0	0	0	0
chr2	36862713	36866184	Amillepora06105	5	2	0.4	0.4	40	0	54.772255750516614	24.49489742783178	100	0
chr2	36798468	36806213	Amillepora06096	13	0	0	0	0	0	0	0	0	0
chr2	36837641	36844819	Amillepora06102	7	1	0.14285714285714285	0.14285714285714285	14.285714285714286	0	37.79644730092272	14.285714285714285	100	0
chr2	36955282	36964454	Amillepora06115	2	1	0.5	0.5	50	50	70.71067811865476	50	100	0
chr2	36887032	36896721	Amillepora06108	3	0	0	0	0	0	0	0	0	0
chr2	36907237	36907716	Amillepora06110	1	0	0	0	0	0	NA	NA	0	0
chr2	36934559	36942087	Amillepora06113	1	1	1	1	100	100	NA	NA	100	100
chr2	36902758	36907167	Amillepora06109	2	1	0.5	0.5	50	50	70.71067811865476	50	100	0
chr2	37055520	37061498	Amillepora06121	2	1	0.5	0.5	50	50	70.71067811865476	50	100	0
chr2	37062152	37081909	Amillepora06122	16	3	0.1875	0.1875	18.75	0	40.311288741492746	10.077822185373186	100	0
chr2	37031574	37055402	Amillepora06120	17	2	0.11764705882352941	0.11764705882352941	11.764705882352942	0	33.21055820775357	8.05474349272303	100	0
chr2	37004775	37029988	Amillepora06119	6	3	0.5	0.5	50	50	54.772255750516614	22.3606797749979	100	0
chr2	37086523	37089959	Amillepora06125	3	2	0.6666666666666666	0.6666666666666666	66.66666666666667	100	57.73502691896258	33.333333333333336	100	0
chr2	37165465	37169992	Amillepora06132	1	0	0	0	0	0	NA	NA	0	0
chr2	37154876	37156941	Amillepora06131	2	2	1	1	100	100	0	0	100	100
chr2	37100731	37116976	Amillepora06127	15	0	0	0	0	0	0	0	0	0
chr2	37130296	37144933	Amillepora06129	9	4	0.4444444444444444	0.4444444444444444	44.44444444444444	0	52.70462766947299	17.568209223157663	100	0
chr2	37092035	37095472	Amillepora06126	1	0	0	0	0	0	NA	NA	0	0
chr2	37372827	37386037	Amillepora06145	8	0	0	0	0	0	0	0	0	0
chr2	37253852	37263426	Amillepora06140	2	0	0	0	0	0	0	0	0	0
chr2	37328416	37341653	Amillepora06144	3	0	0	0	0	0	0	0	0	0
chr2	37209635	37216791	Amillepora06135	1	0	0	0	0	0	NA	NA	0	0
chr2	37245678	37251820	Amillepora06139	4	1	0.25	0.25	25	0	50	25	100	0
chr2	37237543	37239228	Amillepora06138	3	0	0	0	0	0	0	0	0	0
chr2	37319829	37320215	Amillepora06143	1	0	0	0	0	0	NA	NA	0	0
chr2	37230171	37236686	Amillepora06137	2	0	0	0	0	0	0	0	0	0
chr2	37172581	37183879	Amillepora06133	1	1	1	1	100	100	NA	NA	100	100
chr2	37185815	37209488	Amillepora06134	16	2	0.125	0.125	12.5	0	34.15650255319866	8.539125638299666	100	0
chr3	54399	64972	Amillepora21882	5	3	0.6	0.6	60	100	54.772255750516614	24.49489742783178	100	0
chr3	42973	51808	Amillepora21880	14	0	0	0	0	0	0	0	0	0
chr3	18517	30844	Amillepora21875	2	2	1	1	100	100	0	0	100	100
chr3	165409	169896	Amillepora21890	7	0	0	0	0	0	0	0	0	0
chr3	147617	155093	Amillepora21887	7	0	0	0	0	0	0	0	0	0
chr3	160324	163226	Amillepora21889	6	0	0	0	0	0	0	0	0	0
chr3	170586	173657	Amillepora21892	11	0	0	0	0	0	0	0	0	0
chr3	69716	111494	Amillepora21884	58	9	0.15517241379310345	0.15517241379310345	15.517241379310345	0	36.523119992833145	4.795720603166537	100	0
chr3	115970	135533	Amillepora21886	6	1	0.16666666666666666	0.16666666666666666	16.666666666666668	0	40.8248290463863	16.66666666666667	100	0
chr3	158487	159044	Amillepora21888	1	0	0	0	0	0	NA	NA	0	0
chr3	190005	195051	Amillepora21895	3	1	0.3333333333333333	0.3333333333333333	33.333333333333336	0	57.735026918962575	33.333333333333336	100	0
chr3	212985	221774	Amillepora21898	22	1	0.045454545454545456	0.045454545454545456	4.545454545454546	0	21.320071635561042	4.545454545454545	100	0
chr3	177453	189262	Amillepora21893	4	1	0.25	0.25	25	0	50	25	100	0
chr3	250258	282067	Amillepora21901	33	8	0.24242424242424243	0.24242424242424243	24.242424242424242	0	43.51941398892447	7.575757575757576	100	0
chr3	224339	230483	Amillepora21899	9	0	0	0	0	0	0	0	0	0
chr3	234379	243097	Amillepora21900	12	0	0	0	0	0	0	0	0	0
chr3	196364	208029	Amillepora21896	4	1	0.25	0.25	25	0	50	25	100	0
chr3	209380	212245	Amillepora21897	2	0	0	0	0	0	0	0	0	0
chr3	339279	363470	Amillepora21903	16	1	0.0625	0.0625	6.25	0	25	6.25	100	0
chr3	282751	292056	Amillepora21902	13	0	0	0	0	0	0	0	0	0
chr3	428738	436704	Amillepora21908	3	2	0.6666666666666666	0.6666666666666666	66.66666666666667	100	57.735026918962575	33.333333333333336	100	0
chr3	391868	395056	Amillepora21907	10	0	0	0	0	0	0	0	0	0
chr3	447713	462802	Amillepora21910	7	3	0.42857142857142855	0.42857142857142855	42.857142857142854	0	53.452248382484875	20.203050891044217	100	0
chr3	391782	417788	Amillepora21906	30	1	0.03333333333333333	0.03225806451612903	3.3333333333333335	0	18.25741858350554	3.333333333333333	100	0
chr3	462880	465937	Amillepora21911	4	1	0.25	0.25	25	0	50	25	100	0
chr3	536777	539256	Amillepora21915	1	1	1	1	100	100	NA	NA	100	100
chr3	570233	580745	Amillepora21921	7	2	0.2857142857142857	0.2857142857142857	28.571428571428573	0	48.79500364742666	18.442777839082936	100	0
chr3	466727	509803	Amillepora21912	20	13	0.65	0.65	65	100	48.936048492959294	10.942433098048312	100	0
chr3	557510	562890	Amillepora21919	6	3	0.5	0.5	50	50	54.772255750516614	22.3606797749979	100	0
chr3	646919	647440	Amillepora21934	3	0	0	0	0	0	0	0	0	0
chr3	539216	544268	Amillepora21916	6	5	0.8333333333333334	0.8333333333333334	83.33333333333333	100	40.824829046386306	16.66666666666667	100	0
chr3	551872	556414	Amillepora21918	2	2	1	1	100	100	0	0	100	100
chr3	563549	569603	Amillepora21920	6	1	0.16666666666666666	0.16666666666666666	16.666666666666668	0	40.8248290463863	16.66666666666667	100	0
chr3	580882	582574	Amillepora21922	1	1	1	1	100	100	NA	NA	100	100
chr3	596144	603455	Amillepora21926	6	3	0.5	0.5	50	50	54.772255750516614	22.3606797749979	100	0
chr3	586494	593107	Amillepora21924	4	1	0.25	0.25	25	0	50	25	100	0
chr3	641329	643346	Amillepora21932	2	0	0	0	0	0	0	0	0	0
chr3	525356	537062	Amillepora21914	9	1	0.1111111111111111	0.1111111111111111	11.11111111111111	0	33.333333333333336	11.111111111111112	100	0
chr3	510180	525320	Amillepora21913	18	1	0.05555555555555555	0.05555555555555555	5.555555555555555	0	23.570226039551578	5.555555555555556	100	0
chr3	621993	625472	Amillepora21929	7	0	0	0	0	0	0	0	0	0
chr3	605229	609235	Amillepora21927	8	1	0.125	0.125	12.5	0	35.35533905932738	12.5	100	0
chr3	594387	596000	Amillepora21925	2	1	0.5	0.5	50	50	70.71067811865476	50	100	0
chr3	613313	620944	Amillepora21928	4	2	0.5	0.5	50	50	57.735026918962575	28.867513459481287	100	0
chr3	629347	638487	Amillepora21931	10	0	0	0	0	0	0	0	0	0
chr3	652041	667647	Amillepora21935	7	1	0.14285714285714285	0.14285714285714285	14.285714285714286	0	37.79644730092272	14.285714285714285	100	0
chr3	626371	628926	Amillepora21930	8	0	0	0	0	0	0	0	0	0
chr3	670182	677466	Amillepora21937	1	0	0	0	0	0	NA	NA	0	0
chr3	677695	719536	Amillepora21938	22	14	0.6363636363636364	0.6363636363636364	63.63636363636363	100	49.2365963917331	10.497277621629557	100	0
chr3	720581	733976	Amillepora21940	4	2	0.5	0.5	50	50	57.735026918962575	28.867513459481287	100	0
chr3	834232	843936	Amillepora21952	3	0	0	0	0	0	0	0	0	0
chr3	812064	819727	Amillepora21947	7	0	0	0	0	0	0	0	0	0
chr3	796540	802941	Amillepora21945	6	0	0	0	0	0	0	0	0	0
chr3	819919	824710	Amillepora21948	1	1	1	1	100	100	NA	NA	100	100
chr3	790718	795106	Amillepora21944	8	0	0	0	0	0	0	0	0	0
chr3	741711	742235	Amillepora21941	1	0	0	0	0	0	NA	NA	0	0
chr3	742490	771445	Amillepora21942	34	3	0.08823529411764706	0.08823529411764706	8.823529411764707	0	28.79022412812367	4.937482703908927	100	0
chr3	804379	811148	Amillepora21946	9	0	0	0	0	0	0	0	0	0
chr3	775919	783732	Amillepora21943	13	0	0	0	0	0	0	0	0	0
chr3	871650	885706	Amillepora21956	4	3	0.75	0.75	75	100	50	25	100	0
chr3	846496	860329	Amillepora21953	5	2	0.4	0.4	40	0	54.772255750516614	24.49489742783178	100	0
chr3	826105	827052	Amillepora21949	2	0	0	0	0	0	0	0	0	0
chr3	905342	919053	Amillepora21958	3	2	0.6666666666666666	0.6666666666666666	66.66666666666667	100	57.735026918962575	33.333333333333336	100	0
chr3	980884	986179	Amillepora21969	5	0	0	0	0	0	0	0	0	0
chr3	888764	897277	Amillepora21957	1	1	1	1	100	100	NA	NA	100	100
chr3	926533	941440	Amillepora21960	7	2	0.2857142857142857	0.2857142857142857	28.571428571428573	0	48.79500364742666	18.442777839082936	100	0
chr3	864963	871097	Amillepora21955	2	2	1	1	100	100	0	0	100	100
chr3	943708	959698	Amillepora21962	4	3	0.75	0.75	75	100	50	25	100	0
chr3	972750	980780	Amillepora21968	16	1	0.0625	0.0625	6.25	0	25	6.25	100	0
chr3	959684	963349	Amillepora21966	2	0	0	0	0	0	0	0	0	0
chr3	923319	926326	Amillepora21959	1	0	0	0	0	0	NA	NA	0	0
chr3	1022381	1047398	Amillepora21973	15	3	0.2	0.2	20	0	41.403933560541255	10.690449676496975	100	0
chr3	1072846	1079522	Amillepora21975	2	1	0.5	0.5	50	50	70.71067811865476	50	100	0
chr3	986645	1021553	Amillepora21971	34	3	0.08823529411764706	0.08823529411764706	8.823529411764707	0	28.790224128123672	4.937482703908927	100	0
chr3	1136780	1145991	Amillepora21981	4	2	0.5	0.5	50	50	57.735026918962575	28.867513459481287	100	0
chr3	1089030	1094552	Amillepora21977	6	0	0	0	0	0	0	0	0	0
chr3	1157451	1162396	Amillepora21983	3	1	0.3333333333333333	0.3333333333333333	33.333333333333336	0	57.735026918962575	33.333333333333336	100	0
chr3	1124745	1129455	Amillepora21980	7	0	0	0	0	0	0	0	0	0
chr3	1148294	1154146	Amillepora21982	4	1	0.25	0.25	25	0	50	25	100	0
chr3	1095087	1119212	Amillepora21978	10	1	0.1	0.1	10	0	31.622776601683793	10	100	0
chr3	1217318	1230322	Amillepora21989	2	2	1	1	100	100	0	0	100	100
chr3	1251648	1272302	Amillepora21992	15	3	0.2	0.2	20	0	41.403933560541255	10.690449676496975	100	0
chr3	1234343	1250324	Amillepora21991	18	1	0.05555555555555555	0.05555555555555555	5.555555555555555	0	23.570226039551574	5.555555555555556	100	0
chr3	1213626	1215752	Amillepora21987	4	0	0	0	0	0	0	0	0	0
chr3	1214429	1217200	Amillepora21988	2	0	0	0	0	0	0	0	0	0
chr3	1162747	1164414	Amillepora21984	3	0	0	0	0	0	0	0	0	0
chr3	1269782	1272302	Amillepora21993	4	0	0	0	0	0	0	0	0	0
chr3	1165485	1173038	Amillepora21985	1	1	1	1	100	100	NA	NA	100	100
chr3	1174391	1211150	Amillepora21986	37	6	0.16216216216216217	0.16216216216216217	16.216216216216218	0	37.368387661182226	6.143325088732368	100	0
chr3	1346636	1347802	Amillepora22002	4	0	0	0	0	0	0	0	0	0
chr3	1351420	1360027	Amillepora22003	14	3	0.21428571428571427	0.21428571428571427	21.428571428571427	0	42.58153136263199	11.380392954509878	100	0
chr3	1296940	1302270	Amillepora21996	7	0	0	0	0	0	0	0	0	0
chr3	1354175	1356655	Amillepora22004	5	2	0.4	0.4	40	0	54.772255750516614	24.49489742783178	100	0
chr3	1294284	1297051	Amillepora21995	1	0	0	0	0	0	NA	NA	0	0
chr3	1331740	1340149	Amillepora22001	3	0	0	0	0	0	0	0	0	0
chr3	1360246	1364366	Amillepora22005	10	0	0	0	0	0	0	0	0	0
chr3	1327591	1329552	Amillepora22000	9	0	0	0	0	0	0	0	0	0
chr3	1317134	1320234	Amillepora21999	3	0	0	0	0	0	0	0	0	0
chr3	1304026	1309165	Amillepora21998	3	1	0.3333333333333333	0.3333333333333333	33.333333333333336	0	57.735026918962575	33.333333333333336	100	0
chr3	1460585	1463667	Amillepora22016	1	0	0	0	0	0	NA	NA	0	0
chr3	1429972	1433543	Amillepora22013	1	0	0	0	0	0	NA	NA	0	0
chr3	1390147	1412192	Amillepora22009	5	3	0.6	0.6	60	100	54.772255750516614	24.49489742783178	100	0
chr3	1479447	1483679	Amillepora22019	1	1	1	1	100	100	NA	NA	100	100
chr3	1416720	1427700	Amillepora22012	3	0	0	0	0	0	0	0	0	0
chr3	1464096	1472405	Amillepora22017	9	0	0	0	0	0	0	0	0	0
chr3	1443912	1456764	Amillepora22015	7	0	0	0	0	0	0	0	0	0
chr3	1369464	1379638	Amillepora22006	8	1	0.125	0.125	12.5	0	35.35533905932738	12.5	100	0
chr3	1379821	1389933	Amillepora22008	1	0	0	0	0	0	NA	NA	0	0
chr3	1432614	1441208	Amillepora22014	3	1	0.3333333333333333	0.3333333333333333	33.333333333333336	0	57.735026918962575	33.333333333333336	100	0
chr3	1474717	1482800	Amillepora22018	2	2	1	1	100	100	0	0	100	100
chr3	1488237	1510963	Amillepora22020	35	1	0.02857142857142857	0.02857142857142857	2.857142857142857	0	16.90308509457033	2.857142857142857	100	0
chr3	1537590	1545025	Amillepora22022	3	0	0	0	0	0	0	0	0	0
chr3	1551068	1569450	Amillepora22023	19	0	0	0	0	0	0	0	0	0
chr3	1629545	1639383	Amillepora22028	4	1	0.25	0.25	25	0	50	25	100	0
chr3	1598526	1613026	Amillepora22025	3	1	0.3333333333333333	0.3333333333333333	33.333333333333336	0	57.735026918962575	33.333333333333336	100	0
chr3	1653752	1679334	Amillepora22032	24	3	0.125	0.125	12.5	0	33.78319623460881	6.89596605459213	100	0
chr3	1640900	1642798	Amillepora22029	1	0	0	0	0	0	NA	NA	0	0
chr3	1614121	1629160	Amillepora22027	19	2	0.10526315789473684	0.10526315789473684	10.526315789473685	0	31.530176764230585	7.233518641434491	100	0
chr3	1588124	1589308	Amillepora22024	2	0	0	0	0	0	0	0	0	0
chr3	1645897	1649772	Amillepora22031	1	0	0	0	0	0	NA	NA	0	0
chr3	1770584	1771732	Amillepora22039	2	0	0	0	0	0	0	0	0	0
chr3	1746046	1764948	Amillepora22038	28	3	0.10714285714285714	0.10714285714285714	10.714285714285714	0	31.497039417435612	5.952380952380952	100	0
chr3	1774670	1785257	Amillepora22041	6	1	0.16666666666666666	0.16666666666666666	16.666666666666668	0	40.8248290463863	16.66666666666667	100	0
chr3	1772512	1773576	Amillepora22040	3	0	0	0	0	0	0	0	0	0
chr3	1694057	1705110	Amillepora22034	16	0	0	0	0	0	0	0	0	0
chr3	1682674	1688798	Amillepora22033	7	3	0.42857142857142855	0.42857142857142855	42.857142857142854	0	53.452248382484875	20.203050891044217	100	0
chr3	1720873	1745961	Amillepora22037	5	4	0.8	0.8	80	100	44.721359549995796	20	100	0
chr3	1709132	1718206	Amillepora22035	3	0	0	0	0	0	0	0	0	0
chr3	1832479	1837313	Amillepora22046	4	0	0	0	0	0	0	0	0	0
chr3	1807165	1810033	Amillepora22044	5	0	0	0	0	0	0	0	0	0
chr3	1786831	1794443	Amillepora22043	7	3	0.42857142857142855	0.42857142857142855	42.857142857142854	0	53.45224838248488	20.203050891044217	100	0
chr3	1848909	1853701	Amillepora22048	5	0	0	0	0	0	0	0	0	0
chr3	1838780	1841980	Amillepora22047	2	0	0	0	0	0	0	0	0	0
chr3	1786087	1803001	Amillepora22042	32	3	0.09375	0.09375	9.375	0	29.614458108029904	5.23514603733822	100	0
chr3	1856185	1862012	Amillepora22049	10	0	0	0	0	0	0	0	0	0
chr3	1821725	1837315	Amillepora22045	14	1	0.07142857142857142	0.07142857142857142	7.142857142857143	0	26.72612419124244	7.142857142857143	100	0
chr3	1897980	1901710	Amillepora22053	5	0	0	0	0	0	0	0	0	0
chr3	1921445	1928547	Amillepora22055	14	1	0.07142857142857142	0.07142857142857142	7.142857142857143	0	26.726124191242445	7.142857142857143	100	0
chr3	1870267	1874067	Amillepora22051	1	0	0	0	0	0	NA	NA	0	0
chr3	1863335	1869061	Amillepora22050	7	0	0	0	0	0	0	0	0	0
chr3	1947849	1963723	Amillepora22060	8	0	0	0	0	0	0	0	0	0
chr3	1929453	1933939	Amillepora22056	2	0	0	0	0	0	0	0	0	0
chr3	1934832	1946288	Amillepora22057	12	2	0.16666666666666666	0.16666666666666666	16.666666666666668	0	38.92494720807614	11.236664374387368	100	0
chr3	1874073	1892507	Amillepora22052	12	8	0.6666666666666666	0.6666666666666666	66.66666666666667	100	49.236596391733094	14.213381090374028	100	0
chr3	2004741	2010926	Amillepora22064	2	2	1	1	100	100	0	0	100	100
chr3	2030745	2036082	Amillepora22066	2	0	0	0	0	0	0	0	0	0
chr3	2014063	2024923	Amillepora22065	6	3	0.5	0.5	50	50	54.772255750516614	22.3606797749979	100	0
chr3	1997902	2004564	Amillepora22063	9	0	0	0	0	0	0	0	0	0
chr3	2043696	2051923	Amillepora22067	8	0	0	0	0	0	0	0	0	0
chr3	2054330	2055952	Amillepora22068	3	0	0	0	0	0	0	0	0	0
chr3	2063493	2064186	Amillepora22070	1	0	0	0	0	0	NA	NA	0	0
chr3	1975731	1980511	Amillepora22061	6	0	0	0	0	0	0	0	0	0
chr3	2133510	2135051	Amillepora22081	5	0	0	0	0	0	0	0	0	0
chr3	2098010	2106941	Amillepora22078	7	0	0	0	0	0	0	0	0	0
chr3	2146762	2163961	Amillepora22082	15	1	0.06666666666666667	0.06666666666666667	6.666666666666667	0	25.819888974716118	6.666666666666666	100	0
chr3	2123358	2131401	Amillepora22080	11	0	0	0	0	0	0	0	0	0
chr3	2088891	2093303	Amillepora22075	6	0	0	0	0	0	0	0	0	0
chr3	2095373	2097873	Amillepora22077	3	0	0	0	0	0	0	0	0	0
chr3	2163999	2168587	Amillepora22083	4	0	0	0	0	0	0	0	0	0
chr3	2169687	2173353	Amillepora22084	11	0	0	0	0	0	0	0	0	0
chr3	2107032	2122867	Amillepora22079	18	3	0.16666666666666666	0.16666666666666666	16.666666666666668	0	38.34824944236851	9.03876907577734	100	0
chr3	2067503	2073050	Amillepora22071	12	1	0.08333333333333333	0.08333333333333333	8.333333333333334	0	28.867513459481295	8.333333333333334	100	0
chr3	2074009	2079653	Amillepora22072	12	0	0	0	0	0	0	0	0	0
chr3	2212856	2225215	Amillepora22087	23	0	0	0	0	0	0	0	0	0
chr3	2196663	2209251	Amillepora22086	12	0	0	0	0	0	0	0	0	0
chr3	2237524	2238496	Amillepora22090	3	0	0	0	0	0	0	0	0	0
chr3	2241153	2246303	Amillepora22091	3	0	0	0	0	0	0	0	0	0
chr3	2234585	2236133	Amillepora22089	2	0	0	0	0	0	0	0	0	0
chr3	2180117	2195280	Amillepora22085	19	0	0	0	0	0	0	0	0	0
chr3	2477160	2478942	Amillepora22109	1	0	0	0	0	0	NA	NA	0	0
chr3	2370067	2370623	Amillepora22100	2	0	0	0	0	0	0	0	0	0
chr3	2262358	2269034	Amillepora22094	19	1	0.05263157894736842	0.05263157894736842	5.2631578947368425	0	22.941573387056184	5.263157894736841	100	0
chr3	2373810	2387683	Amillepora22102	16	0	0	0	0	0	0	0	0	0
chr3	2303942	2369588	Amillepora22099	123	7	0.056910569105691054	0.056910569105691054	5.691056910569106	0	23.26191923678488	2.0974566219895125	100	0
chr3	2258663	2261597	Amillepora22093	1	0	0	0	0	0	NA	NA	0	0
chr3	2269210	2282146	Amillepora22096	34	0	0	0	0	0	0	0	0	0
chr3	2282859	2286856	Amillepora22097	5	0	0	0	0	0	0	0	0	0
chr3	2287174	2302869	Amillepora22098	37	1	0.02702702702702703	0.02702702702702703	2.7027027027027026	0	16.439898730535745	2.7027027027027026	100	0
chr3	2439147	2441601	Amillepora22105	2	0	0	0	0	0	0	0	0	0
chr3	2467043	2475992	Amillepora22108	20	0	0	0	0	0	0	0	0	0
chr3	2447301	2463288	Amillepora22106	17	2	0.11764705882352941	0.11764705882352941	11.764705882352942	0	33.21055820775358	8.05474349272303	100	0
chr3	2464873	2465205	Amillepora22107	1	0	0	0	0	0	NA	NA	0	0
chr3	2432959	2436818	Amillepora22104	5	0	0	0	0	0	0	0	0	0
chr3	2548753	2560989	Amillepora22118	5	0	0	0	0	0	0	0	0	0
chr3	2527569	2534884	Amillepora22115	3	1	0.3333333333333333	0.3333333333333333	33.333333333333336	0	57.735026918962575	33.333333333333336	100	0
chr3	2479316	2517529	Amillepora22110	47	4	0.0851063829787234	0.0851063829787234	8.51063829787234	0	28.205667284696936	4.114219418674761	100	0
chr3	2560458	2583029	Amillepora22119	18	5	0.2777777777777778	0.2777777777777778	27.77777777777778	0	46.08885989624768	10.86324845659782	100	0
chr3	2520950	2525631	Amillepora22113	6	3	0.5	0.5	50	50	54.772255750516614	22.3606797749979	100	0
chr3	2542582	2550780	Amillepora22117	5	0	0	0	0	0	0	0	0	0
chr3	2537594	2542186	Amillepora22116	2	0	0	0	0	0	0	0	0	0
chr3	2676197	2682042	Amillepora22133	2	0	0	0	0	0	0	0	0	0
chr3	2590188	2597323	Amillepora22122	1	0	0	0	0	0	NA	NA	0	0
chr3	2634299	2638267	Amillepora22128	1	0	0	0	0	0	NA	NA	0	0
chr3	2668839	2676152	Amillepora22131	9	1	0.1111111111111111	0.1111111111111111	11.11111111111111	0	33.333333333333336	11.111111111111112	100	0
chr3	2649525	2656070	Amillepora22129	14	0	0	0	0	0	0	0	0	0
chr3	2598742	2605060	Amillepora22123	4	2	0.5	0.5	50	50	57.735026918962575	28.867513459481287	100	0
chr3	2588687	2590107	Amillepora22121	1	0	0	0	0	0	NA	NA	0	0
chr3	2672361	2676105	Amillepora22132	2	1	0.5	0.5	50	50	70.71067811865476	50	100	0
chr3	2626322	2630000	Amillepora22126	4	2	0.5	0.5	50	50	57.735026918962575	28.867513459481287	100	0
chr3	2607558	2625402	Amillepora22124	12	4	0.3333333333333333	0.3333333333333333	33.333333333333336	0	49.23659639173309	14.213381090374028	100	0
chr3	2745075	2755979	Amillepora22148	21	0	0	0	0	0	0	0	0	0
chr3	2699839	2703207	Amillepora22136	4	0	0	0	0	0	0	0	0	0
chr3	2707942	2711074	Amillepora22140	1	1	1	1	100	100	NA	NA	100	100
chr3	2717157	2723932	Amillepora22142	2	1	0.5	0.5	50	50	70.71067811865476	50	100	0
chr3	2780247	2783605	Amillepora22153	8	0	0	0	0	0	0	0	0	0
chr3	2712579	2713830	Amillepora22141	1	0	0	0	0	0	NA	NA	0	0
chr3	2759269	2768107	Amillepora22151	1	0	0	0	0	0	NA	NA	0	0
chr3	2740615	2742950	Amillepora22147	4	1	0.25	0.25	25	0	50	25	100	0
chr3	2724843	2726976	Amillepora22143	1	0	0	0	0	0	NA	NA	0	0
chr3	2870737	2876722	Amillepora22163	2	0	0	0	0	0	0	0	0	0
chr3	2787149	2794926	Amillepora22154	7	0	0	0	0	0	0	0	0	0
chr3	2816699	2826795	Amillepora22157	5	0	0	0	0	0	0	0	0	0
chr3	2795890	2815436	Amillepora22155	11	1	0.09090909090909091	0.09090909090909091	9.090909090909092	0	30.151134457776358	9.09090909090909	100	0
chr3	2827274	2831966	Amillepora22158	13	0	0	0	0	0	0	0	0	0
chr3	2855736	2869621	Amillepora22162	9	5	0.5555555555555556	0.5555555555555556	55.55555555555556	100	52.70462766947299	17.568209223157663	100	0
chr3	2841043	2852419	Amillepora22159	10	0	0	0	0	0	0	0	0	0
chr3	2958774	2965494	Amillepora22171	3	1	0.3333333333333333	0.3333333333333333	33.333333333333336	0	57.735026918962575	33.333333333333336	100	0
chr3	2885011	2901053	Amillepora22164	18	0	0	0	0	0	0	0	0	0
chr3	2942111	2946849	Amillepora22166	1	0	0	0	0	0	NA	NA	0	0
chr3	2901489	2941632	Amillepora22165	46	3	0.06521739130434782	0.06521739130434782	6.521739130434782	0	24.963741822833807	3.680702927304433	100	0
chr3	2994996	3004079	Amillepora22174	1	0	0	0	0	0	NA	NA	0	0
chr3	3007515	3018660	Amillepora22176	11	1	0.09090909090909091	0.09090909090909091	9.090909090909092	0	30.151134457776354	9.09090909090909	100	0
chr3	3054897	3062628	Amillepora22179	4	0	0	0	0	0	0	0	0	0
chr3	3052982	3054485	Amillepora22178	1	0	0	0	0	0	NA	NA	0	0
chr3	2947698	2953278	Amillepora22167	3	2	0.6666666666666666	0.6666666666666666	66.66666666666667	100	57.73502691896258	33.333333333333336	100	0
chr3	3002111	3007216	Amillepora22175	2	0	0	0	0	0	0	0	0	0
chr3	3063016	3078628	Amillepora22180	23	1	0.043478260869565216	0.043478260869565216	4.3478260869565215	0	20.851441405707476	4.347826086956522	100	0
chr3	2966014	2994840	Amillepora22172	24	1	0.041666666666666664	0.041666666666666664	4.166666666666667	0	20.412414523193153	4.166666666666668	100	0
chr3	3106295	3115403	Amillepora22182	7	0	0	0	0	0	0	0	0	0
chr3	3087853	3092162	Amillepora22181	8	0	0	0	0	0	0	0	0	0
chr3	3140935	3146070	Amillepora22186	10	1	0.1	0.1	10	0	31.622776601683793	10	100	0
chr3	3123933	3133279	Amillepora22183	10	0	0	0	0	0	0	0	0	0
chr3	3233552	3234007	Amillepora22193	2	0	0	0	0	0	0	0	0	0
chr3	3235739	3245201	Amillepora22194	18	2	0.1111111111111111	0.10526315789473684	8.333333333333334	0	25.724787771376338	6.063390625908324	100	0
chr3	3229158	3233486	Amillepora22192	1	0	0	0	0	0	NA	NA	0	0
chr3	3270829	3276203	Amillepora22197	8	0	0	0	0	0	0	0	0	0
chr3	3251877	3263785	Amillepora22196	8	1	0.125	0.125	12.5	0	35.35533905932738	12.5	100	0
chr3	3184930	3206314	Amillepora22189	24	1	0.041666666666666664	0.041666666666666664	4.166666666666667	0	20.412414523193153	4.166666666666668	100	0
chr3	3209447	3228531	Amillepora22191	14	4	0.2857142857142857	0.2857142857142857	28.571428571428573	0	46.88072309384955	12.529400275814705	100	0
chr3	3352344	3355619	Amillepora22204	6	0	0	0	0	0	0	0	0	0
chr3	3279430	3294736	Amillepora22198	9	1	0.1111111111111111	0.1111111111111111	11.11111111111111	0	33.333333333333336	11.111111111111112	100	0
chr3	3317951	3332603	Amillepora22202	16	3	0.1875	0.1875	18.75	0	40.311288741492746	10.077822185373186	100	0
chr3	3337189	3351520	Amillepora22203	4	2	0.5	0.5	50	50	57.735026918962575	28.867513459481287	100	0
chr3	3377118	3388296	Amillepora22206	17	0	0	0	0	0	0	0	0	0
chr3	3356713	3367382	Amillepora22205	14	0	0	0	0	0	0	0	0	0
chr3	3305914	3309745	Amillepora22200	6	0	0	0	0	0	0	0	0	0
chr3	3313183	3314173	Amillepora22201	5	0	0	0	0	0	0	0	0	0
chr3	3299039	3300877	Amillepora22199	2	0	0	0	0	0	0	0	0	0
chr3	3438337	3451673	Amillepora22211	21	3	0.14285714285714285	0.14285714285714285	14.285714285714286	0	35.856858280031815	7.824607964359516	100	0
chr3	3393048	3405062	Amillepora22208	5	1	0.2	0.2	20	0	44.721359549995796	20	100	0
chr3	3388075	3394050	Amillepora22207	8	1	0.125	0.125	12.5	0	35.35533905932738	12.5	100	0
chr3	3433382	3437108	Amillepora22209	4	0	0	0	0	0	0	0	0	0
chr3	3499935	3514872	Amillepora22216	19	1	0.05263157894736842	0.05263157894736842	5.2631578947368425	0	22.941573387056184	5.263157894736841	100	0
chr3	3546626	3560730	Amillepora22219	18	4	0.2222222222222222	0.2222222222222222	22.22222222222222	0	42.77926319464986	10.08316903303367	100	0
chr3	3487293	3490515	Amillepora22213	2	0	0	0	0	0	0	0	0	0
chr3	3582353	3582991	Amillepora22222	4	0	0	0	0	0	0	0	0	0
chr3	3566778	3570178	Amillepora22220	2	1	0.5	0.5	50	50	70.71067811865476	50	100	0
chr3	3490750	3499753	Amillepora22214	4	2	0.5	0.5	50	50	57.735026918962575	28.867513459481287	100	0
chr3	3574496	3577949	Amillepora22221	3	0	0	0	0	0	0	0	0	0
chr3	3451200	3487197	Amillepora22212	45	6	0.13333333333333333	0.13333333333333333	13.333333333333334	0	34.377582547616434	5.124707431905382	100	0
chr3	3525926	3546666	Amillepora22218	13	4	0.3076923076923077	0.3076923076923077	30.76923076923077	0	48.03844614152614	13.323467750529826	100	0
chr3	3519923	3522510	Amillepora22217	3	3	1	1	100	100	0	0	100	100
chr3	3627118	3645160	Amillepora22225	11	2	0.18181818181818182	0.18181818181818182	18.181818181818183	0	40.45199174779453	12.196734422726125	100	0
chr3	3609430	3626385	Amillepora22224	9	3	0.3333333333333333	0.3333333333333333	33.333333333333336	0	50	16.666666666666668	100	0
chr3	3591474	3592112	Amillepora22223	4	0	0	0	0	0	0	0	0	0
chr3	3645826	3667179	Amillepora22226	23	1	0.043478260869565216	0.043478260869565216	4.3478260869565215	0	20.851441405707476	4.347826086956522	100	0
chr3	3710347	3711988	Amillepora22232	4	0	0	0	0	0	0	0	0	0
chr3	3719720	3722249	Amillepora22233	2	0	0	0	0	0	0	0	0	0
chr3	3695858	3703619	Amillepora22230	6	3	0.5	0.5	50	50	54.772255750516614	22.3606797749979	100	0
chr3	3710168	3718542	Amillepora22231	13	1	0.07692307692307693	0.07692307692307693	7.6923076923076925	0	27.735009811261456	7.6923076923076925	100	0
chr3	3678981	3683369	Amillepora22228	12	0	0	0	0	0	0	0	0	0
chr3	3683909	3695766	Amillepora22229	2	0	0	0	0	0	0	0	0	0
chr3	3738919	3771240	Amillepora22235	17	0	0	0	0	0	0	0	0	0
chr3	3668242	3675814	Amillepora22227	3	2	0.6666666666666666	0.6666666666666666	66.66666666666667	100	57.735026918962575	33.333333333333336	100	0
chr3	3849291	3857248	Amillepora22245	6	4	0.6666666666666666	0.6666666666666666	66.66666666666667	100	51.63977794943223	21.081851067789195	100	0
chr3	3789967	3803634	Amillepora22239	12	4	0.3333333333333333	0.3333333333333333	33.333333333333336	0	49.23659639173309	14.213381090374028	100	0
chr3	3865122	3874958	Amillepora22247	15	1	0.06666666666666667	0.06666666666666667	6.666666666666667	0	25.819888974716115	6.666666666666666	100	0
chr3	3859288	3864156	Amillepora22246	8	0	0	0	0	0	0	0	0	0
chr3	3804389	3807973	Amillepora22240	5	0	0	0	0	0	0	0	0	0
chr3	3774611	3788022	Amillepora22238	6	2	0.3333333333333333	0.3333333333333333	33.333333333333336	0	51.63977794943222	21.081851067789195	100	0
chr3	3767551	3770987	Amillepora22237	5	0	0	0	0	0	0	0	0	0
chr3	3835322	3840771	Amillepora22243	1	0	0	0	0	0	NA	NA	0	0
chr3	3842704	3849165	Amillepora22244	5	3	0.6	0.6	60	100	54.772255750516614	24.49489742783178	100	0
chr3	3821505	3826163	Amillepora22242	2	0	0	0	0	0	0	0	0	0
chr3	3927232	3935573	Amillepora22250	8	2	0.25	0.25	25	0	46.29100498862757	16.366341767699428	100	0
chr3	3938637	3953487	Amillepora22251	4	3	0.75	0.75	75	100	50	25	100	0
chr3	3908168	3917516	Amillepora22248	12	1	0.08333333333333333	0.08333333333333333	8.333333333333334	0	28.8675134594813	8.333333333333334	100	0
chr3	3956534	3980416	Amillepora22253	10	2	0.2	0.2	20	0	42.16370213557839	13.333333333333332	100	0
chr3	3918081	3926784	Amillepora22249	8	0	0	0	0	0	0	0	0	0
chr3	4070528	4079106	Amillepora22260	4	2	0.5	0.5	50	50	57.735026918962575	28.867513459481287	100	0
chr3	3988341	4017337	Amillepora22254	49	1	0.02040816326530612	0.02040816326530612	2.0408163265306123	0	14.285714285714286	2.0408163265306123	100	0
chr3	4080782	4084083	Amillepora22261	3	0	0	0	0	0	0	0	0	0
chr3	4002752	4004974	Amillepora22256	18	1	0.05555555555555555	0.05555555555555555	5.555555555555555	0	23.570226039551578	5.555555555555556	100	0
chr3	4061990	4070306	Amillepora22259	6	1	0.16666666666666666	0.16666666666666666	16.666666666666668	0	40.8248290463863	16.66666666666667	100	0
chr3	4051905	4056053	Amillepora22258	7	1	0.14285714285714285	0.14285714285714285	14.285714285714286	0	37.79644730092272	14.285714285714285	100	0
chr3	4099695	4104643	Amillepora22264	2	0	0	0	0	0	0	0	0	0
chr3	4123413	4174879	Amillepora22267	41	2	0.04878048780487805	0.04878048780487805	4.878048780487805	0	21.80847899550909	3.405912205797303	100	0
chr3	4095971	4099399	Amillepora22263	2	1	0.5	0.5	50	50	70.71067811865476	50	100	0
chr3	4084988	4094970	Amillepora22262	1	1	1	1	100	100	NA	NA	100	100
chr3	4109631	4113047	Amillepora22266	4	0	0	0	0	0	0	0	0	0
chr3	4105872	4106819	Amillepora22265	1	0	0	0	0	0	NA	NA	0	0
chr3	4254599	4259560	Amillepora22276	6	2	0.3333333333333333	0.3333333333333333	33.333333333333336	0	51.63977794943222	21.081851067789195	100	0
chr3	4265140	4280622	Amillepora22279	9	2	0.2222222222222222	0.2222222222222222	22.22222222222222	0	44.09585518440984	14.698618394803281	100	0
chr3	4210163	4221819	Amillepora22272	6	3	0.5	0.5	50	50	54.772255750516614	22.3606797749979	100	0
chr3	4224736	4228608	Amillepora22273	4	2	0.5	0.5	50	50	57.735026918962575	28.867513459481287	100	0
chr3	4284020	4285018	Amillepora22280	2	0	0	0	0	0	0	0	0	0
chr3	4174132	4205730	Amillepora22271	50	0	0	0	0	0	0	0	0	0
chr3	4242825	4254502	Amillepora22275	14	1	0.07142857142857142	0.07142857142857142	7.142857142857143	0	26.72612419124244	7.142857142857143	100	0
chr3	4227689	4239059	Amillepora22274	8	5	0.625	0.625	62.5	100	51.75491695067657	18.298126367784995	100	0
chr3	4336981	4341350	Amillepora22283	6	0	0	0	0	0	0	0	0	0
chr3	4288500	4301865	Amillepora22281	18	0	0	0	0	0	0	0	0	0
chr3	4318816	4326730	Amillepora22282	5	0	0	0	0	0	0	0	0	0
chr3	4363253	4384277	Amillepora22287	35	3	0.08571428571428572	0.08571428571428572	8.571428571428571	0	28.402864099869067	4.800960288096033	100	0
chr3	4386413	4387614	Amillepora22289	1	0	0	0	0	0	NA	NA	0	0
chr3	4343965	4348208	Amillepora22286	2	0	0	0	0	0	0	0	0	0
chr3	4439866	4454934	Amillepora22295	30	1	0.03333333333333333	0.03333333333333333	3.3333333333333335	0	18.257418583505544	3.333333333333333	100	0
chr3	4429784	4434057	Amillepora22293	2	0	0	0	0	0	0	0	0	0
chr3	4451051	4454934	Amillepora22296	8	1	0.125	0.125	12.5	0	35.35533905932738	12.5	100	0
chr3	4433744	4434157	Amillepora22294	2	0	0	0	0	0	0	0	0	0
chr3	4409061	4429519	Amillepora22292	21	5	0.23809523809523808	0.23809523809523808	23.80952380952381	0	43.64357804719846	9.523809523809524	100	0
chr3	4397507	4408472	Amillepora22291	6	1	0.16666666666666666	0.16666666666666666	16.666666666666668	0	40.82482904638629	16.66666666666667	100	0
chr3	4464442	4477683	Amillepora22297	20	1	0.05	0.05	5	0	22.360679774997898	5	100	0
chr3	4582076	4586033	Amillepora22315	1	0	0	0	0	0	NA	NA	0	0
chr3	4485268	4507745	Amillepora22300	21	1	0.047619047619047616	0.047619047619047616	4.761904761904762	0	21.82178902359924	4.761904761904762	100	0
chr3	4529418	4533172	Amillepora22306	1	1	1	1	100	100	NA	NA	100	100
chr3	4490357	4495758	Amillepora22301	5	0	0	0	0	0	0	0	0	0
chr3	4576644	4582007	Amillepora22313	1	0	0	0	0	0	NA	NA	0	0
chr3	4515130	4524007	Amillepora22303	11	0	0	0	0	0	0	0	0	0
chr3	4481861	4482289	Amillepora22298	2	0	0	0	0	0	0	0	0	0
chr3	4484208	4488773	Amillepora22299	7	1	0.14285714285714285	0.125	14.285714285714286	0	37.79644730092272	14.285714285714285	100	0
chr3	4561727	4562743	Amillepora22308	2	0	0	0	0	0	0	0	0	0
chr3	4628878	4638208	Amillepora22318	13	1	0.07692307692307693	0.07692307692307693	7.6923076923076925	0	27.735009811261456	7.6923076923076925	100	0
chr3	4656827	4657960	Amillepora22321	2	0	0	0	0	0	0	0	0	0
chr3	4654098	4654799	Amillepora22320	1	0	0	0	0	0	NA	NA	0	0
chr3	4643083	4644264	Amillepora22319	2	0	0	0	0	0	0	0	0	0
chr3	4716789	4724207	Amillepora22330	7	2	0.2857142857142857	0.2857142857142857	28.571428571428573	0	48.79500364742666	18.442777839082936	100	0
chr3	4739277	4759571	Amillepora22332	9	8	0.8888888888888888	0.8888888888888888	88.88888888888889	100	33.333333333333336	11.111111111111112	100	0
chr3	4765864	4783980	Amillepora22334	9	3	0.3333333333333333	0.3333333333333333	33.333333333333336	0	50	16.666666666666668	100	0
chr3	4761717	4766017	Amillepora22333	2	0	0	0	0	0	0	0	0	0
chr3	4708905	4716464	Amillepora22329	11	1	0.09090909090909091	0.09090909090909091	9.090909090909092	0	30.151134457776358	9.09090909090909	100	0
chr3	4676393	4677622	Amillepora22323	5	0	0	0	0	0	0	0	0	0
chr3	4669647	4670873	Amillepora22322	1	0	0	0	0	0	NA	NA	0	0
chr3	4697299	4698510	Amillepora22326	2	0	0	0	0	0	0	0	0	0
chr3	4704829	4706034	Amillepora22328	2	0	0	0	0	0	0	0	0	0
chr3	4683572	4684768	Amillepora22324	2	0	0	0	0	0	0	0	0	0
chr3	4793360	4798873	Amillepora22335	1	0	0	0	0	0	NA	NA	0	0
chr3	4856764	4858970	Amillepora22340	2	0	0	0	0	0	0	0	0	0
chr3	4811018	4828473	Amillepora22337	18	3	0.16666666666666666	0.16666666666666666	16.666666666666668	0	38.34824944236852	9.03876907577734	100	0
chr3	4920403	4921446	Amillepora22347	2	0	0	0	0	0	0	0	0	0
chr3	4939891	4942576	Amillepora22349	1	0	0	0	0	0	NA	NA	0	0
chr3	4872793	4878757	Amillepora22343	6	1	0.16666666666666666	0.16666666666666666	16.666666666666668	0	40.8248290463863	16.66666666666667	100	0
chr3	4951464	4969727	Amillepora22351	23	1	0.043478260869565216	0.043478260869565216	4.3478260869565215	0	20.851441405707472	4.347826086956522	100	0
chr3	4831526	4852222	Amillepora22339	3	0	0	0	0	0	0	0	0	0
chr3	4859142	4865024	Amillepora22341	7	0	0	0	0	0	0	0	0	0
chr3	4868588	4870072	Amillepora22342	3	1	0.3333333333333333	0.3333333333333333	33.333333333333336	0	57.735026918962575	33.333333333333336	100	0
chr3	4923172	4932489	Amillepora22348	2	1	0.5	0.5	50	50	70.71067811865476	50	100	0
chr3	4881089	4895031	Amillepora22344	15	1	0.06666666666666667	0.06666666666666667	6.666666666666667	0	25.81988897471611	6.666666666666666	100	0
chr3	4901906	4920279	Amillepora22345	17	1	0.058823529411764705	0.058823529411764705	5.882352941176471	0	24.2535625036333	5.88235294117647	100	0
chr3	4945203	4947310	Amillepora22350	6	0	0	0	0	0	0	0	0	0
chr3	4972682	4991228	Amillepora22353	18	1	0.05555555555555555	0.05555555555555555	5.555555555555555	0	23.570226039551578	5.555555555555556	100	0
chr3	5004359	5008007	Amillepora22357	5	3	0.6	0.6	60	100	54.772255750516614	24.49489742783178	100	0
chr3	5010224	5021932	Amillepora22358	32	0	0	0	0	0	0	0	0	0
chr3	5022277	5033831	Amillepora22359	32	1	0.03125	0.03125	3.125	0	17.67766952966369	3.125	100	0
chr3	5034972	5128126	Amillepora22360	195	5	0.02564102564102564	0.02564102564102564	2.5641025641025643	0	15.846874991610687	1.1348182888535914	100	0
chr3	5137979	5148042	Amillepora22362	12	0	0	0	0	0	0	0	0	0
chr3	5160518	5163360	Amillepora22363	1	0	0	0	0	0	NA	NA	0	0
chr3	5131768	5137964	Amillepora22361	16	0	0	0	0	0	0	0	0	0
chr3	5165000	5174523	Amillepora22364	1	0	0	0	0	0	NA	NA	0	0
chr3	5175853	5180036	Amillepora22365	1	0	0	0	0	0	NA	NA	0	0
chr3	5181416	5221353	Amillepora22366	45	0	0	0	0	0	0	0	0	0
chr3	5391865	5398316	Amillepora22372	2	0	0	0	0	0	0	0	0	0
chr3	5402150	5407001	Amillepora22374	1	1	1	1	100	100	NA	NA	100	100
chr3	5294502	5297770	Amillepora22367	1	0	0	0	0	0	NA	NA	0	0
chr3	5312588	5319450	Amillepora22368	2	0	0	0	0	0	0	0	0	0
chr3	5343958	5385580	Amillepora22370	33	2	0.06060606060606061	0.06060606060606061	6.0606060606060606	0	24.230584229877998	4.21800330517426	100	0
chr3	5446817	5466418	Amillepora22378	29	1	0.034482758620689655	0.034482758620689655	3.4482758620689653	0	18.569533817705192	3.4482758620689653	100	0
chr3	5470445	5472193	Amillepora22379	9	2	0.2222222222222222	0.2222222222222222	22.22222222222222	0	44.09585518440984	14.698618394803281	100	0
chr3	5399291	5402139	Amillepora22373	2	2	1	1	100	100	0	0	100	100
chr3	5386743	5391779	Amillepora22371	4	4	1	1	100	100	0	0	100	100
chr3	5537013	5539996	Amillepora22383	2	0	0	0	0	0	0	0	0	0
chr3	5509373	5536403	Amillepora22382	20	4	0.2	0.2	20	0	41.03913408340616	9.17662935482247	100	0
chr3	5569778	5588426	Amillepora22386	8	0	0	0	0	0	0	0	0	0
chr3	5495399	5509572	Amillepora22381	22	2	0.09090909090909091	0.09090909090909091	9.090909090909092	0	29.42449431682498	6.273323266748674	100	0
chr3	5545119	5558419	Amillepora22384	10	3	0.3	0.3	30	0	48.3045891539648	15.275252316519467	100	0
chr3	5596588	5611143	Amillepora22387	11	0	0	0	0	0	0	0	0	0
chr3	5622299	5672783	Amillepora22391	34	1	0.029411764705882353	0.029411764705882353	2.9411764705882355	0	17.149858514250884	2.941176470588235	100	0
chr3	5771633	5773364	Amillepora22398	3	0	0	0	0	0	0	0	0	0
chr3	5683148	5688618	Amillepora22394	5	0	0	0	0	0	0	0	0	0
chr3	5751360	5765211	Amillepora22397	11	0	0	0	0	0	0	0	0	0
chr3	5695762	5697232	Amillepora22396	2	0	0	0	0	0	0	0	0	0
chr3	5870263	5883749	Amillepora22403	15	1	0.06666666666666667	0.06666666666666667	6.666666666666667	0	25.81988897471611	6.666666666666666	100	0
chr3	5855363	5858276	Amillepora22401	1	0	0	0	0	0	NA	NA	0	0
chr3	5820575	5836082	Amillepora22399	16	6	0.375	0.375	37.5	0	50	12.5	100	0
chr3	5839943	5851522	Amillepora22400	4	1	0.25	0.25	25	0	50	25	100	0
chr3	5862235	5864558	Amillepora22402	1	1	1	1	100	100	NA	NA	100	100
chr3	5944093	5971503	Amillepora22406	18	5	0.2777777777777778	0.2777777777777778	27.77777777777778	0	46.08885989624768	10.86324845659782	100	0
chr3	5917971	5937557	Amillepora22405	51	3	0.058823529411764705	0.058823529411764705	5.882352941176471	0	23.76354103144018	3.3275613232308117	100	0
chr3	5909216	5910968	Amillepora22404	6	0	0	0	0	0	0	0	0	0
chr3	6009709	6020736	Amillepora22409	5	0	0	0	0	0	0	0	0	0
chr3	6023816	6033983	Amillepora22410	6	0	0	0	0	0	0	0	0	0
chr3	6111019	6111790	Amillepora22418	3	0	0	0	0	0	0	0	0	0
chr3	6138290	6139229	Amillepora22421	1	0	0	0	0	0	NA	NA	0	0
chr3	6060594	6061366	Amillepora22414	1	0	0	0	0	0	NA	NA	0	0
chr3	6051572	6052256	Amillepora22413	1	0	0	0	0	0	NA	NA	0	0
chr3	6078215	6078589	Amillepora22416	1	0	0	0	0	0	NA	NA	0	0
chr3	6088046	6101870	Amillepora22417	13	3	0.23076923076923078	0.23076923076923078	23.076923076923077	0	43.85290096535146	12.162606385262997	100	0
chr3	6154887	6157624	Amillepora22423	9	0	0	0	0	0	0	0	0	0
chr3	6244256	6250330	Amillepora22439	8	0	0	0	0	0	0	0	0	0
chr3	6233398	6237956	Amillepora22438	9	2	0.2222222222222222	0.2222222222222222	22.22222222222222	0	44.09585518440984	14.698618394803281	100	0
chr3	6192444	6203780	Amillepora22434	8	0	0	0	0	0	0	0	0	0
chr3	6191048	6192216	Amillepora22433	1	0	0	0	0	0	NA	NA	0	0
chr3	6229807	6233419	Amillepora22437	2	0	0	0	0	0	0	0	0	0
chr3	6208441	6213387	Amillepora22435	9	0	0	0	0	0	0	0	0	0
chr3	6250182	6257555	Amillepora22440	10	0	0	0	0	0	0	0	0	0
chr3	6174059	6188929	Amillepora22425	4	0	0	0	0	0	0	0	0	0
chr3	6259613	6274041	Amillepora22441	10	1	0.1	0.1	10	0	31.622776601683793	10	100	0
chr3	6292008	6308468	Amillepora22456	17	0	0	0	0	0	0	0	0	0
chr3	6365814	6372289	Amillepora22461	20	0	0	0	0	0	0	0	0	0
chr3	6317515	6321271	Amillepora22457	7	0	0	0	0	0	0	0	0	0
chr3	6274643	6279495	Amillepora22442	5	0	0	0	0	0	0	0	0	0
chr3	6378988	6379659	Amillepora22462	1	0	0	0	0	0	NA	NA	0	0
chr3	6280937	6287384	Amillepora22454	6	6	1	1	100	100	0	0	100	100
chr3	6341280	6348276	Amillepora22459	3	1	0.3333333333333333	0.3333333333333333	33.333333333333336	0	57.735026918962575	33.333333333333336	100	0
chr3	6353729	6362834	Amillepora22460	8	0	0	0	0	0	0	0	0	0
chr3	6396399	6399743	Amillepora22464	14	0	0	0	0	0	0	0	0	0
chr3	6476959	6489747	Amillepora22469	27	0	0	0	0	0	0	0	0	0
chr3	6458068	6474170	Amillepora22468	35	0	0	0	0	0	0	0	0	0
chr3	6381739	6391812	Amillepora22463	3	0	0	0	0	0	0	0	0	0
chr3	6429878	6446357	Amillepora22467	23	2	0.08695652173913043	0.08695652173913043	8.695652173913043	0	28.810406552003034	6.007385040937022	100	0
chr3	6416896	6424062	Amillepora22466	8	0	0	0	0	0	0	0	0	0
chr3	6406180	6411045	Amillepora22465	12	0	0	0	0	0	0	0	0	0
chr3	6529089	6536563	Amillepora22473	4	1	0.25	0.25	25	0	50	25	100	0
chr3	6500758	6516169	Amillepora22470	24	1	0.041666666666666664	0.041666666666666664	4.166666666666667	0	20.412414523193153	4.166666666666668	100	0
chr3	6523299	6526174	Amillepora22471	1	1	1	1	100	100	NA	NA	100	100
chr3	6566447	6572803	Amillepora22478	8	0	0	0	0	0	0	0	0	0
chr3	6555698	6560390	Amillepora22476	1	1	1	1	100	100	NA	NA	100	100
chr3	6527914	6528645	Amillepora22472	2	1	0.5	0.5	50	50	70.71067811865476	50	100	0
chr3	6543312	6554362	Amillepora22475	17	1	0.058823529411764705	0.058823529411764705	5.882352941176471	0	24.253562503633294	5.88235294117647	100	0
chr3	6537312	6538463	Amillepora22474	6	0	0	0	0	0	0	0	0	0
chr3	6633099	6643578	Amillepora22485	8	1	0.125	0.125	12.5	0	35.35533905932738	12.5	100	0
chr3	6676972	6684563	Amillepora22489	6	1	0.16666666666666666	0.16666666666666666	16.666666666666668	0	40.8248290463863	16.66666666666667	100	0
chr3	6670555	6676072	Amillepora22488	4	0	0	0	0	0	0	0	0	0
chr3	6615419	6620130	Amillepora22483	9	0	0	0	0	0	0	0	0	0
chr3	6579955	6590728	Amillepora22479	5	0	0	0	0	0	0	0	0	0
chr3	6596027	6602239	Amillepora22481	3	0	0	0	0	0	0	0	0	0
chr3	6643244	6647608	Amillepora22486	4	0	0	0	0	0	0	0	0	0
chr3	6626058	6627008	Amillepora22484	4	0	0	0	0	0	0	0	0	0
chr3	6697293	6717544	Amillepora22491	27	0	0	0	0	0	0	0	0	0
chr3	6762069	6769675	Amillepora22492	7	0	0	0	0	0	0	0	0	0
chr3	6796431	6821776	Amillepora22499	23	0	0	0	0	0	0	0	0	0
chr3	6871822	6876427	Amillepora22505	6	2	0.3333333333333333	0.3333333333333333	33.333333333333336	0	51.63977794943222	21.081851067789195	100	0
chr3	6855262	6859828	Amillepora22504	3	0	0	0	0	0	0	0	0	0
chr3	6840934	6845490	Amillepora22503	8	0	0	0	0	0	0	0	0	0
chr3	6884651	6889595	Amillepora22507	4	0	0	0	0	0	0	0	0	0
chr3	6822832	6825668	Amillepora22500	9	1	0.1111111111111111	0.1111111111111111	11.11111111111111	0	33.333333333333336	11.111111111111112	100	0
chr3	6794146	6795868	Amillepora22498	2	0	0	0	0	0	0	0	0	0
chr3	6877922	6884234	Amillepora22506	11	0	0	0	0	0	0	0	0	0
chr3	6828204	6833936	Amillepora22501	4	0	0	0	0	0	0	0	0	0
chr3	6838535	6840538	Amillepora22502	7	0	0	0	0	0	0	0	0	0
chr3	6922873	6930992	Amillepora22511	13	0	0	0	0	0	0	0	0	0
chr3	6953544	6966722	Amillepora22512	24	1	0.041666666666666664	0.041666666666666664	4.166666666666667	0	20.412414523193153	4.166666666666668	100	0
chr3	6891003	6901035	Amillepora22509	6	4	0.6666666666666666	0.6666666666666666	66.66666666666667	100	51.63977794943223	21.081851067789195	100	0
chr3	6972929	6976278	Amillepora22514	10	0	0	0	0	0	0	0	0	0
chr3	6968162	6970814	Amillepora22513	8	0	0	0	0	0	0	0	0	0
chr3	6901522	6919699	Amillepora22510	11	7	0.6363636363636364	0.6363636363636364	63.63636363636363	100	50.4524979109513	15.212000482437738	100	0
chr3	6888467	6896957	Amillepora22508	5	2	0.4	0.4	40	0	54.772255750516614	24.49489742783178	100	0
chr3	7035862	7047546	Amillepora22518	10	1	0.1	0.1	10	0	31.622776601683793	10	100	0
chr3	6976619	7008384	Amillepora22515	45	1	0.022222222222222223	0.022222222222222223	2.2222222222222223	0	14.907119849998606	2.222222222222222	100	0
chr3	7023891	7035622	Amillepora22517	12	0	0	0	0	0	0	0	0	0
chr3	7010833	7019194	Amillepora22516	4	0	0	0	0	0	0	0	0	0
chr3	7120378	7126285	Amillepora22520	3	0	0	0	0	0	0	0	0	0
chr3	7097244	7111259	Amillepora22519	7	1	0.14285714285714285	0.14285714285714285	14.285714285714286	0	37.79644730092272	14.285714285714285	100	0
chr3	7266607	7269831	Amillepora22528	11	0	0	0	0	0	0	0	0	0
chr3	7201159	7217957	Amillepora22525	21	3	0.14285714285714285	0.14285714285714285	14.285714285714286	0	35.856858280031815	7.824607964359516	100	0
chr3	7237091	7246458	Amillepora22527	9	3	0.3333333333333333	0.3333333333333333	33.333333333333336	0	49.99999999999999	16.666666666666668	100	0
chr3	7311381	7318742	Amillepora22532	6	1	0.16666666666666666	0.16666666666666666	16.666666666666668	0	40.8248290463863	16.66666666666667	100	0
chr3	7280591	7310989	Amillepora22531	37	3	0.08108108108108109	0.07894736842105263	8.108108108108109	0	27.672473069203015	4.549326548811747	100	0
chr3	7400457	7406477	Amillepora22534	9	0	0	0	0	0	0	0	0	0
chr3	7422669	7427042	Amillepora22536	8	1	0.125	0.125	12.5	0	35.35533905932738	12.5	100	0
chr3	7461495	7473415	Amillepora22542	28	1	0.03571428571428571	0.03571428571428571	3.5714285714285716	0	18.898223650461357	3.571428571428571	100	0
chr3	7407205	7416214	Amillepora22535	2	0	0	0	0	0	0	0	0	0
chr3	7426996	7435323	Amillepora22539	2	0	0	0	0	0	0	0	0	0
chr3	7436797	7450444	Amillepora22540	18	0	0	0	0	0	0	0	0	0
chr3	7454022	7457733	Amillepora22541	4	2	0.5	0.5	50	50	57.735026918962575	28.867513459481287	100	0
chr3	7510799	7513535	Amillepora22547	1	1	1	1	100	100	NA	NA	100	100
chr3	7514988	7519488	Amillepora22549	9	0	0	0	0	0	0	0	0	0
chr3	7557784	7566170	Amillepora22557	12	0	0	0	0	0	0	0	0	0
chr3	7522287	7525034	Amillepora22550	5	0	0	0	0	0	0	0	0	0
chr3	7506533	7508625	Amillepora22546	2	0	0	0	0	0	0	0	0	0
chr3	7499971	7505783	Amillepora22545	2	0	0	0	0	0	0	0	0	0
chr3	7546525	7553534	Amillepora22554	12	0	0	0	0	0	0	0	0	0
chr3	7536941	7544429	Amillepora22552	8	0	0	0	0	0	0	0	0	0
chr3	7483806	7492832	Amillepora22544	18	1	0.05555555555555555	0.05555555555555555	5.555555555555555	0	23.570226039551578	5.555555555555556	100	0
chr3	7474875	7482908	Amillepora22543	2	0	0	0	0	0	0	0	0	0
chr3	7528181	7534458	Amillepora22551	10	1	0.1	0.1	10	0	31.622776601683793	10	100	0
chr3	7655770	7660547	Amillepora22565	12	0	0	0	0	0	0	0	0	0
chr3	7643381	7644510	Amillepora22564	1	0	0	0	0	0	NA	NA	0	0
chr3	7608750	7618054	Amillepora22563	17	0	0	0	0	0	0	0	0	0
chr3	7570820	7577592	Amillepora22558	7	0	0	0	0	0	0	0	0	0
chr3	7587757	7597517	Amillepora22560	2	0	0	0	0	0	0	0	0	0
chr3	7605951	7606991	Amillepora22562	1	0	0	0	0	0	NA	NA	0	0
chr3	7708955	7719863	Amillepora22568	5	4	0.8	0.8	80	100	44.721359549995796	20	100	0
chr3	7697792	7699636	Amillepora22567	1	0	0	0	0	0	NA	NA	0	0
chr3	7761027	7771445	Amillepora22573	5	3	0.6	0.6	60	100	54.772255750516614	24.49489742783178	100	0
chr3	7669191	7670603	Amillepora22566	2	1	0.5	0.5	50	50	70.71067811865476	50	100	0
chr3	7729810	7760438	Amillepora22572	23	3	0.13043478260869565	0.13043478260869565	13.043478260869565	0	34.435022157509096	7.180198468215396	100	0
chr3	7723383	7724918	Amillepora22571	1	1	1	1	100	100	NA	NA	100	100
chr3	7818956	7820062	Amillepora22576	9	0	0	0	0	0	0	0	0	0
chr3	7772468	7774282	Amillepora22574	5	0	0	0	0	0	0	0	0	0
chr3	7779635	7789050	Amillepora22575	12	0	0	0	0	0	0	0	0	0
chr3	7945865	7953981	Amillepora22589	15	11	0.7333333333333333	0.7333333333333333	73.33333333333333	100	45.773770821706336	11.818736805705578	100	0
chr3	7934696	7936199	Amillepora22587	4	3	0.75	0.75	75	100	50	25	100	0
chr3	7912352	7914728	Amillepora22583	3	2	0.6666666666666666	0.6666666666666666	66.66666666666667	100	57.735026918962575	33.333333333333336	100	0
chr3	7909182	7909763	Amillepora22582	2	1	0.5	0.5	50	50	70.71067811865476	50	100	0
chr3	7919019	7920980	Amillepora22584	7	3	0.42857142857142855	0.42857142857142855	42.857142857142854	0	53.45224838248488	20.203050891044217	100	0
chr3	7899411	7908514	Amillepora22580	5	2	0.4	0.4	40	0	54.772255750516614	24.49489742783178	100	0
chr3	7860165	7882900	Amillepora22578	26	3	0.11538461538461539	0.11538461538461539	11.538461538461538	0	32.581259360842104	6.389710663783134	100	0
chr3	7938590	7939919	Amillepora22588	3	1	0.3333333333333333	0.3333333333333333	33.333333333333336	0	57.735026918962575	33.333333333333336	100	0
chr3	8086086	8087546	Amillepora22602	6	1	0.16666666666666666	0.16666666666666666	16.666666666666668	0	40.82482904638629	16.66666666666667	100	0
chr3	8062907	8071237	Amillepora22600	4	0	0	0	0	0	0	0	0	0
chr3	8049499	8060346	Amillepora22598	6	1	0.16666666666666666	0.16666666666666666	16.666666666666668	0	40.82482904638629	16.66666666666667	100	0
chr3	8078724	8082714	Amillepora22601	11	0	0	0	0	0	0	0	0	0
chr3	8033317	8048830	Amillepora22597	17	0	0	0	0	0	0	0	0	0
chr3	8023641	8027742	Amillepora22595	5	1	0.2	0.2	20	0	44.721359549995796	20	100	0
chr3	8104446	8109326	Amillepora22604	6	0	0	0	0	0	0	0	0	0
chr3	8144030	8146159	Amillepora22607	1	0	0	0	0	0	NA	NA	0	0
chr3	8127353	8129254	Amillepora22606	11	0	0	0	0	0	0	0	0	0
chr3	8114567	8124264	Amillepora22605	8	1	0.125	0.125	12.5	0	35.35533905932738	12.5	100	0
chr3	8155211	8163722	Amillepora22608	3	0	0	0	0	0	0	0	0	0
chr3	8095678	8114515	Amillepora22603	16	2	0.125	0.11764705882352941	12.5	0	34.15650255319866	8.539125638299666	100	0
chr3	8223177	8227912	Amillepora22615	1	0	0	0	0	0	NA	NA	0	0
chr3	8211991	8214147	Amillepora22614	10	0	0	0	0	0	0	0	0	0
chr3	8190466	8191974	Amillepora22610	2	1	0.5	0.5	50	50	70.71067811865476	50	100	0
chr3	8206307	8207851	Amillepora22613	3	0	0	0	0	0	0	0	0	0
chr3	8261468	8265980	Amillepora22617	4	1	0.25	0.25	25	0	50	25	100	0
chr3	8245238	8249882	Amillepora22616	8	0	0	0	0	0	0	0	0	0
chr3	8275226	8309653	Amillepora22619	6	0	0	0	0	0	0	0	0	0
chr3	8419941	8441687	Amillepora22624	5	2	0.4	0.4	40	0	54.772255750516614	24.49489742783178	100	0
chr3	8443339	8457078	Amillepora22625	4	3	0.75	0.75	75	100	50	25	100	0
chr3	8390712	8394329	Amillepora22623	4	0	0	0	0	0	0	0	0	0
chr3	8573096	8581198	Amillepora22632	6	3	0.5	0.5	50	50	54.772255750516614	22.3606797749979	100	0
chr3	8504437	8529191	Amillepora22628	23	4	0.17391304347826086	0.17391304347826086	17.391304347826086	0	38.75533878815898	8.081046758996393	100	0
chr3	8476715	8490645	Amillepora22626	18	2	0.1111111111111111	0.1111111111111111	11.11111111111111	0	32.33808333817772	7.622159339667059	100	0
chr3	8550635	8570011	Amillepora22631	48	2	0.041666666666666664	0.041666666666666664	4.166666666666667	0	20.194093652345856	2.9147663515556026	100	0
chr3	8495466	8504077	Amillepora22627	12	1	0.08333333333333333	0.08333333333333333	8.333333333333334	0	28.867513459481298	8.333333333333334	100	0
chr3	8650031	8651311	Amillepora22640	3	0	0	0	0	0	0	0	0	0
chr3	8666325	8673951	Amillepora22641	1	0	0	0	0	0	NA	NA	0	0
chr3	8682826	8686353	Amillepora22643	7	2	0.2857142857142857	0.2857142857142857	28.571428571428573	0	48.79500364742666	18.442777839082936	100	0
chr3	8639278	8640330	Amillepora22639	7	0	0	0	0	0	0	0	0	0
chr3	8687802	8689795	Amillepora22644	1	0	0	0	0	0	NA	NA	0	0
chr3	8583647	8612342	Amillepora22633	35	3	0.08571428571428572	0.08571428571428572	8.571428571428571	0	28.402864099869056	4.800960288096033	100	0
chr3	8614768	8618163	Amillepora22634	2	0	0	0	0	0	0	0	0	0
chr3	8711010	8713838	Amillepora22647	4	1	0.25	0.25	25	0	50	25	100	0
chr3	8733267	8762947	Amillepora22649	25	1	0.04	0.04	4	0	20	4	100	0
chr3	8762893	8765705	Amillepora22651	3	0	0	0	0	0	0	0	0	0
chr3	8721171	8721959	Amillepora22648	1	0	0	0	0	0	NA	NA	0	0
chr3	8701695	8702621	Amillepora22645	1	0	0	0	0	0	NA	NA	0	0
chr3	8815152	8826223	Amillepora22654	7	1	0.14285714285714285	0.14285714285714285	14.285714285714286	0	37.79644730092272	14.285714285714285	100	0
chr3	8834149	8842701	Amillepora22655	14	0	0	0	0	0	0	0	0	0
chr3	8781707	8799276	Amillepora22652	29	3	0.10344827586206896	0.10344827586206896	10.344827586206897	0	30.99340466946035	5.755330761353656	100	0
chr3	8799389	8815065	Amillepora22653	14	2	0.14285714285714285	0.14285714285714285	14.285714285714286	0	36.31365196012815	9.705231721239393	100	0
chr3	8850433	8851716	Amillepora22656	3	0	0	0	0	0	0	0	0	0
chr3	8852698	8856170	Amillepora22657	1	0	0	0	0	0	NA	NA	0	0
chr3	8938487	8948072	Amillepora22666	4	0	0	0	0	0	0	0	0	0
chr3	8909630	8938412	Amillepora22664	29	0	0	0	0	0	0	0	0	0
chr3	8965206	8970821	Amillepora22669	8	1	0.125	0.125	12.5	0	35.35533905932738	12.5	100	0
chr3	8901654	8902639	Amillepora22663	3	0	0	0	0	0	0	0	0	0
chr3	8954642	8960876	Amillepora22668	6	0	0	0	0	0	0	0	0	0
chr3	8949019	8953930	Amillepora22667	7	0	0	0	0	0	0	0	0	0
chr3	8887356	8900709	Amillepora22661	4	0	0	0	0	0	0	0	0	0
chr3	8989385	8990515	Amillepora22670	5	0	0	0	0	0	0	0	0	0
chr3	9050739	9053090	Amillepora22677	6	0	0	0	0	0	0	0	0	0
chr3	8994161	8998771	Amillepora22671	6	0	0	0	0	0	0	0	0	0
chr3	9025143	9042906	Amillepora22675	14	3	0.21428571428571427	0.21428571428571427	21.428571428571427	0	42.581531362632	11.380392954509878	100	0
chr3	9074198	9075127	Amillepora22682	2	0	0	0	0	0	0	0	0	0
chr3	9002347	9005550	Amillepora22672	7	0	0	0	0	0	0	0	0	0
chr3	9059991	9061381	Amillepora22680	1	0	0	0	0	0	NA	NA	0	0
chr3	9006443	9015187	Amillepora22673	14	0	0	0	0	0	0	0	0	0
chr3	9186728	9187678	Amillepora22688	8	0	0	0	0	0	0	0	0	0
chr3	9091719	9092684	Amillepora22683	3	0	0	0	0	0	0	0	0	0
chr3	9172396	9173337	Amillepora22686	4	0	0	0	0	0	0	0	0	0
chr3	9176968	9180636	Amillepora22687	2	0	0	0	0	0	0	0	0	0
chr3	9193864	9199812	Amillepora22689	8	0	0	0	0	0	0	0	0	0
chr3	9204713	9209146	Amillepora22690	1	0	0	0	0	0	NA	NA	0	0
chr3	9274052	9306969	Amillepora22692	15	1	0.06666666666666667	0.06666666666666667	6.666666666666667	0	25.81988897471611	6.666666666666666	100	0
chr3	9412475	9421318	Amillepora22702	4	0	0	0	0	0	0	0	0	0
chr3	9407220	9412401	Amillepora22701	1	0	0	0	0	0	NA	NA	0	0
chr3	9463333	9473101	Amillepora22703	1	0	0	0	0	0	NA	NA	0	0
chr3	9492051	9493827	Amillepora22705	3	1	0.3333333333333333	0.3333333333333333	33.333333333333336	0	57.735026918962575	33.333333333333336	100	0
chr3	9629734	9631926	Amillepora22714	1	0	0	0	0	0	NA	NA	0	0
chr3	9702072	9712347	Amillepora22719	6	1	0.16666666666666666	0.16666666666666666	16.666666666666668	0	40.82482904638629	16.66666666666667	100	0
chr3	9795750	9797443	Amillepora22726	2	0	0	0	0	0	0	0	0	0
chr3	9903275	9905515	Amillepora22734	1	0	0	0	0	0	NA	NA	0	0
chr3	9986627	9990059	Amillepora22738	1	0	0	0	0	0	NA	NA	0	0
chr3	10117356	10128895	Amillepora22745	2	0	0	0	0	0	0	0	0	0
chr3	10314003	10319698	Amillepora22756	3	1	0.3333333333333333	0.3333333333333333	33.333333333333336	0	57.735026918962575	33.333333333333336	100	0
chr3	10525257	10529119	Amillepora22767	2	0	0	0	0	0	0	0	0	0
chr3	10561461	10575687	Amillepora22769	3	0	0	0	0	0	0	0	0	0
chr3	10747730	10749000	Amillepora22773	2	0	0	0	0	0	0	0	0	0
chr3	10829665	10830642	Amillepora22778	2	1	0.5	0.5	50	50	70.71067811865476	50	100	0
chr3	10920034	10924698	Amillepora22782	76	3	0.039473684210526314	0.039473684210526314	3.9473684210526314	0	19.60128889424851	2.2484220382414555	100	0
chr3	10971510	10972358	Amillepora22783	1	0	0	0	0	0	NA	NA	0	0
chr3	10989427	10992180	Amillepora22785	1	0	0	0	0	0	NA	NA	0	0
chr3	11003392	11017645	Amillepora22787	4	2	0.5	0.5	50	50	57.735026918962575	28.867513459481287	100	0
chr3	11176961	11179068	Amillepora22818	5	0	0	0	0	0	0	0	0	0
chr3	11087938	11109483	Amillepora22789	3	0	0	0	0	0	0	0	0	0
chr3	11227240	11238365	Amillepora22822	5	0	0	0	0	0	0	0	0	0
chr3	11201725	11204931	Amillepora22819	2	0	0	0	0	0	0	0	0	0
chr3	11205459	11227075	Amillepora22820	6	2	0.3333333333333333	0.3333333333333333	33.333333333333336	0	51.63977794943222	21.081851067789195	100	0
chr3	11244673	11246124	Amillepora22830	1	0	0	0	0	0	NA	NA	0	0
chr3	11319988	11339902	Amillepora22839	11	5	0.45454545454545453	0.45454545454545453	45.45454545454545	0	52.223296786709355	15.745916432444341	100	0
chr3	11350478	11368749	Amillepora22842	11	1	0.09090909090909091	0.09090909090909091	9.090909090909092	0	30.15113445777636	9.09090909090909	100	0
chr3	11284999	11295895	Amillepora22836	6	1	0.16666666666666666	0.16666666666666666	16.666666666666668	0	40.8248290463863	16.66666666666667	100	0
chr3	11303458	11315893	Amillepora22838	8	4	0.5	0.5	50	50	53.45224838248488	18.89822365046136	100	0
chr3	11379716	11380493	Amillepora22844	1	0	0	0	0	0	NA	NA	0	0
chr3	11456632	11465329	Amillepora22858	4	0	0	0	0	0	0	0	0	0
chr3	11392778	11393589	Amillepora22847	1	0	0	0	0	0	NA	NA	0	0
chr3	11450371	11451072	Amillepora22857	3	0	0	0	0	0	0	0	0	0
chr3	11467852	11488473	Amillepora22859	9	1	0.1111111111111111	0.1111111111111111	11.11111111111111	0	33.333333333333336	11.111111111111112	100	0
chr3	11413519	11421991	Amillepora22850	3	0	0	0	0	0	0	0	0	0
chr3	11430315	11435553	Amillepora22852	1	0	0	0	0	0	NA	NA	0	0
chr3	11492404	11495059	Amillepora22861	2	0	0	0	0	0	0	0	0	0
chr3	11532167	11545581	Amillepora22863	11	7	0.6363636363636364	0.6363636363636364	63.63636363636363	100	50.4524979109513	15.212000482437738	100	0
chr3	11546016	11554018	Amillepora22864	6	1	0.16666666666666666	0.16666666666666666	16.666666666666668	0	40.82482904638629	16.66666666666667	100	0
chr3	11496558	11531145	Amillepora22862	24	2	0.08333333333333333	0.08333333333333333	8.333333333333334	0	28.23298512866401	5.763033956734373	100	0
chr3	11630859	11636387	Amillepora22869	3	0	0	0	0	0	0	0	0	0
chr3	11594979	11597507	Amillepora22867	7	0	0	0	0	0	0	0	0	0
chr3	11655715	11673441	Amillepora22870	10	2	0.2	0.2	20	0	42.16370213557839	13.333333333333332	100	0
chr3	11609197	11621246	Amillepora22868	8	1	0.125	0.125	12.5	0	35.35533905932738	12.5	100	0
chr3	11679067	11687743	Amillepora22872	3	3	1	1	100	100	0	0	100	100
chr3	11559286	11561506	Amillepora22865	2	0	0	0	0	0	0	0	0	0
chr3	11565784	11591231	Amillepora22866	8	1	0.125	0.125	12.5	0	35.35533905932738	12.5	100	0
chr3	11690371	11696014	Amillepora22873	7	0	0	0	0	0	0	0	0	0
chr3	11720476	11728546	Amillepora22875	7	2	0.2857142857142857	0.2857142857142857	28.571428571428573	0	48.79500364742666	18.442777839082936	100	0
chr3	11729665	11734038	Amillepora22877	2	0	0	0	0	0	0	0	0	0
chr3	11712628	11716645	Amillepora22874	4	1	0.25	0.25	25	0	50	25	100	0
chr3	11736051	11737522	Amillepora22878	1	0	0	0	0	0	NA	NA	0	0
chr3	11753949	11769438	Amillepora22881	9	0	0	0	0	0	0	0	0	0
chr3	11811166	11817549	Amillepora22885	3	0	0	0	0	0	0	0	0	0
chr3	12016254	12031201	Amillepora22893	1	0	0	0	0	0	NA	NA	0	0
chr3	12173917	12177099	Amillepora22898	2	0	0	0	0	0	0	0	0	0
chr3	12113074	12116196	Amillepora22896	1	0	0	0	0	0	NA	NA	0	0
chr3	12224231	12225274	Amillepora22901	1	0	0	0	0	0	NA	NA	0	0
chr3	12225431	12226323	Amillepora22902	3	1	0.3333333333333333	0.3333333333333333	33.333333333333336	0	57.735026918962575	33.333333333333336	100	0
chr3	12546504	12550169	Amillepora22913	2	1	0.5	0.5	50	50	70.71067811865476	50	100	0
chr3	12552630	12563745	Amillepora22915	1	1	1	1	100	100	NA	NA	100	100
chr3	12529661	12533835	Amillepora22911	7	2	0.2857142857142857	0.2857142857142857	28.571428571428573	0	48.79500364742666	18.442777839082936	100	0
chr3	12533892	12541459	Amillepora22912	4	2	0.5	0.5	50	50	57.735026918962575	28.867513459481287	100	0
chr3	12652314	12676658	Amillepora22919	8	4	0.5	0.5	50	50	53.45224838248488	18.89822365046136	100	0
chr3	12587667	12594024	Amillepora22916	2	2	1	1	100	100	0	0	100	100
chr3	12668345	12672749	Amillepora22921	2	1	0.5	0.5	50	50	70.71067811865476	50	100	0
chr3	12767009	12769061	Amillepora22928	1	0	0	0	0	0	NA	NA	0	0
chr3	12735785	12738523	Amillepora22923	3	0	0	0	0	0	0	0	0	0
chr3	12775040	12780125	Amillepora22930	8	5	0.625	0.625	62.5	100	51.75491695067657	18.298126367784995	100	0
chr3	12798082	12802904	Amillepora22933	4	2	0.5	0.4	50	50	57.735026918962575	28.867513459481287	100	0
chr3	12866274	12874473	Amillepora22937	1	0	0	0	0	0	NA	NA	0	0
chr3	12837199	12839113	Amillepora22935	1	0	0	0	0	0	NA	NA	0	0
chr3	12803389	12809419	Amillepora22934	2	0	0	0	0	0	0	0	0	0
chr3	12949772	12952449	Amillepora22941	1	0	0	0	0	0	NA	NA	0	0
chr3	12978246	12980253	Amillepora22947	1	0	0	0	0	0	NA	NA	0	0
chr3	12952601	12953897	Amillepora22942	2	0	0	0	0	0	0	0	0	0
chr3	12893287	12894438	Amillepora22940	6	4	0.6666666666666666	0.6666666666666666	66.66666666666667	100	51.63977794943223	21.081851067789195	100	0
chr3	12969483	12971881	Amillepora22945	3	1	0.3333333333333333	0.3333333333333333	33.333333333333336	0	57.735026918962575	33.333333333333336	100	0
chr3	12984847	12988688	Amillepora22948	2	1	0.5	0.5	50	50	70.71067811865476	50	100	0
chr3	12972182	12977087	Amillepora22946	2	1	0.5	0.5	50	50	70.71067811865476	50	100	0
chr3	12892452	12892989	Amillepora22939	1	0	0	0	0	0	NA	NA	0	0
chr3	13059115	13063624	Amillepora22955	2	1	0.5	0.5	50	50	70.71067811865476	50	100	0
chr3	13038715	13057064	Amillepora22953	1	1	1	1	100	100	NA	NA	100	100
chr3	13106049	13109150	Amillepora22957	2	1	0.5	0.5	50	50	70.71067811865476	50	100	0
chr3	13116093	13125786	Amillepora22959	10	5	0.5	0.45454545454545453	45	25	49.72144630058766	15.723301886761005	100	0
chr3	13152692	13163310	Amillepora22965	1	0	0	0	0	0	NA	NA	0	0
chr3	13135633	13136157	Amillepora22962	2	1	0.5	0.5	50	50	70.71067811865476	50	100	0
chr3	13109653	13115172	Amillepora22958	3	3	1	1	100	100	0	0	100	100
chr3	13124189	13125104	Amillepora22960	2	0	0	0	0	0	0	0	0	0
chr3	13138923	13151296	Amillepora22963	11	0	0	0	0	0	0	0	0	0
chr3	13175152	13175714	Amillepora22966	1	0	0	0	0	0	NA	NA	0	0
chr3	13133340	13134958	Amillepora22961	1	0	0	0	0	0	NA	NA	0	0
chr3	13377084	13400608	Amillepora22982	8	1	0.125	0.125	12.5	0	35.35533905932738	12.5	100	0
chr3	13351678	13361951	Amillepora22980	3	1	0.3333333333333333	0.3333333333333333	33.333333333333336	0	57.735026918962575	33.333333333333336	100	0
chr3	13342817	13348564	Amillepora22978	6	2	0.3333333333333333	0.3333333333333333	33.333333333333336	0	51.63977794943222	21.081851067789195	100	0
chr3	13349165	13350077	Amillepora22979	1	1	1	1	100	100	NA	NA	100	100
chr3	13400848	13450902	Amillepora22985	44	4	0.09090909090909091	0.09090909090909091	9.090909090909092	0	29.080336345115256	4.384025656094655	100	0
chr3	13365378	13372228	Amillepora22981	4	1	0.25	0.25	25	0	50	25	100	0
chr3	13489779	13492557	Amillepora22987	1	0	0	0	0	0	NA	NA	0	0
chr3	13741969	13756774	Amillepora22998	12	1	0.08333333333333333	0.08333333333333333	8.333333333333334	0	28.867513459481298	8.333333333333334	100	0
chr3	13762320	13763231	Amillepora22999	1	0	0	0	0	0	NA	NA	0	0
chr3	13872300	13873376	Amillepora23007	1	1	1	1	100	100	NA	NA	100	100
chr3	13971251	13972542	Amillepora23011	1	0	0	0	0	0	NA	NA	0	0
chr3	13988060	13990118	Amillepora23013	1	0	0	0	0	0	NA	NA	0	0
chr3	14002787	14007582	Amillepora23014	1	0	0	0	0	0	NA	NA	0	0
chr3	14017190	14022463	Amillepora23016	1	1	1	1	100	100	NA	NA	100	100
chr3	14007820	14008991	Amillepora23015	4	1	0.25	0.25	25	0	50	25	100	0
chr3	14023759	14025112	Amillepora23017	1	0	0	0	0	0	NA	NA	0	0
chr3	14054754	14055710	Amillepora23020	1	0	0	0	0	0	NA	NA	0	0
chr3	14149569	14161127	Amillepora23030	13	0	0	0	0	0	0	0	0	0
chr3	14176496	14186157	Amillepora23031	6	0	0	0	0	0	0	0	0	0
chr3	14138787	14150573	Amillepora23028	2	0	0	0	0	0	0	0	0	0
chr3	14271280	14278391	Amillepora23038	2	0	0	0	0	0	0	0	0	0
chr3	14203300	14204984	Amillepora23032	1	0	0	0	0	0	NA	NA	0	0
chr3	14281407	14281996	Amillepora23041	1	0	0	0	0	0	NA	NA	0	0
chr3	14207413	14219869	Amillepora23033	3	0	0	0	0	0	0	0	0	0
chr3	14311551	14315270	Amillepora23044	1	0	0	0	0	0	NA	NA	0	0
chr3	14305214	14311399	Amillepora23043	5	0	0	0	0	0	0	0	0	0
chr3	14315366	14325859	Amillepora23045	1	0	0	0	0	0	NA	NA	0	0
chr3	14391041	14400595	Amillepora23048	1	0	0	0	0	0	NA	NA	0	0
chr3	14531360	14537582	Amillepora23055	3	1	0.3333333333333333	0.3333333333333333	33.333333333333336	0	57.735026918962575	33.333333333333336	100	0
chr3	14571368	14572554	Amillepora23063	1	0	0	0	0	0	NA	NA	0	0
chr3	14609847	14614248	Amillepora23067	4	0	0	0	0	0	0	0	0	0
chr3	14555355	14563505	Amillepora23060	3	1	0.3333333333333333	0.3333333333333333	33.333333333333336	0	57.735026918962575	33.333333333333336	100	0
chr3	14537683	14553181	Amillepora23059	7	3	0.42857142857142855	0.42857142857142855	42.857142857142854	0	53.45224838248488	20.203050891044217	100	0
chr3	14625022	14631621	Amillepora23069	7	0	0	0	0	0	0	0	0	0
chr3	14636644	14638222	Amillepora23070	5	0	0	0	0	0	0	0	0	0
chr3	14651877	14659925	Amillepora23072	18	0	0	0	0	0	0	0	0	0
chr3	14662967	14680099	Amillepora23073	14	3	0.21428571428571427	0.21428571428571427	21.428571428571427	0	42.581531362632	11.380392954509878	100	0
chr3	14581151	14589451	Amillepora23064	2	0	0	0	0	0	0	0	0	0
chr3	14640748	14642615	Amillepora23071	5	0	0	0	0	0	0	0	0	0
chr3	14701412	14709536	Amillepora23077	1	0	0	0	0	0	NA	NA	0	0
chr3	14726553	14734585	Amillepora23080	2	1	0.5	0.5	50	50	70.71067811865476	50	100	0
chr3	14671724	14690965	Amillepora23074	12	1	0.08333333333333333	0.08333333333333333	8.333333333333334	0	28.867513459481298	8.333333333333334	100	0
chr3	14738237	14740319	Amillepora23081	2	1	0.5	0.5	50	50	70.71067811865476	50	100	0
chr3	14765154	14782706	Amillepora23083	33	0	0	0	0	0	0	0	0	0
chr3	14745880	14759119	Amillepora23082	22	0	0	0	0	0	0	0	0	0
chr3	14692872	14701338	Amillepora23075	8	1	0.125	0.125	12.5	0	35.35533905932738	12.5	100	0
chr3	14710595	14715110	Amillepora23078	6	4	0.6666666666666666	0.6666666666666666	66.66666666666667	100	51.63977794943223	21.081851067789195	100	0
chr3	14718307	14725262	Amillepora23079	3	2	0.6666666666666666	0.6666666666666666	66.66666666666667	100	57.735026918962575	33.333333333333336	100	0
chr3	14814483	14819079	Amillepora23090	3	1	0.3333333333333333	0.3333333333333333	33.333333333333336	0	57.735026918962575	33.333333333333336	100	0
chr3	14805653	14814336	Amillepora23089	3	2	0.6666666666666666	0.6666666666666666	66.66666666666667	100	57.73502691896258	33.333333333333336	100	0
chr3	14819062	14829808	Amillepora23091	18	1	0.05555555555555555	0.05555555555555555	5.555555555555555	0	23.570226039551578	5.555555555555556	100	0
chr3	14785061	14796919	Amillepora23086	5	0	0	0	0	0	0	0	0	0
chr3	14941228	14977714	Amillepora23099	8	6	0.75	0.75	75	100	46.29100498862757	16.366341767699428	100	0
chr3	14918842	14933666	Amillepora23097	17	0	0	0	0	0	0	0	0	0
chr3	14906737	14911983	Amillepora23096	8	5	0.625	0.625	62.5	100	51.75491695067657	18.298126367784995	100	0
chr3	14833227	14896063	Amillepora23092	24	9	0.375	0.375	37.5	0	49.45353550468403	10.094660663590604	100	0
chr3	14903347	14905980	Amillepora23095	6	0	0	0	0	0	0	0	0	0
chr3	15006218	15030379	Amillepora23102	17	10	0.5882352941176471	0.5882352941176471	58.8235294117647	100	50.72996561958924	12.303823919618758	100	0
chr3	15043762	15048020	Amillepora23107	9	0	0	0	0	0	0	0	0	0
chr3	15065425	15080796	Amillepora23110	2	0	0	0	0	0	0	0	0	0
chr3	15033055	15038926	Amillepora23105	6	2	0.3333333333333333	0.3333333333333333	33.333333333333336	0	51.63977794943222	21.081851067789195	100	0
chr3	15019600	15032045	Amillepora23103	7	5	0.7142857142857143	0.7142857142857143	71.42857142857143	100	48.79500364742666	18.442777839082936	100	0
chr3	15038944	15040581	Amillepora23106	3	1	0.3333333333333333	0.3333333333333333	33.333333333333336	0	57.735026918962575	33.333333333333336	100	0
chr3	15081080	15093367	Amillepora23112	11	1	0.09090909090909091	0.09090909090909091	9.090909090909092	0	30.15113445777636	9.09090909090909	100	0
chr3	15059183	15065417	Amillepora23109	2	2	1	1	100	100	0	0	100	100
chr3	15102785	15110239	Amillepora23113	19	0	0	0	0	0	0	0	0	0
chr3	15163973	15168069	Amillepora23115	2	1	0.5	0.5	50	50	70.71067811865476	50	100	0
chr3	15275329	15281205	Amillepora23122	1	0	0	0	0	0	NA	NA	0	0
chr3	15209199	15241006	Amillepora23118	6	1	0.16666666666666666	0.16666666666666666	16.666666666666668	0	40.82482904638629	16.66666666666667	100	0
chr3	15247682	15253565	Amillepora23121	2	0	0	0	0	0	0	0	0	0
chr3	15377192	15389795	Amillepora23128	8	0	0	0	0	0	0	0	0	0
chr3	15361641	15366035	Amillepora23126	1	0	0	0	0	0	NA	NA	0	0
chr3	15288084	15319411	Amillepora23123	9	0	0	0	0	0	0	0	0	0
chr3	15397154	15409172	Amillepora23130	16	0	0	0	0	0	0	0	0	0
chr3	15466122	15470255	Amillepora23137	6	0	0	0	0	0	0	0	0	0
chr3	15424215	15426398	Amillepora23133	2	0	0	0	0	0	0	0	0	0
chr3	15461633	15463778	Amillepora23136	5	0	0	0	0	0	0	0	0	0
chr3	15432329	15434481	Amillepora23134	4	0	0	0	0	0	0	0	0	0
chr3	15542803	15581827	Amillepora23141	2	0	0	0	0	0	0	0	0	0
chr3	15515463	15517717	Amillepora23139	3	0	0	0	0	0	0	0	0	0
chr3	15594538	15607132	Amillepora23144	4	0	0	0	0	0	0	0	0	0
chr3	15676591	15689586	Amillepora23148	2	1	0.5	0.5	50	50	70.71067811865476	50	100	0
chr3	15862739	15866562	Amillepora23154	5	0	0	0	0	0	0	0	0	0
chr3	15936700	15938960	Amillepora23164	5	0	0	0	0	0	0	0	0	0
chr3	15925159	15930578	Amillepora23163	9	0	0	0	0	0	0	0	0	0
chr3	15968935	15987209	Amillepora23167	4	3	0.75	0.75	75	100	50	25	100	0
chr3	15944431	15952218	Amillepora23165	11	0	0	0	0	0	0	0	0	0
chr3	15911060	15918821	Amillepora23160	9	1	0.1111111111111111	0.1111111111111111	11.11111111111111	0	33.333333333333336	11.111111111111112	100	0
chr3	15872004	15878879	Amillepora23156	3	1	0.3333333333333333	0.3333333333333333	33.333333333333336	0	57.735026918962575	33.333333333333336	100	0
chr3	15880020	15892799	Amillepora23157	16	0	0	0	0	0	0	0	0	0
chr3	15920671	15924834	Amillepora23161	2	0	0	0	0	0	0	0	0	0
chr3	15894231	15905849	Amillepora23159	12	7	0.5833333333333334	0.5833333333333334	58.333333333333336	100	51.49286505444372	14.864709750264078	100	0
chr3	15870556	15871561	Amillepora23155	2	0	0	0	0	0	0	0	0	0
chr3	16046785	16054992	Amillepora23172	16	1	0.0625	0.0625	6.25	0	25	6.25	100	0
chr3	16058684	16060924	Amillepora23173	8	1	0.125	0.125	12.5	0	35.35533905932738	12.5	100	0
chr3	16064097	16073987	Amillepora23174	18	0	0	0	0	0	0	0	0	0
chr3	15999596	16010279	Amillepora23169	7	0	0	0	0	0	0	0	0	0
chr3	15987454	15996458	Amillepora23168	6	4	0.6666666666666666	0.6666666666666666	66.66666666666667	100	51.63977794943223	21.081851067789195	100	0
chr3	15961814	15964332	Amillepora23166	1	0	0	0	0	0	NA	NA	0	0
chr3	16123872	16126864	Amillepora23177	4	0	0	0	0	0	0	0	0	0
chr3	16172219	16176339	Amillepora23183	1	0	0	0	0	0	NA	NA	0	0
chr3	16143464	16150768	Amillepora23179	7	0	0	0	0	0	0	0	0	0
chr3	16078260	16080264	Amillepora23175	1	0	0	0	0	0	NA	NA	0	0
chr3	16082133	16091410	Amillepora23176	4	2	0.5	0.5	50	50	57.735026918962575	28.867513459481287	100	0
chr3	16130182	16139549	Amillepora23178	19	2	0.10526315789473684	0.10526315789473684	10.526315789473685	0	31.53017676423058	7.233518641434491	100	0
chr3	16156565	16171139	Amillepora23182	17	3	0.17647058823529413	0.17647058823529413	17.647058823529413	0	39.295262399668786	9.530501027070382	100	0
chr3	16150497	16156200	Amillepora23181	5	0	0	0	0	0	0	0	0	0
chr3	16213679	16232099	Amillepora23187	22	1	0.045454545454545456	0.045454545454545456	4.545454545454546	0	21.32007163556104	4.545454545454545	100	0
chr3	16183022	16190330	Amillepora23185	7	3	0.42857142857142855	0.42857142857142855	42.857142857142854	0	53.45224838248488	20.203050891044217	100	0
chr3	16194553	16210598	Amillepora23186	15	5	0.3333333333333333	0.3125	33.333333333333336	0	48.795003647426654	12.598815766974239	100	0
chr3	16273320	16282653	Amillepora23193	8	4	0.5	0.5	50	50	53.45224838248488	18.89822365046136	100	0
chr3	16233563	16238055	Amillepora23190	12	1	0.08333333333333333	0.08333333333333333	8.333333333333334	0	28.867513459481298	8.333333333333334	100	0
chr3	16262200	16264109	Amillepora23191	3	0	0	0	0	0	0	0	0	0
chr3	16271371	16271860	Amillepora23192	1	0	0	0	0	0	NA	NA	0	0
chr3	16343873	16348664	Amillepora23197	7	0	0	0	0	0	0	0	0	0
chr3	16351975	16360466	Amillepora23199	7	0	0	0	0	0	0	0	0	0
chr3	16374804	16379477	Amillepora23200	7	0	0	0	0	0	0	0	0	0
chr3	16383236	16386118	Amillepora23201	2	0	0	0	0	0	0	0	0	0
chr3	16283293	16314174	Amillepora23195	49	1	0.02040816326530612	0.02040816326530612	2.0408163265306123	0	14.285714285714285	2.0408163265306123	100	0
chr3	16318344	16332660	Amillepora23196	19	1	0.05263157894736842	0.05263157894736842	5.2631578947368425	0	22.941573387056174	5.263157894736841	100	0
chr3	16470137	16474396	Amillepora23210	3	1	0.3333333333333333	0.3333333333333333	33.333333333333336	0	57.735026918962575	33.333333333333336	100	0
chr3	16400410	16405031	Amillepora23204	8	0	0	0	0	0	0	0	0	0
chr3	16412337	16413819	Amillepora23205	4	0	0	0	0	0	0	0	0	0
chr3	16392826	16393985	Amillepora23202	2	0	0	0	0	0	0	0	0	0
chr3	16394006	16396000	Amillepora23203	6	1	0.16666666666666666	0.16666666666666666	16.666666666666668	0	40.82482904638629	16.66666666666667	100	0
chr3	16415381	16430486	Amillepora23206	22	1	0.045454545454545456	0.045454545454545456	4.545454545454546	0	21.32007163556104	4.545454545454545	100	0
chr3	16454868	16461547	Amillepora23208	4	1	0.25	0.25	25	0	50	25	100	0
chr3	16432218	16446734	Amillepora23207	15	2	0.13333333333333333	0.13333333333333333	13.333333333333334	0	35.18657752744984	9.085135251589959	100	0
chr3	16572172	16586935	Amillepora23218	10	0	0	0	0	0	0	0	0	0
chr3	16508435	16515312	Amillepora23213	3	1	0.3333333333333333	0.3333333333333333	33.333333333333336	0	57.735026918962575	33.333333333333336	100	0
chr3	16566642	16570143	Amillepora23217	1	0	0	0	0	0	NA	NA	0	0
chr3	16519203	16535041	Amillepora23214	3	2	0.6666666666666666	0.6666666666666666	66.66666666666667	100	57.73502691896258	33.333333333333336	100	0
chr3	16527845	16539107	Amillepora23215	4	2	0.5	0.5	50	50	57.735026918962575	28.867513459481287	100	0
chr3	16486653	16508316	Amillepora23212	27	3	0.1111111111111111	0.1111111111111111	11.11111111111111	0	32.02563076101742	6.1633355136136565	100	0
chr3	16476761	16480061	Amillepora23211	5	0	0	0	0	0	0	0	0	0
chr3	16590247	16601291	Amillepora23219	20	0	0	0	0	0	0	0	0	0
chr3	16608074	16635580	Amillepora23221	35	2	0.05714285714285714	0.05714285714285714	5.714285714285714	0	23.55041079768028	3.980745977252777	100	0
chr3	16660864	16663083	Amillepora23224	5	0	0	0	0	0	0	0	0	0
chr3	16601827	16605517	Amillepora23220	10	4	0.4	0.4	40	0	51.63977794943222	16.329931618554518	100	0
chr3	16717689	16725896	Amillepora23226	10	0	0	0	0	0	0	0	0	0
chr3	16693371	16715111	Amillepora23225	15	1	0.06666666666666667	0.06666666666666667	6.666666666666667	0	25.819888974716115	6.666666666666666	100	0
chr3	16737529	16747127	Amillepora23228	4	1	0.25	0.25	25	0	50	25	100	0
chr3	16751966	16763502	Amillepora23229	6	1	0.16666666666666666	0.16666666666666666	16.666666666666668	0	40.82482904638629	16.66666666666667	100	0
chr3	16765916	16770297	Amillepora23230	3	0	0	0	0	0	0	0	0	0
chr3	16771363	16779688	Amillepora23231	5	0	0	0	0	0	0	0	0	0
chr3	16726245	16734686	Amillepora23227	6	0	0	0	0	0	0	0	0	0
chr3	16853730	16872730	Amillepora23238	7	4	0.5714285714285714	0.5714285714285714	57.142857142857146	100	53.45224838248488	20.203050891044217	100	0
chr3	16796378	16810493	Amillepora23234	28	1	0.03571428571428571	0.03571428571428571	3.5714285714285716	0	18.898223650461347	3.571428571428571	100	0
chr3	16835193	16848821	Amillepora23237	5	2	0.4	0.4	40	0	54.772255750516614	24.49489742783178	100	0
chr3	16874812	16875452	Amillepora23240	3	1	0.3333333333333333	0.3333333333333333	33.333333333333336	0	57.735026918962575	33.333333333333336	100	0
chr3	16818430	16820107	Amillepora23236	2	0	0	0	0	0	0	0	0	0
chr3	16786722	16795218	Amillepora23232	5	0	0	0	0	0	0	0	0	0
chr3	16813334	16814604	Amillepora23235	1	0	0	0	0	0	NA	NA	0	0
chr3	16882765	16908124	Amillepora23241	12	4	0.3333333333333333	0.3333333333333333	33.333333333333336	0	49.23659639173309	14.213381090374028	100	0
chr3	16951526	16955368	Amillepora23245	1	0	0	0	0	0	NA	NA	0	0
chr3	16925345	16928836	Amillepora23244	5	1	0.2	0.2	20	0	44.721359549995796	20	100	0
chr3	16909843	16919080	Amillepora23242	1	0	0	0	0	0	NA	NA	0	0
chr3	16955770	16988611	Amillepora23246	32	3	0.09375	0.09375	9.375	0	29.614458108029904	5.23514603733822	100	0
chr3	17009295	17030617	Amillepora23249	33	1	0.030303030303030304	0.030303030303030304	3.0303030303030303	0	17.40776559556976	3.03030303030303	100	0
chr3	16982113	16993712	Amillepora23247	10	2	0.2	0.2	20	0	42.16370213557839	13.333333333333332	100	0
chr3	17072209	17080021	Amillepora23253	7	0	0	0	0	0	0	0	0	0
chr3	17044090	17051615	Amillepora23251	10	1	0.1	0.1	10	0	31.622776601683793	10	100	0
chr3	17031026	17036347	Amillepora23250	1	0	0	0	0	0	NA	NA	0	0
chr3	17051486	17072133	Amillepora23252	17	1	0.058823529411764705	0.058823529411764705	5.882352941176471	0	24.253562503633294	5.88235294117647	100	0
chr3	17149224	17154235	Amillepora23259	1	1	1	1	100	100	NA	NA	100	100
chr3	17084019	17098139	Amillepora23255	7	2	0.2857142857142857	0.2857142857142857	28.571428571428573	0	48.79500364742666	18.442777839082936	100	0
chr3	17118612	17126023	Amillepora23256	3	0	0	0	0	0	0	0	0	0
chr3	17161659	17183889	Amillepora23261	4	1	0.25	0.25	25	0	50	25	100	0
chr3	17079835	17083941	Amillepora23254	4	0	0	0	0	0	0	0	0	0
chr3	17126830	17149173	Amillepora23257	24	0	0	0	0	0	0	0	0	0
chr3	17256668	17264760	Amillepora23274	2	2	1	1	100	100	0	0	100	100
chr3	17268638	17273672	Amillepora23277	2	1	0.5	0.5	50	50	70.71067811865476	50	100	0
chr3	17189791	17192786	Amillepora23264	2	1	0.5	0.5	50	50	70.71067811865476	50	100	0
chr3	17197967	17205677	Amillepora23267	14	1	0.07142857142857142	0.07142857142857142	7.142857142857143	0	26.72612419124244	7.142857142857143	100	0
chr3	17274741	17277174	Amillepora23278	5	0	0	0	0	0	0	0	0	0
chr3	17241835	17250695	Amillepora23272	6	3	0.5	0.5	50	50	54.772255750516614	22.3606797749979	100	0
chr3	17208422	17213135	Amillepora23269	4	1	0.25	0.25	25	0	50	25	100	0
chr3	17252392	17256523	Amillepora23273	4	0	0	0	0	0	0	0	0	0
chr3	17205511	17208442	Amillepora23268	2	0	0	0	0	0	0	0	0	0
chr3	17185889	17189720	Amillepora23263	2	0	0	0	0	0	0	0	0	0
chr3	17265039	17273025	Amillepora23275	2	1	0.5	0.5	50	50	70.71067811865476	50	100	0
chr3	17211990	17236241	Amillepora23270	11	4	0.36363636363636365	0.36363636363636365	36.36363636363637	0	50.4524979109513	15.212000482437738	100	0
chr3	17344553	17364412	Amillepora23288	24	1	0.041666666666666664	0.041666666666666664	4.166666666666667	0	20.412414523193156	4.166666666666668	100	0
chr3	17309981	17323011	Amillepora23285	14	2	0.14285714285714285	0.14285714285714285	14.285714285714286	0	36.313651960128155	9.705231721239393	100	0
chr3	17294727	17296160	Amillepora23281	1	0	0	0	0	0	NA	NA	0	0
chr3	17324545	17328863	Amillepora23286	14	0	0	0	0	0	0	0	0	0
chr3	17341881	17344498	Amillepora23287	1	0	0	0	0	0	NA	NA	0	0
chr3	17305278	17312476	Amillepora23284	11	0	0	0	0	0	0	0	0	0
chr3	17301396	17303649	Amillepora23283	2	0	0	0	0	0	0	0	0	0
chr3	17399057	17403742	Amillepora23290	7	0	0	0	0	0	0	0	0	0
chr3	17423555	17427869	Amillepora23293	3	0	0	0	0	0	0	0	0	0
chr3	17384541	17393238	Amillepora23289	2	0	0	0	0	0	0	0	0	0
chr3	17501687	17521428	Amillepora23296	18	3	0.16666666666666666	0.16666666666666666	16.666666666666668	0	38.34824944236852	9.03876907577734	100	0
chr3	17578164	17584662	Amillepora23300	5	0	0	0	0	0	0	0	0	0
chr3	17453765	17488706	Amillepora23294	54	3	0.05555555555555555	0.05555555555555555	5.555555555555555	0	23.121228232266404	3.146400633082523	100	0
chr3	17523058	17531293	Amillepora23297	3	1	0.3333333333333333	0.3333333333333333	33.333333333333336	0	57.735026918962575	33.333333333333336	100	0
chr3	17553803	17568326	Amillepora23299	18	0	0	0	0	0	0	0	0	0
chr3	17532979	17546653	Amillepora23298	9	2	0.2222222222222222	0.2222222222222222	22.22222222222222	0	44.09585518440984	14.698618394803281	100	0
chr3	17584943	17591862	Amillepora23301	7	2	0.2857142857142857	0.2857142857142857	28.571428571428573	0	48.79500364742666	18.442777839082936	100	0
chr3	17645509	17667659	Amillepora23308	4	2	0.5	0.5	50	50	57.735026918962575	28.867513459481287	100	0
chr3	17622757	17629346	Amillepora23306	4	2	0.5	0.5	50	50	57.735026918962575	28.867513459481287	100	0
chr3	17609130	17612497	Amillepora23304	1	1	1	1	100	100	NA	NA	100	100
chr3	17670297	17674503	Amillepora23310	1	1	1	1	100	100	NA	NA	100	100
chr3	17614852	17621813	Amillepora23305	11	0	0	0	0	0	0	0	0	0
chr3	17661734	17665130	Amillepora23309	1	0	0	0	0	0	NA	NA	0	0
chr3	17632261	17640925	Amillepora23307	10	4	0.4	0.4	40	0	51.63977794943222	16.329931618554518	100	0
chr3	17593167	17612178	Amillepora23303	7	4	0.5714285714285714	0.5714285714285714	57.142857142857146	100	53.452248382484875	20.203050891044217	100	0
chr3	17721853	17726227	Amillepora23316	6	1	0.16666666666666666	0.16666666666666666	16.666666666666668	0	40.8248290463863	16.66666666666667	100	0
chr3	17716319	17720242	Amillepora23315	3	0	0	0	0	0	0	0	0	0
chr3	17761258	17773378	Amillepora23321	8	3	0.375	0.375	37.5	0	51.75491695067657	18.298126367784995	100	0
chr3	17691683	17709451	Amillepora23312	4	3	0.75	0.75	75	100	50	25	100	0
chr3	17726966	17731716	Amillepora23317	4	0	0	0	0	0	0	0	0	0
chr3	17737217	17761121	Amillepora23319	17	1	0.058823529411764705	0.058823529411764705	5.882352941176471	0	24.253562503633294	5.88235294117647	100	0
chr3	17714175	17716472	Amillepora23314	1	0	0	0	0	0	NA	NA	0	0
chr3	17822101	17822682	Amillepora23327	2	0	0	0	0	0	0	0	0	0
chr3	17816428	17819676	Amillepora23326	4	0	0	0	0	0	0	0	0	0
chr3	17866984	17870339	Amillepora23333	11	1	0.09090909090909091	0.09090909090909091	9.090909090909092	0	30.151134457776358	9.09090909090909	100	0
chr3	17842748	17849785	Amillepora23330	6	1	0.16666666666666666	0.16666666666666666	16.666666666666668	0	40.82482904638629	16.66666666666667	100	0
chr3	17836748	17841070	Amillepora23329	6	0	0	0	0	0	0	0	0	0
chr3	17856666	17863316	Amillepora23331	1	0	0	0	0	0	NA	NA	0	0
chr3	17864137	17866438	Amillepora23332	6	1	0.16666666666666666	0.16666666666666666	16.666666666666668	0	40.82482904638629	16.66666666666667	100	0
chr3	17871459	17879968	Amillepora23334	10	0	0	0	0	0	0	0	0	0
chr3	17880242	17881891	Amillepora23335	2	0	0	0	0	0	0	0	0	0
chr3	17928249	17934659	Amillepora23340	3	0	0	0	0	0	0	0	0	0
chr3	17893738	17905224	Amillepora23338	3	1	0.3333333333333333	0.3333333333333333	33.333333333333336	0	57.735026918962575	33.333333333333336	100	0
chr3	17908224	17923653	Amillepora23339	12	9	0.75	0.75	75	100	45.22670168666454	13.055824196677337	100	0
chr3	17958157	17968686	Amillepora23343	6	5	0.8333333333333334	0.8333333333333334	83.33333333333333	100	40.824829046386306	16.66666666666667	100	0
chr3	17888827	17892141	Amillepora23336	2	1	0.5	0.5	50	50	70.71067811865476	50	100	0
chr3	17940314	17958063	Amillepora23342	14	11	0.7857142857142857	0.7857142857142857	78.57142857142857	100	42.581531362632006	11.380392954509878	100	0
chr3	17969743	17980937	Amillepora23344	5	1	0.2	0.2	20	0	44.721359549995796	20	100	0
chr3	18001471	18011231	Amillepora23348	16	0	0	0	0	0	0	0	0	0
chr3	17987181	17991775	Amillepora23347	9	0	0	0	0	0	0	0	0	0
chr3	18051210	18084210	Amillepora23351	31	5	0.16129032258064516	0.16129032258064516	16.129032258064516	0	37.3878250552983	6.715051611181074	100	0
chr3	18012545	18020871	Amillepora23349	17	0	0	0	0	0	0	0	0	0
chr3	18023112	18044792	Amillepora23350	8	0	0	0	0	0	0	0	0	0
chr3	18151462	18165648	Amillepora23362	17	0	0	0	0	0	0	0	0	0
chr3	18089981	18103274	Amillepora23352	15	1	0.06666666666666667	0.06666666666666667	6.666666666666667	0	25.819888974716115	6.666666666666666	100	0
chr3	18140982	18146807	Amillepora23358	2	1	0.5	0.5	50	50	70.71067811865476	50	100	0
chr3	18129301	18138115	Amillepora23356	6	3	0.5	0.5	50	50	54.772255750516614	22.3606797749979	100	0
chr3	18105965	18115583	Amillepora23353	4	1	0.25	0.25	25	0	50	25	100	0
chr3	18120890	18126826	Amillepora23355	6	0	0	0	0	0	0	0	0	0
chr3	18116522	18118374	Amillepora23354	2	0	0	0	0	0	0	0	0	0
chr3	18147694	18149904	Amillepora23359	2	2	1	1	100	100	0	0	100	100
chr3	18166769	18168309	Amillepora23363	1	0	0	0	0	0	NA	NA	0	0
chr3	18188094	18193840	Amillepora23366	11	1	0.09090909090909091	0.09090909090909091	9.090909090909092	0	30.151134457776354	9.09090909090909	100	0
chr3	18216913	18224151	Amillepora23367	2	1	0.5	0.5	50	50	70.71067811865476	50	100	0
chr3	18328989	18356569	Amillepora23368	38	1	0.02631578947368421	0.02631578947368421	2.6315789473684212	0	16.222142113076245	2.631578947368421	100	0
chr3	18361369	18366924	Amillepora23369	8	3	0.375	0.375	37.5	0	51.75491695067657	18.298126367784995	100	0
chr3	18369100	18395034	Amillepora23370	35	1	0.02857142857142857	0.027777777777777776	2.857142857142857	0	16.903085094570333	2.857142857142857	100	0
chr3	18408687	18437645	Amillepora23373	28	0	0	0	0	0	0	0	0	0
chr3	18395618	18396924	Amillepora23371	3	0	0	0	0	0	0	0	0	0
chr3	18480416	18490254	Amillepora23375	3	0	0	0	0	0	0	0	0	0
chr3	18498743	18523722	Amillepora23376	13	0	0	0	0	0	0	0	0	0
chr3	18605783	18612451	Amillepora23381	12	0	0	0	0	0	0	0	0	0
chr3	18553119	18560172	Amillepora23377	5	0	0	0	0	0	0	0	0	0
chr3	18643916	18649417	Amillepora23384	5	0	0	0	0	0	0	0	0	0
chr3	18576978	18589971	Amillepora23380	7	0	0	0	0	0	0	0	0	0
chr3	18620100	18626295	Amillepora23382	9	0	0	0	0	0	0	0	0	0
chr3	18653630	18673154	Amillepora23385	20	0	0	0	0	0	0	0	0	0
chr3	18682619	18689489	Amillepora23386	7	0	0	0	0	0	0	0	0	0
chr3	18708686	18710960	Amillepora23389	2	0	0	0	0	0	0	0	0	0
chr3	18755759	18759374	Amillepora23394	1	0	0	0	0	0	NA	NA	0	0
chr3	18714844	18722869	Amillepora23390	2	1	0.5	0.5	50	50	70.71067811865476	50	100	0
chr3	18767776	18776960	Amillepora23396	9	2	0.2222222222222222	0.2222222222222222	22.22222222222222	0	44.09585518440984	14.698618394803281	100	0
chr3	18732010	18736084	Amillepora23392	1	0	0	0	0	0	NA	NA	0	0
chr3	18750231	18755436	Amillepora23393	2	0	0	0	0	0	0	0	0	0
chr3	18699722	18703049	Amillepora23388	4	0	0	0	0	0	0	0	0	0
chr3	18723895	18729087	Amillepora23391	1	0	0	0	0	0	NA	NA	0	0
chr3	18690935	18695667	Amillepora23387	6	0	0	0	0	0	0	0	0	0
chr3	18847345	18858760	Amillepora23398	17	0	0	0	0	0	0	0	0	0
chr3	18782940	18824718	Amillepora23397	62	2	0.03225806451612903	0.03225806451612903	3.225806451612903	0	17.812704394997546	2.2622157203815374	100	0
chr3	18865268	18880998	Amillepora23400	21	0	0	0	0	0	0	0	0	0
chr3	18906747	18916665	Amillepora23403	9	1	0.1111111111111111	0.1	5.555555555555555	0	16.666666666666668	5.555555555555556	50	0
chr3	18948727	18963801	Amillepora23407	24	0	0	0	0	0	0	0	0	0
chr3	18925141	18934335	Amillepora23404	7	0	0	0	0	0	0	0	0	0
chr3	18940824	18945579	Amillepora23406	7	1	0.14285714285714285	0.14285714285714285	14.285714285714286	0	37.79644730092272	14.285714285714285	100	0
chr3	18964493	18969137	Amillepora23408	4	1	0.25	0.25	25	0	50	25	100	0
chr3	18891228	18903050	Amillepora23402	9	0	0	0	0	0	0	0	0	0
chr3	18883229	18886632	Amillepora23401	5	0	0	0	0	0	0	0	0	0
chr3	18969243	18994470	Amillepora23409	20	3	0.15	0.15	15	0	36.634754853252325	8.191780219091253	100	0
chr3	19008345	19020938	Amillepora23410	11	0	0	0	0	0	0	0	0	0
chr3	19031660	19040340	Amillepora23412	1	0	0	0	0	0	NA	NA	0	0
chr3	19045206	19045978	Amillepora23413	1	0	0	0	0	0	NA	NA	0	0
chr3	19095578	19141587	Amillepora23420	49	9	0.1836734693877551	0.1836734693877551	18.367346938775512	0	39.1230398217976	5.589005688828226	100	0
chr3	19142596	19157963	Amillepora23424	25	1	0.04	0.04	4	0	20	4	100	0
chr3	19108716	19118745	Amillepora23422	4	3	0.75	0.75	75	100	50	25	100	0
chr3	19081403	19093494	Amillepora23419	24	1	0.041666666666666664	0.041666666666666664	4.166666666666667	0	20.412414523193156	4.166666666666668	100	0
chr3	19063912	19076124	Amillepora23417	34	0	0	0	0	0	0	0	0	0
chr3	19048256	19058303	Amillepora23414	13	0	0	0	0	0	0	0	0	0
chr3	19105054	19108671	Amillepora23421	3	3	1	1	100	100	0	0	100	100
chr3	19060356	19060675	Amillepora23416	2	0	0	0	0	0	0	0	0	0
chr3	19194482	19197808	Amillepora23427	1	1	1	1	100	100	NA	NA	100	100
chr3	19216123	19223164	Amillepora23429	3	1	0.3333333333333333	0.3333333333333333	33.333333333333336	0	57.735026918962575	33.333333333333336	100	0
chr3	19229860	19253907	Amillepora23430	21	2	0.09523809523809523	0.09090909090909091	9.523809523809524	0	30.07926037591192	6.563832739090582	100	0
chr3	19158473	19188715	Amillepora23425	32	0	0	0	0	0	0	0	0	0
chr3	19199079	19206926	Amillepora23428	3	2	0.6666666666666666	0.6666666666666666	66.66666666666667	100	57.735026918962575	33.333333333333336	100	0
chr3	19188049	19194321	Amillepora23426	7	0	0	0	0	0	0	0	0	0
chr3	19347256	19349569	Amillepora23440	2	0	0	0	0	0	0	0	0	0
chr3	19356720	19363538	Amillepora23443	21	0	0	0	0	0	0	0	0	0
chr3	19354000	19355845	Amillepora23441	2	0	0	0	0	0	0	0	0	0
chr3	19371533	19376861	Amillepora23444	11	0	0	0	0	0	0	0	0	0
chr3	19311428	19320005	Amillepora23436	3	0	0	0	0	0	0	0	0	0
chr3	19281702	19295810	Amillepora23432	19	0	0	0	0	0	0	0	0	0
chr3	19256795	19280584	Amillepora23431	45	0	0	0	0	0	0	0	0	0
chr3	19332272	19335656	Amillepora23437	2	0	0	0	0	0	0	0	0	0
chr3	19342387	19343677	Amillepora23439	2	0	0	0	0	0	0	0	0	0
chr3	19303662	19304821	Amillepora23434	3	0	0	0	0	0	0	0	0	0
chr3	19337446	19338863	Amillepora23438	4	0	0	0	0	0	0	0	0	0
chr3	19457715	19481222	Amillepora23451	5	3	0.6	0.6	60	100	54.772255750516614	24.49489742783178	100	0
chr3	19418864	19431997	Amillepora23448	3	3	1	1	100	100	0	0	100	100
chr3	19481401	19483763	Amillepora23452	2	0	0	0	0	0	0	0	0	0
chr3	19356576	19417091	Amillepora23442	123	3	0.024390243902439025	0.024390243902439025	2.4390243902439024	0	15.488835927358975	1.3965813032045564	100	0
chr3	19436576	19449618	Amillepora23450	7	2	0.2857142857142857	0.25	28.571428571428573	0	48.79500364742666	18.442777839082936	100	0
chr4	156604	158649	Amillepora08597	2	0	0	0	0	0	0	0	0	0
chr4	160958	163897	Amillepora08598	6	0	0	0	0	0	0	0	0	0
chr4	166992	177598	Amillepora08599	9	1	0.1111111111111111	0.1111111111111111	11.11111111111111	0	33.333333333333336	11.111111111111112	100	0
chr4	114316	131612	Amillepora08592	19	0	0	0	0	0	0	0	0	0
chr4	140380	143904	Amillepora08594	5	0	0	0	0	0	0	0	0	0
chr4	133997	137514	Amillepora08593	1	0	0	0	0	0	NA	NA	0	0
chr4	202304	209838	Amillepora08603	14	0	0	0	0	0	0	0	0	0
chr4	236255	243741	Amillepora08606	14	1	0.07142857142857142	0.07142857142857142	7.142857142857143	0	26.72612419124244	7.142857142857143	100	0
chr4	226262	233592	Amillepora08605	6	0	0	0	0	0	0	0	0	0
chr4	185099	198634	Amillepora08600	3	1	0.3333333333333333	0.3333333333333333	33.333333333333336	0	57.735026918962575	33.333333333333336	100	0
chr4	211483	223176	Amillepora08604	17	0	0	0	0	0	0	0	0	0
chr4	243751	266778	Amillepora08607	33	2	0.06060606060606061	0.08823529411764706	6.0606060606060606	0	24.230584229877994	4.21800330517426	100	0
chr4	322753	331111	Amillepora08612	12	0	0	0	0	0	0	0	0	0
chr4	273118	295272	Amillepora08608	19	2	0.10526315789473684	0.10526315789473684	10.526315789473685	0	31.530176764230582	7.233518641434491	100	0
chr4	297709	306258	Amillepora08610	8	3	0.375	0.375	37.5	0	51.75491695067657	18.298126367784995	100	0
chr4	308498	318450	Amillepora08611	11	1	0.09090909090909091	0.09090909090909091	9.090909090909092	0	30.151134457776354	9.09090909090909	100	0
chr4	362926	363582	Amillepora08614	2	0	0	0	0	0	0	0	0	0
chr4	335482	360768	Amillepora08613	27	7	0.25925925925925924	0.25925925925925924	25.925925925925927	0	44.65760847047225	8.59436075726402	100	0
chr4	478459	484539	Amillepora08627	7	0	0	0	0	0	0	0	0	0
chr4	371411	391134	Amillepora08616	23	1	0.043478260869565216	0.043478260869565216	4.3478260869565215	0	20.851441405707476	4.347826086956522	100	0
chr4	405262	408144	Amillepora08618	4	1	0.25	0.25	25	0	50	25	100	0
chr4	461494	464769	Amillepora08625	2	0	0	0	0	0	0	0	0	0
chr4	424009	432124	Amillepora08621	18	0	0	0	0	0	0	0	0	0
chr4	411815	419943	Amillepora08620	7	2	0.2857142857142857	0.2857142857142857	28.571428571428573	0	48.79500364742666	18.442777839082936	100	0
chr4	441280	444245	Amillepora08622	2	0	0	0	0	0	0	0	0	0
chr4	465132	466088	Amillepora08626	1	0	0	0	0	0	NA	NA	0	0
chr4	500706	511894	Amillepora08630	13	1	0.07692307692307693	0.07692307692307693	7.6923076923076925	0	27.735009811261456	7.6923076923076925	100	0
chr4	488802	497868	Amillepora08628	7	2	0.2857142857142857	0.2857142857142857	28.571428571428573	0	48.79500364742666	18.442777839082936	100	0
chr4	512489	522056	Amillepora08631	17	1	0.058823529411764705	0.058823529411764705	5.882352941176471	0	24.2535625036333	5.88235294117647	100	0
chr4	527164	536892	Amillepora08632	8	2	0.25	0.25	25	0	46.29100498862757	16.366341767699428	100	0
chr4	550314	573445	Amillepora08636	30	3	0.1	0.1	10	0	30.51285766293647	5.570860145311556	100	0
chr4	612990	642485	Amillepora08638	26	2	0.07692307692307693	0.07692307692307693	7.6923076923076925	0	27.1746488194703	5.329387100211931	100	0
chr4	611450	621905	Amillepora08637	4	0	0	0	0	0	0	0	0	0
chr4	771943	788626	Amillepora08650	14	3	0.21428571428571427	0.21428571428571427	21.428571428571427	0	42.581531362632	11.380392954509878	100	0
chr4	684407	722213	Amillepora08644	46	1	0.021739130434782608	0.021739130434782608	2.1739130434782608	0	14.74419561548972	2.1739130434782608	100	0
chr4	760680	765140	Amillepora08649	6	0	0	0	0	0	0	0	0	0
chr4	730868	735112	Amillepora08646	9	0	0	0	0	0	0	0	0	0
chr4	736927	741006	Amillepora08647	20	3	0.15	0.15	15	0	36.634754853252325	8.191780219091253	100	0
chr4	747561	752972	Amillepora08648	5	0	0	0	0	0	0	0	0	0
chr4	793094	825397	Amillepora08652	40	1	0.025	0.024390243902439025	2.5	0	15.811388300841896	2.5	100	0
chr4	888268	891087	Amillepora08659	1	1	1	1	100	100	NA	NA	100	100
chr4	959151	986257	Amillepora08662	10	0	0	0	0	0	0	0	0	0
chr4	829724	847257	Amillepora08654	5	0	0	0	0	0	0	0	0	0
chr4	939205	942444	Amillepora08661	2	0	0	0	0	0	0	0	0	0
chr4	874779	885586	Amillepora08657	1	0	0	0	0	0	NA	NA	0	0
chr4	854175	867436	Amillepora08656	4	1	0.25	0.25	25	0	50	25	100	0
chr4	1042128	1047635	Amillepora08667	13	0	0	0	0	0	0	0	0	0
chr4	1047610	1066854	Amillepora08668	21	0	0	0	0	0	0	0	0	0
chr4	997513	1006539	Amillepora08664	2	2	1	1	100	100	0	0	100	100
chr4	1161088	1167707	Amillepora08677	2	0	0	0	0	0	0	0	0	0
chr4	1142773	1158804	Amillepora08675	15	0	0	0	0	0	0	0	0	0
chr4	1118337	1137983	Amillepora08673	20	0	0	0	0	0	0	0	0	0
chr4	1104099	1112307	Amillepora08672	7	0	0	0	0	0	0	0	0	0
chr4	1089678	1093472	Amillepora08670	1	0	0	0	0	0	NA	NA	0	0
chr4	1083350	1088826	Amillepora08669	6	0	0	0	0	0	0	0	0	0
chr4	1098295	1102644	Amillepora08671	1	0	0	0	0	0	NA	NA	0	0
chr4	1139479	1144371	Amillepora08674	5	1	0.2	0.2	20	0	44.721359549995796	20	100	0
chr4	1172804	1185752	Amillepora08678	12	0	0	0	0	0	0	0	0	0
chr4	1250875	1278656	Amillepora08682	20	1	0.05	0.05	5	0	22.360679774997898	5	100	0
chr4	1240122	1241276	Amillepora08680	2	0	0	0	0	0	0	0	0	0
chr4	1225149	1226302	Amillepora08679	2	0	0	0	0	0	0	0	0	0
chr4	1316831	1317811	Amillepora08686	1	0	0	0	0	0	NA	NA	0	0
chr4	1330726	1348392	Amillepora08688	3	3	1	1	100	100	0	0	100	100
chr4	1353178	1359800	Amillepora08690	3	0	0	0	0	0	0	0	0	0
chr4	1285076	1288668	Amillepora08683	1	0	0	0	0	0	NA	NA	0	0
chr4	1308185	1309127	Amillepora08685	3	0	0	0	0	0	0	0	0	0
chr4	1349728	1353075	Amillepora08689	1	1	1	1	100	100	NA	NA	100	100
chr4	1360635	1362633	Amillepora08691	4	0	0	0	0	0	0	0	0	0
chr4	1421954	1426081	Amillepora08695	4	0	0	0	0	0	0	0	0	0
chr4	1412743	1419068	Amillepora08694	10	1	0.1	0.1	10	0	31.622776601683793	10	100	0
chr4	1370879	1402566	Amillepora08692	35	2	0.05714285714285714	0.05714285714285714	5.714285714285714	0	23.550410797680275	3.980745977252777	100	0
chr4	1454892	1458674	Amillepora08700	1	1	1	1	100	100	NA	NA	100	100
chr4	1517453	1529903	Amillepora08705	20	2	0.1	0.1	10	0	30.779350562554622	6.882472016116853	100	0
chr4	1542114	1553295	Amillepora08707	1	1	1	1	100	100	NA	NA	100	100
chr4	1498236	1506314	Amillepora08702	9	0	0	0	0	0	0	0	0	0
chr4	1539091	1547885	Amillepora08706	6	0	0	0	0	0	0	0	0	0
chr4	1685698	1686720	Amillepora08719	2	0	0	0	0	0	0	0	0	0
chr4	1679896	1684895	Amillepora08718	9	0	0	0	0	0	0	0	0	0
chr4	1557940	1568566	Amillepora08708	21	2	0.09523809523809523	0.09523809523809523	9.523809523809524	0	30.079260375911915	6.563832739090582	100	0
chr4	1573196	1574841	Amillepora08710	1	1	1	1	100	100	NA	NA	100	100
chr4	1663880	1669536	Amillepora08716	4	3	0.75	0.75	75	100	50	25	100	0
chr4	1597428	1607892	Amillepora08711	1	0	0	0	0	0	NA	NA	0	0
chr4	1648914	1651416	Amillepora08715	8	1	0.125	0.125	12.5	0	35.35533905932738	12.5	100	0
chr4	1741427	1747631	Amillepora08727	2	1	0.5	0.5	50	50	70.71067811865476	50	100	0
chr4	1716740	1738168	Amillepora08726	19	2	0.10526315789473684	0.10526315789473684	10.526315789473685	0	31.53017676423058	7.233518641434491	100	0
chr4	1693467	1694444	Amillepora08720	1	0	0	0	0	0	NA	NA	0	0
chr4	1776813	1786996	Amillepora08732	15	0	0	0	0	0	0	0	0	0
chr4	1698066	1700430	Amillepora08722	5	0	0	0	0	0	0	0	0	0
chr4	1709419	1710444	Amillepora08724	3	0	0	0	0	0	0	0	0	0
chr4	1747338	1753918	Amillepora08728	3	2	0.6666666666666666	0.6666666666666666	66.66666666666667	100	57.735026918962575	33.333333333333336	100	0
chr4	1757335	1762481	Amillepora08730	4	0	0	0	0	0	0	0	0	0
chr4	1762896	1771241	Amillepora08731	3	0	0	0	0	0	0	0	0	0
chr4	1712046	1712893	Amillepora08725	1	0	0	0	0	0	NA	NA	0	0
chr4	1838785	1839952	Amillepora08738	4	0	0	0	0	0	0	0	0	0
chr4	1806376	1807104	Amillepora08736	5	0	0	0	0	0	0	0	0	0
chr4	1800706	1801578	Amillepora08735	2	0	0	0	0	0	0	0	0	0
chr4	1859409	1869392	Amillepora08740	2	1	0.5	0.5	50	50	70.71067811865476	50	100	0
chr4	1841271	1851006	Amillepora08739	26	2	0.07692307692307693	0.07692307692307693	7.6923076923076925	0	27.1746488194703	5.329387100211931	100	0
chr4	1875673	1879381	Amillepora08742	4	1	0.25	0.25	25	0	50	25	100	0
chr4	1811332	1822459	Amillepora08737	3	3	1	1	100	100	0	0	100	100
chr4	1791154	1793816	Amillepora08734	3	0	0	0	0	0	0	0	0	0
chr4	1918373	1919119	Amillepora08749	2	0	0	0	0	0	0	0	0	0
chr4	1897087	1898864	Amillepora08746	2	0	0	0	0	0	0	0	0	0
chr4	1950743	1955416	Amillepora08753	3	1	0.3333333333333333	0.3333333333333333	33.333333333333336	0	57.735026918962575	33.333333333333336	100	0
chr4	1921757	1934000	Amillepora08750	2	0	0	0	0	0	0	0	0	0
chr4	1964138	1973578	Amillepora08756	3	1	0.3333333333333333	0.3333333333333333	33.333333333333336	0	57.735026918962575	33.333333333333336	100	0
chr4	1879393	1885706	Amillepora08743	2	0	0	0	0	0	0	0	0	0
chr4	1899720	1917827	Amillepora08747	9	7	0.7777777777777778	0.7777777777777778	77.77777777777777	100	44.09585518440984	14.698618394803281	100	0
chr4	1939299	1945642	Amillepora08751	4	3	0.75	0.75	75	100	50	25	100	0
chr4	1893817	1896192	Amillepora08745	1	1	1	1	100	100	NA	NA	100	100
chr4	2006232	2015200	Amillepora08761	6	0	0	0	0	0	0	0	0	0
chr4	2065526	2082845	Amillepora08767	23	1	0.043478260869565216	0.043478260869565216	4.3478260869565215	0	20.851441405707472	4.347826086956522	100	0
chr4	2038897	2045363	Amillepora08764	2	1	0.5	0.5	50	50	70.71067811865476	50	100	0
chr4	1984946	2004298	Amillepora08758	8	4	0.5	0.5	50	50	53.45224838248488	18.89822365046136	100	0
chr4	1955846	1962786	Amillepora08754	1	1	1	1	100	100	NA	NA	100	100
chr4	2072981	2074720	Amillepora08768	4	0	0	0	0	0	0	0	0	0
chr4	2048666	2064258	Amillepora08765	2	0	0	0	0	0	0	0	0	0
chr4	2018833	2028760	Amillepora08762	3	1	0.3333333333333333	0.3333333333333333	33.333333333333336	0	57.735026918962575	33.333333333333336	100	0
chr4	1990794	1999234	Amillepora08759	4	4	1	1	100	100	0	0	100	100
chr4	2030552	2031717	Amillepora08763	2	0	0	0	0	0	0	0	0	0
chr4	2135691	2143351	Amillepora08771	1	0	0	0	0	0	NA	NA	0	0
chr4	2155307	2156318	Amillepora08772	1	0	0	0	0	0	NA	NA	0	0
chr4	2082842	2116803	Amillepora08769	33	2	0.06060606060606061	0.06060606060606061	6.0606060606060606	0	24.230584229877994	4.21800330517426	100	0
chr4	2121008	2133652	Amillepora08770	21	0	0	0	0	0	0	0	0	0
chr4	2215277	2216773	Amillepora08774	3	1	0.3333333333333333	0.3333333333333333	33.333333333333336	0	57.735026918962575	33.333333333333336	100	0
chr4	2245139	2259296	Amillepora08778	13	3	0.23076923076923078	0.23076923076923078	23.076923076923077	0	43.85290096535146	12.162606385262997	100	0
chr4	2230894	2235436	Amillepora08777	4	0	0	0	0	0	0	0	0	0
chr4	2227032	2230698	Amillepora08776	2	2	1	1	100	100	0	0	100	100
chr4	2218464	2226837	Amillepora08775	2	0	0	0	0	0	0	0	0	0
chr4	2262187	2273840	Amillepora08779	3	2	0.6666666666666666	0.6666666666666666	66.66666666666667	100	57.735026918962575	33.333333333333336	100	0
chr4	2363769	2369518	Amillepora08789	9	1	0.1111111111111111	0.1111111111111111	11.11111111111111	0	33.333333333333336	11.111111111111112	100	0
chr4	2291584	2313461	Amillepora08782	24	2	0.08333333333333333	0.08333333333333333	8.333333333333334	0	28.232985128664012	5.763033956734373	100	0
chr4	2375542	2384569	Amillepora08790	5	3	0.6	0.6	60	100	54.772255750516614	24.49489742783178	100	0
chr4	2336856	2344439	Amillepora08785	10	1	0.1	0.1	10	0	31.622776601683793	10	100	0
chr4	2351975	2356888	Amillepora08786	8	0	0	0	0	0	0	0	0	0
chr4	2313988	2315829	Amillepora08784	5	0	0	0	0	0	0	0	0	0
chr4	2387241	2402523	Amillepora08791	14	5	0.35714285714285715	0.35714285714285715	35.714285714285715	0	49.72451580988469	13.289435848843764	100	0
chr4	2458575	2466112	Amillepora08794	2	1	0.5	0.5	50	50	70.71067811865476	50	100	0
chr4	2420340	2455725	Amillepora08793	23	3	0.13043478260869565	0.13043478260869565	13.043478260869565	0	34.4350221575091	7.180198468215396	100	0
chr4	2404556	2416008	Amillepora08792	11	2	0.18181818181818182	0.18181818181818182	18.181818181818183	0	40.45199174779453	12.196734422726125	100	0
chr4	2496190	2500891	Amillepora08797	3	0	0	0	0	0	0	0	0	0
chr4	2492243	2494800	Amillepora08796	9	0	0	0	0	0	0	0	0	0
chr4	2490131	2492178	Amillepora08795	5	0	0	0	0	0	0	0	0	0
chr4	2528381	2533600	Amillepora08799	2	0	0	0	0	0	0	0	0	0
chr4	2532487	2544250	Amillepora08800	11	0	0	0	0	0	0	0	0	0
chr4	2509809	2521318	Amillepora08798	18	0	0	0	0	0	0	0	0	0
chr4	2587163	2589166	Amillepora08805	3	1	0.3333333333333333	0.3333333333333333	33.333333333333336	0	57.735026918962575	33.333333333333336	100	0
chr4	2610281	2619487	Amillepora08807	3	1	0.3333333333333333	0.3333333333333333	33.333333333333336	0	57.735026918962575	33.333333333333336	100	0
chr4	2578164	2585667	Amillepora08804	19	1	0.05263157894736842	0.05263157894736842	5.2631578947368425	0	22.94157338705618	5.263157894736841	100	0
chr4	2647269	2679893	Amillepora08811	19	7	0.3684210526315789	0.3684210526315789	36.8421052631579	0	49.55946277833521	11.369720523522561	100	0
chr4	2682320	2684493	Amillepora08815	3	0	0	0	0	0	0	0	0	0
chr4	2645105	2646574	Amillepora08810	2	0	0	0	0	0	0	0	0	0
chr4	2619819	2641735	Amillepora08808	9	2	0.2222222222222222	0.2222222222222222	22.22222222222222	0	44.09585518440984	14.698618394803281	100	0
chr4	2592441	2607293	Amillepora08806	10	1	0.1	0.1	10	0	31.622776601683793	10	100	0
chr4	2695372	2696772	Amillepora08816	5	0	0	0	0	0	0	0	0	0
chr4	2731145	2736602	Amillepora08819	9	0	0	0	0	0	0	0	0	0
chr4	2722550	2726328	Amillepora08818	14	0	0	0	0	0	0	0	0	0
chr4	2710619	2712713	Amillepora08817	3	0	0	0	0	0	0	0	0	0
chr4	2750072	2764521	Amillepora08820	15	1	0.06666666666666667	0.06666666666666667	6.666666666666667	0	25.819888974716115	6.666666666666666	100	0
chr4	2876734	2884650	Amillepora08831	19	1	0.05263157894736842	0.05	5.2631578947368425	0	22.94157338705618	5.263157894736841	100	0
chr4	2825008	2832538	Amillepora08827	5	0	0	0	0	0	0	0	0	0
chr4	2837023	2843368	Amillepora08828	4	0	0	0	0	0	0	0	0	0
chr4	2795469	2819365	Amillepora08824	37	3	0.08108108108108109	0.08108108108108109	8.108108108108109	0	27.672473069203022	4.549326548811747	100	0
chr4	2774773	2794531	Amillepora08822	11	8	0.7272727272727273	0.7272727272727273	72.72727272727273	100	46.70993664969138	14.083575804390607	100	0
chr4	2768551	2772947	Amillepora08821	4	0	0	0	0	0	0	0	0	0
chr4	2819894	2824930	Amillepora08825	7	0	0	0	0	0	0	0	0	0
chr4	2854586	2875940	Amillepora08830	19	3	0.15789473684210525	0.15789473684210525	15.789473684210526	0	37.46343246326776	8.5947008518708	100	0
chr4	2887046	2899046	Amillepora08832	4	3	0.75	0.75	75	100	50	25	100	0
chr4	2983887	2988010	Amillepora08843	9	0	0	0	0	0	0	0	0	0
chr4	2922945	2933265	Amillepora08836	4	0	0	0	0	0	0	0	0	0
chr4	2948524	2957897	Amillepora08840	1	0	0	0	0	0	NA	NA	0	0
chr4	2976261	2980404	Amillepora08842	3	0	0	0	0	0	0	0	0	0
chr4	2906914	2909054	Amillepora08834	3	0	0	0	0	0	0	0	0	0
chr4	2911261	2922863	Amillepora08835	15	1	0.06666666666666667	0.06666666666666667	6.666666666666667	0	25.81988897471612	6.666666666666666	100	0
chr4	2935057	2936872	Amillepora08838	5	0	0	0	0	0	0	0	0	0
chr4	2925813	2930353	Amillepora08837	3	0	0	0	0	0	0	0	0	0
chr4	3012198	3021454	Amillepora08846	15	0	0	0	0	0	0	0	0	0
chr4	3051005	3056683	Amillepora08852	2	0	0	0	0	0	0	0	0	0
chr4	3067872	3071414	Amillepora08855	19	0	0	0	0	0	0	0	0	0
chr4	3065318	3066778	Amillepora08853	1	0	0	0	0	0	NA	NA	0	0
chr4	3023954	3024646	Amillepora08847	2	0	0	0	0	0	0	0	0	0
chr4	3066815	3067756	Amillepora08854	1	0	0	0	0	0	NA	NA	0	0
chr4	3025113	3029160	Amillepora08848	11	0	0	0	0	0	0	0	0	0
chr4	2989058	3004325	Amillepora08844	11	2	0.18181818181818182	0.18181818181818182	18.181818181818183	0	40.45199174779453	12.196734422726125	100	0
chr4	3004730	3007687	Amillepora08845	10	0	0	0	0	0	0	0	0	0
chr4	3029172	3044486	Amillepora08850	10	0	0	0	0	0	0	0	0	0
chr4	3045267	3057902	Amillepora08851	4	0	0	0	0	0	0	0	0	0
chr4	3128184	3161627	Amillepora08857	51	3	0.058823529411764705	0.058823529411764705	5.882352941176471	0	23.76354103144018	3.3275613232308117	100	0
chr4	3074421	3117831	Amillepora08856	47	1	0.02127659574468085	0.02127659574468085	2.127659574468085	0	14.586499149789468	2.127659574468085	100	0
chr4	3226977	3227630	Amillepora08864	1	0	0	0	0	0	NA	NA	0	0
chr4	3247545	3257752	Amillepora08866	5	1	0.2	0.2	20	0	44.721359549995796	20	100	0
chr4	3202039	3216068	Amillepora08862	22	2	0.09090909090909091	0.09090909090909091	9.090909090909092	0	29.424494316824983	6.273323266748674	100	0
chr4	3166610	3191287	Amillepora08860	44	2	0.045454545454545456	0.045454545454545456	4.545454545454546	0	21.07070549414856	3.1765283723713993	100	0
chr4	3193460	3201995	Amillepora08861	21	2	0.09523809523809523	0.09523809523809523	9.523809523809524	0	30.07926037591192	6.563832739090582	100	0
chr4	3165130	3166326	Amillepora08859	7	0	0	0	0	0	0	0	0	0
chr4	3228843	3247584	Amillepora08865	14	2	0.14285714285714285	0.14285714285714285	14.285714285714286	0	36.31365196012815	9.705231721239393	100	0
chr4	3265369	3282656	Amillepora08868	5	2	0.4	0.4	40	0	54.772255750516614	24.49489742783178	100	0
chr4	3164396	3165108	Amillepora08858	1	0	0	0	0	0	NA	NA	0	0
chr4	3298853	3309955	Amillepora08870	4	0	0	0	0	0	0	0	0	0
chr4	3271904	3296753	Amillepora08869	41	3	0.07317073170731707	0.07317073170731707	7.317073170731708	0	26.365165488187458	4.117547077105886	100	0
chr4	3339956	3351015	Amillepora08875	12	2	0.16666666666666666	0.15384615384615385	16.666666666666668	0	38.92494720807614	11.236664374387368	100	0
chr4	3311366	3316889	Amillepora08871	9	0	0	0	0	0	0	0	0	0
chr4	3326127	3335071	Amillepora08873	3	1	0.3333333333333333	0.3333333333333333	33.333333333333336	0	57.735026918962575	33.333333333333336	100	0
chr4	3376227	3386225	Amillepora08879	15	0	0	0	0	0	0	0	0	0
chr4	3351040	3355028	Amillepora08877	6	1	0.16666666666666666	0.16666666666666666	16.666666666666668	0	40.82482904638629	16.66666666666667	100	0
chr4	3357566	3367841	Amillepora08878	16	0	0	0	0	0	0	0	0	0
chr4	3481928	3489532	Amillepora08889	12	0	0	0	0	0	0	0	0	0
chr4	3440966	3450861	Amillepora08885	10	0	0	0	0	0	0	0	0	0
chr4	3463938	3469008	Amillepora08887	15	1	0.06666666666666667	0.06666666666666667	6.666666666666667	0	25.81988897471612	6.666666666666666	100	0
chr4	3473741	3477379	Amillepora08888	5	0	0	0	0	0	0	0	0	0
chr4	3436055	3437232	Amillepora08884	3	0	0	0	0	0	0	0	0	0
chr4	3451508	3456405	Amillepora08886	10	1	0.1	0.1	10	0	31.622776601683793	10	100	0
chr4	3569299	3574160	Amillepora08900	12	0	0	0	0	0	0	0	0	0
chr4	3564312	3567992	Amillepora08899	10	0	0	0	0	0	0	0	0	0
chr4	3578760	3582780	Amillepora08901	3	0	0	0	0	0	0	0	0	0
chr4	3518592	3520748	Amillepora08891	1	0	0	0	0	0	NA	NA	0	0
chr4	3548670	3561801	Amillepora08895	15	0	0	0	0	0	0	0	0	0
chr4	3489986	3517098	Amillepora08890	28	0	0	0	0	0	0	0	0	0
chr4	3667789	3675416	Amillepora08909	21	1	0.047619047619047616	0.047619047619047616	4.761904761904762	0	21.821789023599244	4.761904761904762	100	0
chr4	3600876	3603114	Amillepora08903	3	0	0	0	0	0	0	0	0	0
chr4	3594808	3596868	Amillepora08902	4	0	0	0	0	0	0	0	0	0
chr4	3679902	3681290	Amillepora08910	5	0	0	0	0	0	0	0	0	0
chr4	3647436	3648651	Amillepora08908	4	0	0	0	0	0	0	0	0	0
chr4	3603510	3645159	Amillepora08904	40	1	0.025	0.025	2.5	0	15.811388300841896	2.5	100	0
chr4	3718530	3722729	Amillepora08917	1	1	1	1	100	100	NA	NA	100	100
chr4	3731917	3733629	Amillepora08919	1	0	0	0	0	0	NA	NA	0	0
chr4	3759466	3777597	Amillepora08923	14	2	0.14285714285714285	0.14285714285714285	14.285714285714286	0	36.31365196012815	9.705231721239393	100	0
chr4	3746490	3756333	Amillepora08921	3	1	0.3333333333333333	0.3333333333333333	33.333333333333336	0	57.735026918962575	33.333333333333336	100	0
chr4	3682586	3686682	Amillepora08911	1	1	1	1	100	100	NA	NA	100	100
chr4	3712128	3713780	Amillepora08916	4	1	0.25	0.25	25	0	50	25	100	0
chr4	3727761	3732063	Amillepora08918	3	1	0.3333333333333333	0.3333333333333333	33.333333333333336	0	57.735026918962575	33.333333333333336	100	0
chr4	3687633	3692167	Amillepora08912	3	1	0.3333333333333333	0.3333333333333333	33.333333333333336	0	57.735026918962575	33.333333333333336	100	0
chr4	3738015	3742561	Amillepora08920	13	0	0	0	0	0	0	0	0	0
chr4	4049258	4085954	Amillepora08928	52	2	0.038461538461538464	0.038461538461538464	3.8461538461538463	0	19.418390934515433	2.692846315438481	100	0
chr4	4127410	4133251	Amillepora08934	3	0	0	0	0	0	0	0	0	0
chr4	4166505	4176615	Amillepora08938	3	0	0	0	0	0	0	0	0	0
chr4	4114255	4116417	Amillepora08932	1	0	0	0	0	0	NA	NA	0	0
chr4	4162833	4166427	Amillepora08937	1	0	0	0	0	0	NA	NA	0	0
chr4	4118590	4124806	Amillepora08933	2	2	1	1	100	100	0	0	100	100
chr4	4102594	4106930	Amillepora08930	11	0	0	0	0	0	0	0	0	0
chr4	4140122	4145047	Amillepora08935	4	0	0	0	0	0	0	0	0	0
chr4	4098982	4100112	Amillepora08929	1	0	0	0	0	0	NA	NA	0	0
chr4	4251532	4256100	Amillepora08942	2	0	0	0	0	0	0	0	0	0
chr4	4274583	4281392	Amillepora08944	1	0	0	0	0	0	NA	NA	0	0
chr4	4226838	4228067	Amillepora08941	1	0	0	0	0	0	NA	NA	0	0
chr4	4415031	4421498	Amillepora08953	2	0	0	0	0	0	0	0	0	0
chr4	4384632	4397079	Amillepora08950	19	1	0.05263157894736842	0.05263157894736842	5.2631578947368425	0	22.941573387056177	5.263157894736841	100	0
chr4	4398957	4411953	Amillepora08951	15	3	0.2	0.2	20	0	41.403933560541255	10.690449676496975	100	0
chr4	4442391	4454999	Amillepora08955	13	2	0.15384615384615385	0.15384615384615385	15.384615384615385	0	37.553380809940535	10.415433852097385	100	0
chr4	4357294	4366184	Amillepora08947	2	0	0	0	0	0	0	0	0	0
chr4	4370890	4384587	Amillepora08948	2	2	1	1	100	100	0	0	100	100
chr4	4422635	4424962	Amillepora08954	8	0	0	0	0	0	0	0	0	0
chr4	4457847	4461302	Amillepora08956	4	1	0.25	0.25	25	0	50	25	100	0
chr4	4467451	4503850	Amillepora08957	60	1	0.016666666666666666	0.016666666666666666	1.6666666666666667	0	12.909944487358047	1.6666666666666665	100	0
chr4	4504373	4509907	Amillepora08959	11	2	0.18181818181818182	0.18181818181818182	18.181818181818183	0	40.45199174779453	12.196734422726125	100	0
chr4	4668428	4672395	Amillepora08963	7	0	0	0	0	0	0	0	0	0
chr4	4649676	4660584	Amillepora08961	2	2	1	1	100	100	0	0	100	100
chr4	4662924	4668184	Amillepora08962	12	0	0	0	0	0	0	0	0	0
chr4	4725637	4743120	Amillepora08970	7	3	0.42857142857142855	0.42857142857142855	42.857142857142854	0	53.452248382484875	20.203050891044217	100	0
chr4	4759787	4776206	Amillepora08974	8	0	0	0	0	0	0	0	0	0
chr4	4778164	4779216	Amillepora08975	1	0	0	0	0	0	NA	NA	0	0
chr4	4706149	4712249	Amillepora08968	8	2	0.25	0.25	25	0	46.29100498862757	16.366341767699428	100	0
chr4	4687731	4692046	Amillepora08966	7	1	0.14285714285714285	0.14285714285714285	14.285714285714286	0	37.79644730092272	14.285714285714285	100	0
chr4	4699905	4704421	Amillepora08967	3	2	0.6666666666666666	0.6666666666666666	66.66666666666667	100	57.73502691896258	33.333333333333336	100	0
chr4	4713595	4719560	Amillepora08969	1	0	0	0	0	0	NA	NA	0	0
chr4	4750426	4757052	Amillepora08972	2	0	0	0	0	0	0	0	0	0
chr4	4674240	4679273	Amillepora08964	1	0	0	0	0	0	NA	NA	0	0
chr4	4869708	4874167	Amillepora08987	3	0	0	0	0	0	0	0	0	0
chr4	4859367	4860607	Amillepora08986	2	0	0	0	0	0	0	0	0	0
chr4	4818290	4831128	Amillepora08983	3	0	0	0	0	0	0	0	0	0
chr4	4805505	4807786	Amillepora08981	1	0	0	0	0	0	NA	NA	0	0
chr4	4910489	4921646	Amillepora08991	1	0	0	0	0	0	NA	NA	0	0
chr4	4961752	4969389	Amillepora08998	1	0	0	0	0	0	NA	NA	0	0
chr4	4922743	4926732	Amillepora08993	1	1	1	1	100	100	NA	NA	100	100
chr4	4911370	4913728	Amillepora08992	1	0	0	0	0	0	NA	NA	0	0
chr4	5058085	5065851	Amillepora09009	14	2	0.14285714285714285	0.14285714285714285	14.285714285714286	0	36.313651960128155	9.705231721239393	100	0
chr4	5031917	5037297	Amillepora09007	1	1	1	1	100	100	NA	NA	100	100
chr4	5065548	5076799	Amillepora09010	5	3	0.6	0.6	60	100	54.772255750516614	24.49489742783178	100	0
chr4	5025702	5031468	Amillepora09006	3	2	0.6666666666666666	0.6666666666666666	66.66666666666667	100	57.73502691896258	33.333333333333336	100	0
chr4	5037108	5041094	Amillepora09008	2	1	0.5	0.5	50	50	70.71067811865476	50	100	0
chr4	4977031	4992796	Amillepora09000	1	1	1	1	100	100	NA	NA	100	100
chr4	5005923	5006759	Amillepora09002	4	1	0.25	0.25	25	0	50	25	100	0
chr4	5078459	5082242	Amillepora09012	1	0	0	0	0	0	NA	NA	0	0
chr4	5015256	5023544	Amillepora09004	13	1	0.07692307692307693	0.07692307692307693	7.6923076923076925	0	27.735009811261456	7.6923076923076925	100	0
chr4	5010617	5013678	Amillepora09003	7	0	0	0	0	0	0	0	0	0
chr4	5076789	5094600	Amillepora09011	8	3	0.375	0.375	37.5	0	51.75491695067657	18.298126367784995	100	0
chr4	5183282	5188737	Amillepora09021	10	0	0	0	0	0	0	0	0	0
chr4	5156992	5162741	Amillepora09018	17	0	0	0	0	0	0	0	0	0
chr4	5167819	5168526	Amillepora09019	3	0	0	0	0	0	0	0	0	0
chr4	5100869	5117695	Amillepora09013	18	1	0.05555555555555555	0.05555555555555555	5.555555555555555	0	23.570226039551578	5.555555555555556	100	0
chr4	5174929	5177195	Amillepora09020	2	0	0	0	0	0	0	0	0	0
chr4	5136856	5147294	Amillepora09017	4	2	0.5	0.5	50	50	57.735026918962575	28.867513459481287	100	0
chr4	5197235	5198596	Amillepora09023	4	0	0	0	0	0	0	0	0	0
chr4	5208621	5213284	Amillepora09024	14	0	0	0	0	0	0	0	0	0
chr4	5222018	5226949	Amillepora09026	12	0	0	0	0	0	0	0	0	0
chr4	5228186	5233934	Amillepora09027	3	0	0	0	0	0	0	0	0	0
chr4	5212802	5221502	Amillepora09025	2	0	0	0	0	0	0	0	0	0
chr4	5257225	5266599	Amillepora09029	7	0	0	0	0	0	0	0	0	0
chr4	5235288	5245469	Amillepora09028	12	3	0.25	0.25	25	0	45.22670168666454	13.055824196677337	100	0
chr4	5267658	5271160	Amillepora09030	5	0	0	0	0	0	0	0	0	0
chr4	5369849	5379443	Amillepora09037	1	0	0	0	0	0	NA	NA	0	0
chr4	5290745	5305520	Amillepora09032	23	1	0.043478260869565216	0.043478260869565216	4.3478260869565215	0	20.851441405707476	4.347826086956522	100	0
chr4	5367764	5368709	Amillepora09036	1	0	0	0	0	0	NA	NA	0	0
chr4	5355557	5366052	Amillepora09033	6	0	0	0	0	0	0	0	0	0
chr4	5273952	5286806	Amillepora09031	9	0	0	0	0	0	0	0	0	0
chr4	5391145	5400468	Amillepora09040	3	0	0	0	0	0	0	0	0	0
chr4	5384298	5390960	Amillepora09039	8	2	0.25	0.25	25	0	46.29100498862757	16.366341767699428	100	0
chr4	5411797	5423284	Amillepora09042	12	0	0	0	0	0	0	0	0	0
chr4	5405239	5406849	Amillepora09041	1	0	0	0	0	0	NA	NA	0	0
chr4	5519998	5520678	Amillepora09049	4	0	0	0	0	0	0	0	0	0
chr4	5517810	5518505	Amillepora09048	2	0	0	0	0	0	0	0	0	0
chr4	5481768	5490600	Amillepora09043	8	0	0	0	0	0	0	0	0	0
chr4	5538400	5539908	Amillepora09050	1	0	0	0	0	0	NA	NA	0	0
chr4	5541028	5546010	Amillepora09051	5	0	0	0	0	0	0	0	0	0
chr4	5554626	5563980	Amillepora09054	4	0	0	0	0	0	0	0	0	0
chr4	5568654	5572980	Amillepora09055	7	0	0	0	0	0	0	0	0	0
chr4	5546187	5552506	Amillepora09053	7	1	0.14285714285714285	0.14285714285714285	14.285714285714286	0	37.79644730092272	14.285714285714285	100	0
chr4	5503831	5505444	Amillepora09046	3	0	0	0	0	0	0	0	0	0
chr4	5506271	5511563	Amillepora09047	5	0	0	0	0	0	0	0	0	0
chr4	5492787	5500598	Amillepora09044	5	0	0	0	0	0	0	0	0	0
chr4	5671842	5676214	Amillepora09068	2	0	0	0	0	0	0	0	0	0
chr4	5585735	5615375	Amillepora09057	33	1	0.030303030303030304	0.030303030303030304	3.0303030303030303	0	17.40776559556976	3.03030303030303	100	0
chr4	5640475	5644356	Amillepora09064	5	0	0	0	0	0	0	0	0	0
chr4	5657637	5660938	Amillepora09066	2	0	0	0	0	0	0	0	0	0
chr4	5663485	5668922	Amillepora09067	8	0	0	0	0	0	0	0	0	0
chr4	5645150	5651584	Amillepora09065	11	0	0	0	0	0	0	0	0	0
chr4	5572464	5585481	Amillepora09056	8	0	0	0	0	0	0	0	0	0
chr4	5631158	5638295	Amillepora09063	11	0	0	0	0	0	0	0	0	0
chr4	5624503	5625828	Amillepora09062	5	0	0	0	0	0	0	0	0	0
chr4	5615322	5616435	Amillepora09061	11	1	0.09090909090909091	0.09090909090909091	9.090909090909092	0	30.151134457776354	9.09090909090909	100	0
chr4	5763459	5778357	Amillepora09075	26	1	0.038461538461538464	0.038461538461538464	3.8461538461538463	0	19.611613513818394	3.8461538461538467	100	0
chr4	5701106	5726193	Amillepora09070	5	0	0	0	0	0	0	0	0	0
chr4	5727184	5728698	Amillepora09071	8	0	0	0	0	0	0	0	0	0
chr4	5740438	5741922	Amillepora09072	5	0	0	0	0	0	0	0	0	0
chr4	5748872	5750287	Amillepora09074	6	0	0	0	0	0	0	0	0	0
chr4	5745142	5747055	Amillepora09073	1	0	0	0	0	0	NA	NA	0	0
chr4	5781384	5782097	Amillepora09076	2	0	0	0	0	0	0	0	0	0
chr4	5677245	5694698	Amillepora09069	13	0	0	0	0	0	0	0	0	0
chr4	5851104	5851547	Amillepora09084	1	0	0	0	0	0	NA	NA	0	0
chr4	5798877	5800979	Amillepora09078	2	2	1	1	100	100	0	0	100	100
chr4	5843301	5848961	Amillepora09083	3	2	0.6666666666666666	0.6666666666666666	66.66666666666667	100	57.73502691896258	33.333333333333336	100	0
chr4	5802595	5815161	Amillepora09079	9	6	0.6666666666666666	0.6666666666666666	66.66666666666667	100	49.99999999999999	16.666666666666668	100	0
chr4	5876837	5886242	Amillepora09089	11	3	0.2727272727272727	0.2727272727272727	27.272727272727273	0	46.70993664969137	14.083575804390607	100	0
chr4	5857519	5871213	Amillepora09086	27	1	0.037037037037037035	0.037037037037037035	3.7037037037037037	0	19.245008972987538	3.703703703703704	100	0
chr4	5828078	5831816	Amillepora09082	6	0	0	0	0	0	0	0	0	0
chr4	5783566	5798239	Amillepora09077	8	0	0	0	0	0	0	0	0	0
chr4	5872886	5876363	Amillepora09088	5	0	0	0	0	0	0	0	0	0
chr4	5927158	5932708	Amillepora09096	3	1	0.3333333333333333	0.3333333333333333	33.333333333333336	0	57.735026918962575	33.333333333333336	100	0
chr4	5887229	5889540	Amillepora09090	4	2	0.5	0.5	50	50	57.735026918962575	28.867513459481287	100	0
chr4	5896557	5901930	Amillepora09092	3	0	0	0	0	0	0	0	0	0
chr4	5933599	5947767	Amillepora09097	5	4	0.8	0.8	80	100	44.721359549995796	20	100	0
chr4	5902386	5909884	Amillepora09093	1	1	1	1	100	100	NA	NA	100	100
chr4	5968505	5985403	Amillepora09101	19	1	0.05263157894736842	0.05263157894736842	5.2631578947368425	0	22.94157338705618	5.263157894736841	100	0
chr4	5922658	5927020	Amillepora09095	3	1	0.3333333333333333	0.3333333333333333	33.333333333333336	0	57.735026918962575	33.333333333333336	100	0
chr4	5910680	5917827	Amillepora09094	2	1	0.5	0.5	50	50	70.71067811865476	50	100	0
chr4	5954067	5962114	Amillepora09100	1	0	0	0	0	0	NA	NA	0	0
chr4	5989352	6005020	Amillepora09102	14	1	0.07142857142857142	0.07142857142857142	7.142857142857143	0	26.726124191242445	7.142857142857143	100	0
chr4	6019066	6019915	Amillepora09107	3	0	0	0	0	0	0	0	0	0
chr4	6047731	6050141	Amillepora09111	2	0	0	0	0	0	0	0	0	0
chr4	6012513	6017047	Amillepora09106	2	0	0	0	0	0	0	0	0	0
chr4	6042616	6045415	Amillepora09110	3	0	0	0	0	0	0	0	0	0
chr4	6025280	6035522	Amillepora09108	9	0	0	0	0	0	0	0	0	0
chr4	6060148	6069138	Amillepora09115	9	0	0	0	0	0	0	0	0	0
chr4	6010212	6010880	Amillepora09105	1	0	0	0	0	0	NA	NA	0	0
chr4	6006875	6007297	Amillepora09104	2	0	0	0	0	0	0	0	0	0
chr4	6071943	6079454	Amillepora09118	2	2	1	1	100	100	0	0	100	100
chr4	6103873	6115193	Amillepora09122	14	1	0.07142857142857142	0.07142857142857142	7.142857142857143	0	26.72612419124244	7.142857142857143	100	0
chr4	6147214	6148227	Amillepora09125	2	0	0	0	0	0	0	0	0	0
chr4	6139447	6140874	Amillepora09124	1	0	0	0	0	0	NA	NA	0	0
chr4	6080443	6100945	Amillepora09119	5	3	0.6	0.6	60	100	54.772255750516614	24.49489742783178	100	0
chr4	6067693	6071801	Amillepora09117	4	0	0	0	0	0	0	0	0	0
chr4	6062362	6066253	Amillepora09116	4	0	0	0	0	0	0	0	0	0
chr4	6050318	6055834	Amillepora09112	11	1	0.09090909090909091	0.09090909090909091	9.090909090909092	0	30.15113445777636	9.09090909090909	100	0
chr4	6057876	6059756	Amillepora09114	3	0	0	0	0	0	0	0	0	0
chr4	6262877	6272459	Amillepora09137	6	2	0.3333333333333333	0.3333333333333333	33.333333333333336	0	51.63977794943222	21.081851067789195	100	0
chr4	6224343	6226991	Amillepora09132	1	0	0	0	0	0	NA	NA	0	0
chr4	6238253	6239554	Amillepora09134	4	0	0	0	0	0	0	0	0	0
chr4	6170202	6192628	Amillepora09127	29	1	0.034482758620689655	0.034482758620689655	3.4482758620689653	0	18.56953381770519	3.4482758620689653	100	0
chr4	6166962	6168191	Amillepora09126	2	0	0	0	0	0	0	0	0	0
chr4	6246971	6248173	Amillepora09135	5	0	0	0	0	0	0	0	0	0
chr4	6197523	6205550	Amillepora09128	5	3	0.6	0.6	60	100	54.772255750516614	24.49489742783178	100	0
chr4	6209498	6224295	Amillepora09130	17	2	0.11764705882352941	0.11764705882352941	11.764705882352942	0	33.21055820775357	8.05474349272303	100	0
chr4	6253275	6261143	Amillepora09136	5	3	0.6	0.6	60	100	54.772255750516614	24.49489742783178	100	0
chr4	6277407	6283057	Amillepora09138	3	0	0	0	0	0	0	0	0	0
chr4	6367780	6379370	Amillepora09147	12	1	0.08333333333333333	0.08333333333333333	8.333333333333334	0	28.867513459481295	8.333333333333334	100	0
chr4	6344191	6351372	Amillepora09145	7	0	0	0	0	0	0	0	0	0
chr4	6331177	6338999	Amillepora09143	8	3	0.375	0.375	37.5	0	51.75491695067657	18.298126367784995	100	0
chr4	6314761	6321804	Amillepora09142	7	4	0.5714285714285714	0.5714285714285714	57.142857142857146	100	53.45224838248488	20.203050891044217	100	0
chr4	6463585	6468082	Amillepora09154	1	0	0	0	0	0	NA	NA	0	0
chr4	6396733	6435024	Amillepora09148	63	1	0.015873015873015872	0.015873015873015872	1.5873015873015872	0	12.598815766974226	1.5873015873015872	100	0
chr4	6436388	6441342	Amillepora09150	2	0	0	0	0	0	0	0	0	0
chr4	6451606	6457487	Amillepora09152	14	0	0	0	0	0	0	0	0	0
chr4	6443008	6450169	Amillepora09151	13	0	0	0	0	0	0	0	0	0
chr4	6458091	6463390	Amillepora09153	4	2	0.5	0.5	50	50	57.735026918962575	28.867513459481287	100	0
chr4	6498477	6505405	Amillepora09159	9	2	0.2222222222222222	0.2222222222222222	22.22222222222222	0	44.09585518440984	14.698618394803281	100	0
chr4	6486495	6492392	Amillepora09157	1	0	0	0	0	0	NA	NA	0	0
chr4	6509468	6524803	Amillepora09160	16	2	0.125	0.125	12.5	0	34.15650255319866	8.539125638299666	100	0
chr4	6492918	6498336	Amillepora09158	3	2	0.6666666666666666	0.6666666666666666	66.66666666666667	100	57.735026918962575	33.333333333333336	100	0
chr4	6467740	6483841	Amillepora09155	7	1	0.14285714285714285	0.14285714285714285	14.285714285714286	0	37.79644730092272	14.285714285714285	100	0
chr4	6524968	6536077	Amillepora09162	14	0	0	0	0	0	0	0	0	0
chr4	6540326	6578798	Amillepora09163	9	0	0	0	0	0	0	0	0	0
chr4	6629122	6674264	Amillepora09165	8	0	0	0	0	0	0	0	0	0
chr4	6720473	6755836	Amillepora09167	4	0	0	0	0	0	0	0	0	0
chr4	6859025	6861364	Amillepora09173	12	0	0	0	0	0	0	0	0	0
chr4	6799067	6806466	Amillepora09171	5	4	0.8	0.8	80	100	44.721359549995796	20	100	0
chr4	6809454	6830220	Amillepora09172	26	1	0.038461538461538464	0.038461538461538464	3.8461538461538463	0	19.611613513818398	3.8461538461538467	100	0
chr4	6954027	6962615	Amillepora09181	8	0	0	0	0	0	0	0	0	0
chr4	6920429	6923489	Amillepora09179	4	0	0	0	0	0	0	0	0	0
chr4	6863657	6918019	Amillepora09174	35	10	0.2857142857142857	0.2857142857142857	28.571428571428573	0	45.83492485141057	7.7475163506662925	100	0
chr4	6864550	6875494	Amillepora09175	7	4	0.5714285714285714	0.5714285714285714	57.142857142857146	100	53.45224838248488	20.203050891044217	100	0
chr4	7018481	7028064	Amillepora09185	4	2	0.5	0.5	50	50	57.735026918962575	28.867513459481287	100	0
chr4	7044044	7047027	Amillepora09187	2	1	0.5	0.5	50	50	70.71067811865476	50	100	0
chr4	7001857	7015982	Amillepora09183	25	1	0.04	0.04	4	0	20	4	100	0
chr4	7053392	7076372	Amillepora09189	27	1	0.037037037037037035	0.037037037037037035	3.7037037037037037	0	19.245008972987534	3.703703703703704	100	0
chr4	7030679	7042935	Amillepora09186	8	1	0.125	0.125	12.5	0	35.35533905932738	12.5	100	0
chr4	7047748	7053721	Amillepora09188	3	3	1	1	100	100	0	0	100	100
chr4	7008361	7009119	Amillepora09184	2	0	0	0	0	0	0	0	0	0
chr4	7130163	7140666	Amillepora09195	8	0	0	0	0	0	0	0	0	0
chr4	7141414	7188185	Amillepora09196	79	1	0.012658227848101266	0.0125	1.2658227848101267	0	11.250879009260236	1.2658227848101267	100	0
chr4	7123309	7123953	Amillepora09194	1	0	0	0	0	0	NA	NA	0	0
chr4	7113422	7114000	Amillepora09193	1	0	0	0	0	0	NA	NA	0	0
chr4	7098571	7100511	Amillepora09191	1	0	0	0	0	0	NA	NA	0	0
chr4	7092523	7095243	Amillepora09190	2	0	0	0	0	0	0	0	0	0
chr4	7197060	7199962	Amillepora09198	1	0	0	0	0	0	NA	NA	0	0
chr4	7235248	7235670	Amillepora09203	1	0	0	0	0	0	NA	NA	0	0
chr4	7270516	7276125	Amillepora09205	1	0	0	0	0	0	NA	NA	0	0
chr4	7231823	7245642	Amillepora09202	4	0	0	0	0	0	0	0	0	0
chr4	7303328	7308573	Amillepora09209	1	0	0	0	0	0	NA	NA	0	0
chr4	7282094	7298030	Amillepora09207	12	8	0.6666666666666666	0.6666666666666666	66.66666666666667	100	49.23659639173309	14.213381090374028	100	0
chr4	7279054	7282422	Amillepora09206	9	0	0	0	0	0	0	0	0	0
chr4	7415075	7420022	Amillepora09214	2	0	0	0	0	0	0	0	0	0
chr4	7387531	7402007	Amillepora09211	4	2	0.5	0.5	50	50	57.735026918962575	28.867513459481287	100	0
chr4	7355779	7359949	Amillepora09210	8	1	0.125	0.125	12.5	0	35.35533905932738	12.5	100	0
chr4	7403195	7406617	Amillepora09212	1	1	1	1	100	100	NA	NA	100	100
chr4	7407589	7412261	Amillepora09213	1	0	0	0	0	0	NA	NA	0	0
chr4	7427007	7427990	Amillepora09219	1	0	0	0	0	0	NA	NA	0	0
chr4	7461488	7466499	Amillepora09222	3	0	0	0	0	0	0	0	0	0
chr4	7536990	7541940	Amillepora09229	2	2	1	1	100	100	0	0	100	100
chr4	7493152	7497293	Amillepora09225	2	1	0.5	0.5	50	50	70.71067811865476	50	100	0
chr4	7504075	7508047	Amillepora09226	1	1	1	1	100	100	NA	NA	100	100
chr4	7583533	7587881	Amillepora09231	2	0	0	0	0	0	0	0	0	0
chr4	7549046	7569078	Amillepora09230	16	2	0.125	0.125	12.5	0	34.15650255319866	8.539125638299666	100	0
chr4	7688263	7688790	Amillepora09244	1	0	0	0	0	0	NA	NA	0	0
chr4	7611666	7612775	Amillepora09235	2	0	0	0	0	0	0	0	0	0
chr4	7646657	7661168	Amillepora09241	13	0	0	0	0	0	0	0	0	0
chr4	7622997	7625083	Amillepora09238	2	0	0	0	0	0	0	0	0	0
chr4	7643464	7644580	Amillepora09240	1	0	0	0	0	0	NA	NA	0	0
chr4	7675270	7680037	Amillepora09243	3	0	0	0	0	0	0	0	0	0
chr4	7716279	7722485	Amillepora09248	1	0	0	0	0	0	NA	NA	0	0
chr4	7783662	7812061	Amillepora09252	11	2	0.18181818181818182	0.18181818181818182	18.181818181818183	0	40.45199174779452	12.196734422726125	100	0
chr4	7780620	7783951	Amillepora09251	1	0	0	0	0	0	NA	NA	0	0
chr4	7864402	7867654	Amillepora09256	4	0	0	0	0	0	0	0	0	0
chr4	7869064	7891655	Amillepora09257	18	2	0.1111111111111111	0.1111111111111111	11.11111111111111	0	32.33808333817771	7.622159339667059	100	0
chr4	7952324	7958510	Amillepora09260	5	0	0	0	0	0	0	0	0	0
chr4	7958680	7963158	Amillepora09261	6	0	0	0	0	0	0	0	0	0
chr4	8059671	8060765	Amillepora09275	2	1	0.5	0.5	50	50	70.71067811865476	50	100	0
chr4	8023147	8031673	Amillepora09269	9	5	0.5555555555555556	0.5555555555555556	55.55555555555556	100	52.70462766947299	17.568209223157663	100	0
chr4	8040376	8041089	Amillepora09271	2	1	0.5	0.5	50	50	70.71067811865476	50	100	0
chr4	8041114	8043090	Amillepora09272	7	4	0.5714285714285714	0.5714285714285714	57.142857142857146	100	53.45224838248488	20.203050891044217	100	0
chr4	8019743	8023079	Amillepora09268	2	0	0	0	0	0	0	0	0	0
chr4	8002838	8022022	Amillepora09267	19	0	0	0	0	0	0	0	0	0
chr4	7994778	7995607	Amillepora09265	2	0	0	0	0	0	0	0	0	0
chr4	8026569	8028323	Amillepora09270	4	4	1	1	100	100	0	0	100	100
chr4	8114260	8114737	Amillepora09277	1	1	1	1	100	100	NA	NA	100	100
chr4	8268402	8287867	Amillepora09288	14	0	0	0	0	0	0	0	0	0
chr4	8130801	8170218	Amillepora09278	16	13	0.8125	0.8125	81.25	100	40.311288741492746	10.077822185373186	100	0
chr4	8239110	8246292	Amillepora09286	2	0	0	0	0	0	0	0	0	0
chr4	8230436	8232385	Amillepora09285	1	0	0	0	0	0	NA	NA	0	0
chr4	8374993	8376504	Amillepora09295	1	1	1	1	100	100	NA	NA	100	100
chr4	8301457	8303772	Amillepora09290	2	0	0	0	0	0	0	0	0	0
chr4	8378795	8384133	Amillepora09296	7	3	0.42857142857142855	0.42857142857142855	42.857142857142854	0	53.45224838248488	20.203050891044217	100	0
chr4	8438393	8444301	Amillepora09299	3	1	0.3333333333333333	0.3333333333333333	33.333333333333336	0	57.735026918962575	33.333333333333336	100	0
chr4	8479821	8481527	Amillepora09303	2	0	0	0	0	0	0	0	0	0
chr4	8416559	8418185	Amillepora09297	1	0	0	0	0	0	NA	NA	0	0
chr4	8490558	8493951	Amillepora09306	6	0	0	0	0	0	0	0	0	0
chr4	8558571	8572274	Amillepora09315	8	5	0.625	0.625	62.5	100	51.75491695067657	18.298126367784995	100	0
chr4	8499069	8502543	Amillepora09308	1	0	0	0	0	0	NA	NA	0	0
chr4	8507879	8512968	Amillepora09310	7	0	0	0	0	0	0	0	0	0
chr4	8538009	8545945	Amillepora09314	5	0	0	0	0	0	0	0	0	0
chr4	8506633	8507510	Amillepora09309	4	0	0	0	0	0	0	0	0	0
chr4	8536082	8536776	Amillepora09313	1	0	0	0	0	0	NA	NA	0	0
chr4	8602972	8632513	Amillepora09316	20	1	0.05	0.05	5	0	22.360679774997898	5	100	0
chr4	8641238	8665580	Amillepora09318	8	2	0.25	0.25	25	0	46.29100498862757	16.366341767699428	100	0
chr4	8735072	8736563	Amillepora09325	2	0	0	0	0	0	0	0	0	0
chr4	8701106	8717086	Amillepora09322	7	1	0.14285714285714285	0.14285714285714285	14.285714285714286	0	37.79644730092272	14.285714285714285	100	0
chr4	8717443	8722317	Amillepora09323	1	0	0	0	0	0	NA	NA	0	0
chr4	8683007	8694145	Amillepora09320	4	4	1	1	100	100	0	0	100	100
chr4	8676653	8679897	Amillepora09319	8	2	0.25	0.25	25	0	46.29100498862757	16.366341767699428	100	0
chr4	8835730	8862777	Amillepora09334	14	4	0.2857142857142857	0.2857142857142857	28.571428571428573	0	46.88072309384955	12.529400275814705	100	0
chr4	8793354	8798584	Amillepora09329	6	0	0	0	0	0	0	0	0	0
chr4	8757385	8767222	Amillepora09327	3	0	0	0	0	0	0	0	0	0
chr4	8824260	8840461	Amillepora09333	3	1	0.3333333333333333	0.3333333333333333	33.333333333333336	0	57.735026918962575	33.333333333333336	100	0
chr4	8810222	8813167	Amillepora09332	2	0	0	0	0	0	0	0	0	0
chr4	8802049	8802386	Amillepora09330	2	0	0	0	0	0	0	0	0	0
chr4	8919698	8945767	Amillepora09344	13	8	0.6153846153846154	0.6153846153846154	61.53846153846154	100	50.63696835418334	14.044168141158107	100	0
chr4	8909655	8916547	Amillepora09342	2	2	1	1	100	100	0	0	100	100
chr4	8971533	8972112	Amillepora09347	1	0	0	0	0	0	NA	NA	0	0
chr4	9139132	9142988	Amillepora09354	9	1	0.1111111111111111	0.1111111111111111	11.11111111111111	0	33.333333333333336	11.111111111111112	100	0
chr4	9095651	9104580	Amillepora09352	10	0	0	0	0	0	0	0	0	0
chr4	9089144	9089875	Amillepora09351	1	0	0	0	0	0	NA	NA	0	0
chr4	9083085	9089018	Amillepora09350	6	0	0	0	0	0	0	0	0	0
chr4	9254279	9259494	Amillepora09370	1	1	1	1	100	100	NA	NA	100	100
chr4	9371959	9372699	Amillepora09376	3	0	0	0	0	0	0	0	0	0
chr4	9365181	9366209	Amillepora09375	1	1	1	1	100	100	NA	NA	100	100
chr4	9312874	9319647	Amillepora09373	2	0	0	0	0	0	0	0	0	0
chr4	9452178	9462189	Amillepora09384	10	2	0.2	0.2	20	0	42.16370213557839	13.333333333333332	100	0
chr4	9469076	9469888	Amillepora09386	1	0	0	0	0	0	NA	NA	0	0
chr4	9448178	9449644	Amillepora09383	1	0	0	0	0	0	NA	NA	0	0
chr4	9479198	9488896	Amillepora09387	4	0	0	0	0	0	0	0	0	0
chr4	9397698	9398367	Amillepora09379	1	0	0	0	0	0	NA	NA	0	0
chr4	9522318	9528457	Amillepora09390	6	0	0	0	0	0	0	0	0	0
chr4	9549588	9551475	Amillepora09396	1	0	0	0	0	0	NA	NA	0	0
chr4	9582774	9583700	Amillepora09399	2	0	0	0	0	0	0	0	0	0
chr4	9539872	9546996	Amillepora09395	3	2	0.6666666666666666	0.6666666666666666	66.66666666666667	100	57.73502691896258	33.333333333333336	100	0
chr4	9568802	9573143	Amillepora09398	2	0	0	0	0	0	0	0	0	0
chr4	9509364	9513312	Amillepora09389	2	0	0	0	0	0	0	0	0	0
chr4	9599730	9605765	Amillepora09401	7	0	0	0	0	0	0	0	0	0
chr4	9645561	9650246	Amillepora09406	5	0	0	0	0	0	0	0	0	0
chr4	9666278	9677496	Amillepora09408	13	0	0	0	0	0	0	0	0	0
chr4	9656458	9658958	Amillepora09407	3	0	0	0	0	0	0	0	0	0
chr4	9587218	9592822	Amillepora09400	7	1	0.14285714285714285	0.14285714285714285	14.285714285714286	0	37.79644730092272	14.285714285714285	100	0
chr4	9736418	9741066	Amillepora09415	5	0	0	0	0	0	0	0	0	0
chr4	9742767	9751391	Amillepora09416	8	0	0	0	0	0	0	0	0	0
chr4	9733885	9734688	Amillepora09414	4	0	0	0	0	0	0	0	0	0
chr4	9689647	9698415	Amillepora09409	3	2	0.6666666666666666	0.6666666666666666	66.66666666666667	100	57.73502691896258	33.333333333333336	100	0
chr4	9699195	9705294	Amillepora09410	4	1	0.25	0.25	25	0	50	25	100	0
chr4	9717379	9722872	Amillepora09413	5	0	0	0	0	0	0	0	0	0
chr4	9838028	9842545	Amillepora09424	1	0	0	0	0	0	NA	NA	0	0
chr4	9760418	9801073	Amillepora09417	58	1	0.017241379310344827	0.017241379310344827	1.7241379310344827	0	13.130643285972257	1.7241379310344829	100	0
chr4	9847475	9878205	Amillepora09426	43	0	0	0	0	0	0	0	0	0
chr4	9808029	9813637	Amillepora09419	6	0	0	0	0	0	0	0	0	0
chr4	9833144	9834851	Amillepora09423	2	0	0	0	0	0	0	0	0	0
chr4	9820801	9831824	Amillepora09420	13	0	0	0	0	0	0	0	0	0
chr4	9831863	9832312	Amillepora09422	1	0	0	0	0	0	NA	NA	0	0
chr4	9889464	9891914	Amillepora09428	6	0	0	0	0	0	0	0	0	0
chr4	9899796	9903437	Amillepora09429	2	0	0	0	0	0	0	0	0	0
chr4	9911361	9920793	Amillepora09431	5	0	0	0	0	0	0	0	0	0
chr4	10042100	10064082	Amillepora09434	1	0	0	0	0	0	NA	NA	0	0
chr4	10096865	10099142	Amillepora09438	1	0	0	0	0	0	NA	NA	0	0
chr4	10107021	10107940	Amillepora09439	1	0	0	0	0	0	NA	NA	0	0
chr4	10246567	10277274	Amillepora09453	5	1	0.2	0.2	20	0	44.721359549995796	20	100	0
chr4	10188299	10197894	Amillepora09445	4	1	0.25	0.25	25	0	50	25	100	0
chr4	10231229	10235121	Amillepora09450	2	0	0	0	0	0	0	0	0	0
chr4	10362600	10368461	Amillepora09462	1	0	0	0	0	0	NA	NA	0	0
chr4	10330555	10364779	Amillepora09461	6	1	0.16666666666666666	0.16666666666666666	16.666666666666668	0	40.8248290463863	16.66666666666667	100	0
chr4	10280004	10281854	Amillepora09454	4	0	0	0	0	0	0	0	0	0
chr4	10403529	10409041	Amillepora09467	4	0	0	0	0	0	0	0	0	0
chr4	10426042	10445063	Amillepora09470	4	0	0	0	0	0	0	0	0	0
chr4	10419057	10422952	Amillepora09469	2	1	0.5	0.5	50	50	70.71067811865476	50	100	0
chr4	10395935	10399012	Amillepora09466	3	0	0	0	0	0	0	0	0	0
chr4	10410992	10413190	Amillepora09468	1	0	0	0	0	0	NA	NA	0	0
chr4	10530375	10544298	Amillepora09471	4	0	0	0	0	0	0	0	0	0
chr4	10560946	10564586	Amillepora09472	1	0	0	0	0	0	NA	NA	0	0
chr4	10671520	10681030	Amillepora09477	10	4	0.4	0.4	40	0	51.63977794943222	16.329931618554518	100	0
chr4	10568881	10600384	Amillepora09473	8	0	0	0	0	0	0	0	0	0
chr4	10621370	10626454	Amillepora09474	8	1	0.125	0.125	12.5	0	35.35533905932738	12.5	100	0
chr4	10643042	10651344	Amillepora09475	6	3	0.5	0.5	50	50	54.772255750516614	22.3606797749979	100	0
chr4	10660274	10669819	Amillepora09476	5	2	0.4	0.4	40	0	54.772255750516614	24.49489742783178	100	0
chr4	10717090	10731533	Amillepora09480	31	0	0	0	0	0	0	0	0	0
chr4	10766299	10776390	Amillepora09486	5	2	0.4	0.4	40	0	54.772255750516614	24.49489742783178	100	0
chr4	10736441	10741238	Amillepora09482	5	0	0	0	0	0	0	0	0	0
chr4	10777476	10788055	Amillepora09488	11	1	0.09090909090909091	0.09090909090909091	9.090909090909092	0	30.151134457776358	9.09090909090909	100	0
chr4	10777096	10783675	Amillepora09487	4	1	0.25	0.25	25	0	50	25	100	0
chr4	10705892	10711492	Amillepora09479	4	0	0	0	0	0	0	0	0	0
chr4	10683856	10700992	Amillepora09478	24	0	0	0	0	0	0	0	0	0
chr4	10747442	10749488	Amillepora09483	3	0	0	0	0	0	0	0	0	0
chr4	10756610	10759366	Amillepora09484	1	0	0	0	0	0	NA	NA	0	0
chr4	10862624	10868111	Amillepora09492	2	0	0	0	0	0	0	0	0	0
chr4	10790394	10799431	Amillepora09489	9	0	0	0	0	0	0	0	0	0
chr4	10821099	10838456	Amillepora09491	22	0	0	0	0	0	0	0	0	0
chr4	10803370	10819887	Amillepora09490	6	1	0.16666666666666666	0.16666666666666666	16.666666666666668	0	40.82482904638629	16.66666666666667	100	0
chr4	10962812	10980195	Amillepora09497	22	0	0	0	0	0	0	0	0	0
chr4	10955128	10960698	Amillepora09496	2	0	0	0	0	0	0	0	0	0
chr4	10937269	10944810	Amillepora09495	16	0	0	0	0	0	0	0	0	0
chr4	10906551	10921789	Amillepora09493	14	0	0	0	0	0	0	0	0	0
chr4	10987357	11009385	Amillepora09498	29	1	0.034482758620689655	0.034482758620689655	3.4482758620689653	0	18.569533817705185	3.4482758620689653	100	0
chr4	11009541	11019672	Amillepora09499	10	1	0.1	0.1	10	0	31.622776601683793	10	100	0
chr4	11038644	11053561	Amillepora09500	12	0	0	0	0	0	0	0	0	0
chr4	11053838	11064390	Amillepora09502	1	0	0	0	0	0	NA	NA	0	0
chr4	11122490	11126200	Amillepora09511	2	1	0.5	0.5	50	50	70.71067811865476	50	100	0
chr4	11087273	11091958	Amillepora09506	4	0	0	0	0	0	0	0	0	0
chr4	11102171	11106517	Amillepora09508	1	0	0	0	0	0	NA	NA	0	0
chr4	11121209	11122470	Amillepora09510	4	0	0	0	0	0	0	0	0	0
chr4	11202855	11203139	Amillepora09517	1	0	0	0	0	0	NA	NA	0	0
chr4	11203199	11205762	Amillepora09518	7	0	0	0	0	0	0	0	0	0
chr4	11144733	11205755	Amillepora09512	31	0	0	0	0	0	0	0	0	0
chr4	11294367	11306269	Amillepora09522	7	6	0.8571428571428571	0.8571428571428571	85.71428571428571	100	37.79644730092272	14.285714285714285	100	0
chr4	11330282	11333701	Amillepora09525	8	5	0.625	0.625	62.5	100	51.75491695067657	18.298126367784995	100	0
chr4	11324693	11327426	Amillepora09524	5	0	0	0	0	0	0	0	0	0
chr4	11366278	11373207	Amillepora09529	8	0	0	0	0	0	0	0	0	0
chr4	11358077	11359504	Amillepora09528	2	0	0	0	0	0	0	0	0	0
chr4	11346697	11349840	Amillepora09527	5	0	0	0	0	0	0	0	0	0
chr4	11307723	11313605	Amillepora09523	1	0	0	0	0	0	NA	NA	0	0
chr4	11223110	11294254	Amillepora09519	35	2	0.05714285714285714	0.05714285714285714	5.714285714285714	0	23.550410797680275	3.980745977252777	100	0
chr4	11334733	11338872	Amillepora09526	3	0	0	0	0	0	0	0	0	0
chr4	11448860	11455651	Amillepora09535	10	0	0	0	0	0	0	0	0	0
chr4	11466528	11478842	Amillepora09536	5	0	0	0	0	0	0	0	0	0
chr4	11416632	11433286	Amillepora09533	16	1	0.0625	0.0625	6.25	0	25	6.25	100	0
chr4	11396730	11400609	Amillepora09531	6	0	0	0	0	0	0	0	0	0
chr4	11384262	11388507	Amillepora09530	3	0	0	0	0	0	0	0	0	0
chr4	11433350	11440954	Amillepora09534	3	0	0	0	0	0	0	0	0	0
chr4	11486562	11487794	Amillepora09538	2	0	0	0	0	0	0	0	0	0
chr4	11501273	11502268	Amillepora09540	2	0	0	0	0	0	0	0	0	0
chr4	11509954	11511022	Amillepora09543	1	0	0	0	0	0	NA	NA	0	0
chr4	11494040	11499307	Amillepora09539	2	0	0	0	0	0	0	0	0	0
chr4	11531725	11536305	Amillepora09546	1	0	0	0	0	0	NA	NA	0	0
chr4	11507852	11509910	Amillepora09542	1	0	0	0	0	0	NA	NA	0	0
chr4	11574435	11601876	Amillepora09549	22	0	0	0	0	0	0	0	0	0
chr4	11607899	11613432	Amillepora09550	10	0	0	0	0	0	0	0	0	0
chr4	11554477	11558595	Amillepora09547	2	1	0.5	0.5	50	50	70.71067811865476	50	100	0
chr4	11638674	11649029	Amillepora09555	12	0	0	0	0	0	0	0	0	0
chr4	11621071	11627903	Amillepora09553	9	0	0	0	0	0	0	0	0	0
chr4	11628577	11636934	Amillepora09554	7	0	0	0	0	0	0	0	0	0
chr4	11618976	11620933	Amillepora09552	1	0	0	0	0	0	NA	NA	0	0
chr4	11615858	11616959	Amillepora09551	2	0	0	0	0	0	0	0	0	0
chr4	11689327	11716677	Amillepora09557	32	0	0	0	0	0	0	0	0	0
chr4	11671903	11679716	Amillepora09556	6	0	0	0	0	0	0	0	0	0
chr4	11729627	11744067	Amillepora09558	6	0	0	0	0	0	0	0	0	0
chr4	11803894	11814506	Amillepora09562	6	0	0	0	0	0	0	0	0	0
chr4	11794529	11802774	Amillepora09561	5	3	0.6	0.6	60	100	54.772255750516614	24.49489742783178	100	0
chr4	11815529	11836551	Amillepora09563	17	1	0.058823529411764705	0.058823529411764705	5.882352941176471	0	24.253562503633294	5.88235294117647	100	0
chr4	11914908	11923593	Amillepora09573	1	0	0	0	0	0	NA	NA	0	0
chr4	11903430	11908760	Amillepora09570	10	0	0	0	0	0	0	0	0	0
chr4	11912682	11914256	Amillepora09572	2	0	0	0	0	0	0	0	0	0
chr4	11873032	11889262	Amillepora09568	7	0	0	0	0	0	0	0	0	0
chr4	11910364	11911473	Amillepora09571	3	0	0	0	0	0	0	0	0	0
chr4	11870215	11872722	Amillepora09567	3	0	0	0	0	0	0	0	0	0
chr4	11898182	11903049	Amillepora09569	1	0	0	0	0	0	NA	NA	0	0
chr4	11958556	11965242	Amillepora09582	5	0	0	0	0	0	0	0	0	0
chr4	11847682	11866047	Amillepora09566	8	6	0.75	0.75	75	100	46.29100498862757	16.366341767699428	100	0
chr4	11938633	11942040	Amillepora09575	11	0	0	0	0	0	0	0	0	0
chr4	11929306	11934049	Amillepora09574	7	0	0	0	0	0	0	0	0	0
chr4	11944892	11945410	Amillepora09578	2	0	0	0	0	0	0	0	0	0
chr4	11943797	11944866	Amillepora09577	2	0	0	0	0	0	0	0	0	0
chr4	11948791	11949546	Amillepora09581	3	0	0	0	0	0	0	0	0	0
chr4	11947518	11948707	Amillepora09580	1	0	0	0	0	0	NA	NA	0	0
chr4	11945511	11947382	Amillepora09579	3	0	0	0	0	0	0	0	0	0
chr4	11942061	11943746	Amillepora09576	5	0	0	0	0	0	0	0	0	0
chr4	12081204	12086737	Amillepora09589	2	0	0	0	0	0	0	0	0	0
chr4	12034344	12043281	Amillepora09585	7	0	0	0	0	0	0	0	0	0
chr4	12063664	12072264	Amillepora09588	14	0	0	0	0	0	0	0	0	0
chr4	12050508	12051590	Amillepora09586	2	0	0	0	0	0	0	0	0	0
chr4	12147167	12149196	Amillepora09599	2	0	0	0	0	0	0	0	0	0
chr4	12142544	12146479	Amillepora09598	3	0	0	0	0	0	0	0	0	0
chr4	12090974	12091851	Amillepora09590	1	0	0	0	0	0	NA	NA	0	0
chr4	12104240	12120630	Amillepora09594	20	2	0.1	0.1	10	0	30.779350562554622	6.882472016116853	100	0
chr4	12131229	12140782	Amillepora09597	6	3	0.5	0.5	50	50	54.772255750516614	22.3606797749979	100	0
chr4	12123101	12131148	Amillepora09596	6	1	0.16666666666666666	0.16666666666666666	16.666666666666668	0	40.82482904638629	16.66666666666667	100	0
chr4	12092867	12097200	Amillepora09591	1	0	0	0	0	0	NA	NA	0	0
chr4	12227757	12237627	Amillepora09604	9	0	0	0	0	0	0	0	0	0
chr4	12247622	12261799	Amillepora09605	18	0	0	0	0	0	0	0	0	0
chr4	12201193	12223736	Amillepora09601	4	1	0.25	0.25	25	0	50	25	100	0
chr4	12303195	12309215	Amillepora09609	13	0	0	0	0	0	0	0	0	0
chr4	12295234	12296109	Amillepora09608	1	0	0	0	0	0	NA	NA	0	0
chr4	12265283	12290808	Amillepora09607	10	0	0	0	0	0	0	0	0	0
chr4	12462230	12496083	Amillepora09615	43	1	0.023255813953488372	0.023255813953488372	2.3255813953488373	0	15.249857033260449	2.3255813953488373	100	0
chr4	12314352	12455689	Amillepora09610	111	7	0.06306306306306306	0.06306306306306306	6.306306306306307	0	24.41787452323804	2.317642084301261	100	0
chr4	12671371	12683129	Amillepora09624	6	0	0	0	0	0	0	0	0	0
chr4	12656084	12671211	Amillepora09623	13	0	0	0	0	0	0	0	0	0
chr4	12591415	12593894	Amillepora09619	2	1	0.5	0.5	50	50	70.71067811865476	50	100	0
chr4	12684467	12687713	Amillepora09625	3	0	0	0	0	0	0	0	0	0
chr4	12637660	12643666	Amillepora09622	2	1	0.5	0.5	50	50	70.71067811865476	50	100	0
chr4	12697500	12698930	Amillepora09627	1	0	0	0	0	0	NA	NA	0	0
chr4	12771345	12774517	Amillepora09635	6	1	0.16666666666666666	0.16666666666666666	16.666666666666668	0	40.8248290463863	16.66666666666667	100	0
chr4	12702239	12726013	Amillepora09628	6	3	0.5	0.5	50	50	54.772255750516614	22.3606797749979	100	0
chr4	12774652	12775413	Amillepora09636	2	0	0	0	0	0	0	0	0	0
chr4	12705045	12715960	Amillepora09629	3	2	0.6666666666666666	0.6666666666666666	66.66666666666667	100	57.735026918962575	33.333333333333336	100	0
chr4	12758533	12762468	Amillepora09632	2	0	0	0	0	0	0	0	0	0
chr4	12781373	12783333	Amillepora09638	9	0	0	0	0	0	0	0	0	0
chr4	12775502	12776116	Amillepora09637	3	0	0	0	0	0	0	0	0	0
chr4	12770746	12771311	Amillepora09634	1	0	0	0	0	0	NA	NA	0	0
chr4	12821088	12826164	Amillepora09642	3	0	0	0	0	0	0	0	0	0
chr4	12871665	12904162	Amillepora09646	25	2	0.08	0.08	8	0	27.688746209726915	5.537749241945383	100	0
chr4	12921124	12925212	Amillepora09647	6	0	0	0	0	0	0	0	0	0
chr4	12984731	13001614	Amillepora09650	12	3	0.25	0.25	25	0	45.22670168666454	13.055824196677337	100	0
chr4	13007287	13034092	Amillepora09652	7	2	0.2857142857142857	0.2857142857142857	28.571428571428573	0	48.79500364742666	18.442777839082936	100	0
chr4	12976970	12983078	Amillepora09649	2	2	1	1	100	100	0	0	100	100
chr4	13041005	13048861	Amillepora09653	1	1	1	1	100	100	NA	NA	100	100
chr4	13064967	13085793	Amillepora09656	6	0	0	0	0	0	0	0	0	0
chr4	13172268	13181041	Amillepora09661	1	0	0	0	0	0	NA	NA	0	0
chr4	13098721	13100868	Amillepora09657	5	0	0	0	0	0	0	0	0	0
chr4	13169305	13172488	Amillepora09660	7	1	0.14285714285714285	0.14285714285714285	14.285714285714286	0	37.79644730092272	14.285714285714285	100	0
chr4	13105259	13114157	Amillepora09658	11	0	0	0	0	0	0	0	0	0
chr4	13241587	13255377	Amillepora09665	1	0	0	0	0	0	NA	NA	0	0
chr4	13194468	13204111	Amillepora09662	6	0	0	0	0	0	0	0	0	0
chr4	13358519	13374457	Amillepora09669	17	1	0.058823529411764705	0.058823529411764705	5.882352941176471	0	24.253562503633294	5.88235294117647	100	0
chr4	13408892	13414754	Amillepora09672	12	0	0	0	0	0	0	0	0	0
chr4	13450403	13463064	Amillepora09673	7	3	0.42857142857142855	0.42857142857142855	42.857142857142854	0	53.452248382484875	20.203050891044217	100	0
chr4	13464439	13486626	Amillepora09674	8	0	0	0	0	0	0	0	0	0
chr4	13382255	13400594	Amillepora09671	25	0	0	0	0	0	0	0	0	0
chr4	13379805	13380308	Amillepora09670	1	0	0	0	0	0	NA	NA	0	0
chr4	13541427	13543958	Amillepora09682	3	0	0	0	0	0	0	0	0	0
chr4	13510510	13514250	Amillepora09679	1	0	0	0	0	0	NA	NA	0	0
chr4	13486672	13495385	Amillepora09676	13	1	0.07692307692307693	0.07692307692307693	7.6923076923076925	0	27.735009811261456	7.6923076923076925	100	0
chr4	13519761	13530992	Amillepora09681	15	1	0.06666666666666667	0.06666666666666667	6.666666666666667	0	25.81988897471611	6.666666666666666	100	0
chr4	13495463	13510408	Amillepora09677	3	0	0	0	0	0	0	0	0	0
chr4	13515191	13518136	Amillepora09680	4	3	0.75	0.75	75	100	50	25	100	0
chr4	13564091	13573852	Amillepora09684	3	0	0	0	0	0	0	0	0	0
chr4	13604547	13621504	Amillepora09686	27	0	0	0	0	0	0	0	0	0
chr4	13544479	13563988	Amillepora09683	4	0	0	0	0	0	0	0	0	0
chr4	13629003	13641934	Amillepora09687	8	0	0	0	0	0	0	0	0	0
chr4	13582967	13602825	Amillepora09685	9	3	0.3333333333333333	0.3333333333333333	33.333333333333336	0	49.99999999999999	16.666666666666668	100	0
chr4	13693910	13713507	Amillepora09689	12	0	0	0	0	0	0	0	0	0
chr4	13864814	13886100	Amillepora09699	29	1	0.034482758620689655	0.034482758620689655	3.4482758620689653	0	18.56953381770519	3.4482758620689653	100	0
chr4	13808748	13824026	Amillepora09698	16	0	0	0	0	0	0	0	0	0
chr4	13742995	13769516	Amillepora09694	6	0	0	0	0	0	0	0	0	0
chr4	13888832	13910991	Amillepora09700	17	2	0.11764705882352941	0.11764705882352941	11.764705882352942	0	33.21055820775357	8.05474349272303	100	0
chr4	13924090	13928839	Amillepora09702	4	0	0	0	0	0	0	0	0	0
chr4	13968965	13974400	Amillepora09705	2	0	0	0	0	0	0	0	0	0
chr4	13935773	13953797	Amillepora09703	19	2	0.10526315789473684	0.10526315789473684	10.526315789473685	0	31.530176764230575	7.233518641434491	100	0
chr4	13911786	13929065	Amillepora09701	21	1	0.047619047619047616	0.045454545454545456	4.761904761904762	0	21.821789023599244	4.761904761904762	100	0
chr4	14028628	14047057	Amillepora09712	5	5	1	1	100	100	0	0	100	100
chr4	13974462	13990507	Amillepora09708	7	4	0.5714285714285714	0.5714285714285714	57.142857142857146	100	53.452248382484875	20.203050891044217	100	0
chr4	14069686	14071135	Amillepora09716	2	1	0.5	0.5	50	50	70.71067811865476	50	100	0
chr4	14073431	14074856	Amillepora09718	4	0	0	0	0	0	0	0	0	0
chr4	14057897	14065137	Amillepora09714	4	0	0	0	0	0	0	0	0	0
chr4	13992704	13997373	Amillepora09709	1	0	0	0	0	0	NA	NA	0	0
chr4	14047624	14056735	Amillepora09713	4	1	0.25	0.25	25	0	50	25	100	0
chr4	14005705	14015392	Amillepora09710	1	0	0	0	0	0	NA	NA	0	0
chr4	14099461	14139173	Amillepora09719	57	4	0.07017543859649122	0.06896551724137931	7.017543859649122	0	25.77130964857055	3.4134933513474275	100	0
chr4	14141989	14164515	Amillepora09721	23	1	0.043478260869565216	0.043478260869565216	4.3478260869565215	0	20.851441405707476	4.347826086956522	100	0
chr4	14166363	14176587	Amillepora09723	9	0	0	0	0	0	0	0	0	0
chr4	14221025	14222692	Amillepora09726	1	0	0	0	0	0	NA	NA	0	0
chr4	14182801	14198889	Amillepora09724	25	0	0	0	0	0	0	0	0	0
chr4	14200974	14220885	Amillepora09725	12	2	0.16666666666666666	0.16666666666666666	16.666666666666668	0	38.92494720807615	11.236664374387368	100	0
chr4	14258099	14261864	Amillepora09729	4	1	0.25	0.25	25	0	50	25	100	0
chr4	14334039	14337916	Amillepora09734	2	0	0	0	0	0	0	0	0	0
chr4	14249121	14257839	Amillepora09728	5	0	0	0	0	0	0	0	0	0
chr4	14223388	14238758	Amillepora09727	3	0	0	0	0	0	0	0	0	0
chr4	14261996	14302105	Amillepora09730	9	8	0.8888888888888888	0.8888888888888888	88.88888888888889	100	33.333333333333336	11.111111111111112	100	0
chr4	14304203	14305233	Amillepora09732	5	0	0	0	0	0	0	0	0	0
chr4	14407707	14414475	Amillepora09740	5	0	0	0	0	0	0	0	0	0
chr4	14469945	14475209	Amillepora09743	1	0	0	0	0	0	NA	NA	0	0
chr4	14402984	14406529	Amillepora09739	1	0	0	0	0	0	NA	NA	0	0
chr4	14577871	14633103	Amillepora09751	25	2	0.08	0.08	8	0	27.688746209726915	5.537749241945383	100	0
chr4	14665532	14675891	Amillepora09758	2	1	0.5	0.5	50	50	70.71067811865476	50	100	0
chr4	14577077	14579328	Amillepora09750	2	0	0	0	0	0	0	0	0	0
chr4	14570378	14576860	Amillepora09749	2	0	0	0	0	0	0	0	0	0
chr4	14687424	14705143	Amillepora09760	2	0	0	0	0	0	0	0	0	0
chr4	14729761	14754091	Amillepora09765	9	0	0	0	0	0	0	0	0	0
chr4	14720152	14721745	Amillepora09762	1	0	0	0	0	0	NA	NA	0	0
chr4	14851172	14872863	Amillepora09775	11	2	0.18181818181818182	0.18181818181818182	18.181818181818183	0	40.45199174779452	12.196734422726125	100	0
chr4	14817634	14827966	Amillepora09771	3	0	0	0	0	0	0	0	0	0
chr4	14830384	14832381	Amillepora09772	2	0	0	0	0	0	0	0	0	0
chr4	14931414	14944656	Amillepora09786	8	3	0.375	0.375	37.5	0	51.75491695067657	18.298126367784995	100	0
chr4	14902040	14912701	Amillepora09783	10	1	0.1	0.1	10	0	31.622776601683793	10	100	0
chr4	14886958	14900099	Amillepora09782	23	3	0.13043478260869565	0.13043478260869565	13.043478260869565	0	34.435022157509096	7.180198468215396	100	0
chr4	14879737	14886279	Amillepora09778	1	0	0	0	0	0	NA	NA	0	0
chr4	14937952	14947931	Amillepora09787	7	3	0.42857142857142855	0.42857142857142855	42.857142857142854	0	53.452248382484875	20.203050891044217	100	0
chr4	14962065	14973284	Amillepora09790	4	3	0.75	0.75	75	100	50	25	100	0
chr4	14913963	14931146	Amillepora09784	12	0	0	0	0	0	0	0	0	0
chr4	14955796	14957661	Amillepora09788	2	2	1	1	100	100	0	0	100	100
chr4	15059536	15060389	Amillepora09800	1	0	0	0	0	0	NA	NA	0	0
chr4	15005011	15008674	Amillepora09795	4	1	0.25	0.25	25	0	50	25	100	0
chr4	15020743	15026015	Amillepora09797	1	0	0	0	0	0	NA	NA	0	0
chr4	14958923	14960539	Amillepora09789	2	0	0	0	0	0	0	0	0	0
chr4	14992166	15000225	Amillepora09794	11	0	0	0	0	0	0	0	0	0
chr4	14973414	14978798	Amillepora09792	2	2	1	1	100	100	0	0	100	100
chr4	14979842	14983112	Amillepora09793	5	0	0	0	0	0	0	0	0	0
chr4	15009932	15018784	Amillepora09796	14	0	0	0	0	0	0	0	0	0
chr4	15079901	15113515	Amillepora09803	39	5	0.1282051282051282	0.1282051282051282	12.820512820512821	0	33.868842842937035	5.423355275954148	100	0
chr4	15065928	15078302	Amillepora09801	6	3	0.5	0.5	50	50	54.772255750516614	22.3606797749979	100	0
chr4	15134214	15145796	Amillepora09807	9	0	0	0	0	0	0	0	0	0
chr4	15117500	15124059	Amillepora09805	18	0	0	0	0	0	0	0	0	0
chr4	15202059	15204568	Amillepora09814	3	0	0	0	0	0	0	0	0	0
chr4	15227494	15260240	Amillepora09817	25	4	0.16	0.16	16	0	37.416573867739416	7.4833147735478835	100	0
chr4	15160784	15175156	Amillepora09810	6	1	0.16666666666666666	0.16666666666666666	16.666666666666668	0	40.8248290463863	16.66666666666667	100	0
chr4	15176401	15186481	Amillepora09811	4	0	0	0	0	0	0	0	0	0
chr4	15194665	15196782	Amillepora09813	1	0	0	0	0	0	NA	NA	0	0
chr4	15207588	15215239	Amillepora09815	1	0	0	0	0	0	NA	NA	0	0
chr4	15215465	15222879	Amillepora09816	2	2	1	1	100	100	0	0	100	100
chr4	15186416	15194939	Amillepora09812	3	2	0.6666666666666666	0.6666666666666666	66.66666666666667	100	57.73502691896258	33.333333333333336	100	0
chr4	15294575	15322196	Amillepora09821	14	4	0.2857142857142857	0.2857142857142857	28.571428571428573	0	46.88072309384955	12.529400275814705	100	0
chr4	15277170	15289021	Amillepora09820	7	1	0.14285714285714285	0.125	14.285714285714286	0	37.79644730092272	14.285714285714285	100	0
chr4	15354520	15356690	Amillepora09824	4	0	0	0	0	0	0	0	0	0
chr4	15363430	15374849	Amillepora09825	9	0	0	0	0	0	0	0	0	0
chr4	15464871	15475619	Amillepora09830	6	0	0	0	0	0	0	0	0	0
chr4	15380415	15391648	Amillepora09826	2	1	0.5	0.5	50	50	70.71067811865476	50	100	0
chr4	15403463	15428375	Amillepora09827	18	0	0	0	0	0	0	0	0	0
chr4	15449440	15451525	Amillepora09829	3	0	0	0	0	0	0	0	0	0
chr4	15539210	15542860	Amillepora09834	1	0	0	0	0	0	NA	NA	0	0
chr4	15490693	15496886	Amillepora09831	7	1	0.14285714285714285	0.14285714285714285	14.285714285714286	0	37.79644730092272	14.285714285714285	100	0
chr4	15507154	15516508	Amillepora09832	10	1	0.1	0.1	10	0	31.622776601683793	10	100	0
chr4	15560022	15564250	Amillepora09835	5	0	0	0	0	0	0	0	0	0
chr4	15585450	15586529	Amillepora09838	3	0	0	0	0	0	0	0	0	0
chr4	15573397	15576268	Amillepora09836	1	0	0	0	0	0	NA	NA	0	0
chr4	15661332	15666423	Amillepora09844	10	0	0	0	0	0	0	0	0	0
chr4	15614903	15634078	Amillepora09840	8	6	0.75	0.75	75	100	46.29100498862757	16.366341767699428	100	0
chr4	15605683	15609731	Amillepora09839	2	0	0	0	0	0	0	0	0	0
chr4	15717436	15738066	Amillepora09849	4	3	0.75	0.75	75	100	50	25	100	0
chr4	15703160	15710828	Amillepora09848	4	0	0	0	0	0	0	0	0	0
chr4	15738397	15740376	Amillepora09851	1	0	0	0	0	0	NA	NA	0	0
chr4	15824409	15869852	Amillepora09857	20	3	0.15	0.14285714285714285	15	0	36.634754853252325	8.191780219091253	100	0
chr4	15877358	15884071	Amillepora09859	4	3	0.75	0.75	75	100	50	25	100	0
chr4	15885719	15887889	Amillepora09860	2	0	0	0	0	0	0	0	0	0
chr4	15810797	15825873	Amillepora09855	9	3	0.3333333333333333	0.3333333333333333	33.333333333333336	0	49.99999999999999	16.666666666666668	100	0
chr4	15796334	15801676	Amillepora09854	12	2	0.16666666666666666	0.16666666666666666	16.666666666666668	0	38.92494720807614	11.236664374387368	100	0
chr4	15926506	15943624	Amillepora09862	8	2	0.25	0.25	25	0	46.29100498862757	16.366341767699428	100	0
chr4	15920433	15926450	Amillepora09861	6	1	0.16666666666666666	0.16666666666666666	16.666666666666668	0	40.8248290463863	16.66666666666667	100	0
chr4	15960754	15961699	Amillepora09864	2	0	0	0	0	0	0	0	0	0
chr4	16056882	16060415	Amillepora09879	2	2	1	1	100	100	0	0	100	100
chr4	16170551	16175465	Amillepora09891	9	5	0.5555555555555556	0.5555555555555556	55.55555555555556	100	52.70462766947299	17.568209223157663	100	0
chr4	16133315	16144599	Amillepora09883	5	3	0.6	0.6	60	100	54.772255750516614	24.49489742783178	100	0
chr4	16147213	16151283	Amillepora09884	1	0	0	0	0	0	NA	NA	0	0
chr4	16151627	16152668	Amillepora09886	1	0	0	0	0	0	NA	NA	0	0
chr4	16199501	16202425	Amillepora09892	5	1	0.2	0.2	20	0	44.721359549995796	20	100	0
chr4	16226187	16233594	Amillepora09898	2	1	0.5	0.5	50	50	70.71067811865476	50	100	0
chr4	16306403	16309927	Amillepora09902	4	3	0.75	0.75	75	100	50	25	100	0
chr4	16322634	16323806	Amillepora09904	1	0	0	0	0	0	NA	NA	0	0
chr4	16343072	16343521	Amillepora09906	1	0	0	0	0	0	NA	NA	0	0
chr4	16305164	16306264	Amillepora09901	1	0	0	0	0	0	NA	NA	0	0
chr4	16333189	16337980	Amillepora09905	4	2	0.5	0.5	50	50	57.735026918962575	28.867513459481287	100	0
chr4	16316827	16322467	Amillepora09903	2	2	1	1	100	100	0	0	100	100
chr4	16435217	16443203	Amillepora09911	2	1	0.5	0.5	50	50	70.71067811865476	50	100	0
chr4	16531989	16532849	Amillepora09917	2	1	0.5	0.5	50	50	70.71067811865476	50	100	0
chr4	16493349	16498466	Amillepora09913	1	1	1	1	100	100	NA	NA	100	100
chr4	16476228	16490630	Amillepora09912	7	1	0.14285714285714285	0.14285714285714285	14.285714285714286	0	37.79644730092272	14.285714285714285	100	0
chr4	16534356	16535064	Amillepora09918	2	0	0	0	0	0	0	0	0	0
chr4	16649424	16652020	Amillepora09925	5	1	0.2	0.2	20	0	44.721359549995796	20	100	0
chr4	16672875	16674356	Amillepora09927	1	0	0	0	0	0	NA	NA	0	0
chr4	16605302	16609742	Amillepora09923	5	0	0	0	0	0	0	0	0	0
chr4	16572094	16591296	Amillepora09922	17	4	0.23529411764705882	0.23529411764705882	23.529411764705884	0	43.72373160976031	10.604562574894086	100	0
chr4	16610988	16655073	Amillepora09924	37	4	0.10810810810810811	0.10810810810810811	10.81081081081081	0	31.48000938676784	5.175281663547774	100	0
chr4	16676191	16682254	Amillepora09928	3	0	0	0	0	0	0	0	0	0
chr4	16749881	16771356	Amillepora09932	19	1	0.05263157894736842	0.05263157894736842	5.2631578947368425	0	22.941573387056184	5.263157894736841	100	0
chr4	16728290	16745831	Amillepora09931	18	1	0.05555555555555555	0.05555555555555555	5.555555555555555	0	23.570226039551578	5.555555555555556	100	0
chr4	16805819	16807616	Amillepora09935	3	0	0	0	0	0	0	0	0	0
chr4	16831334	16837827	Amillepora09942	1	0	0	0	0	0	NA	NA	0	0
chr4	16784485	16797927	Amillepora09933	18	1	0.05555555555555555	0.05555555555555555	5.555555555555555	0	23.570226039551585	5.555555555555556	100	0
chr4	16847083	16854689	Amillepora09945	3	1	0.3333333333333333	0.3333333333333333	33.333333333333336	0	57.735026918962575	33.333333333333336	100	0
chr4	16839400	16846684	Amillepora09943	15	0	0	0	0	0	0	0	0	0
chr4	16858591	16877198	Amillepora09946	33	2	0.06060606060606061	0.06060606060606061	6.0606060606060606	0	24.230584229877994	4.21800330517426	100	0
chr4	16886462	16897793	Amillepora09947	9	1	0.1111111111111111	0.1111111111111111	11.11111111111111	0	33.333333333333336	11.111111111111112	100	0
chr4	17060838	17079583	Amillepora09953	17	1	0.058823529411764705	0.058823529411764705	5.882352941176471	0	24.253562503633297	5.88235294117647	100	0
chr4	16951657	16962478	Amillepora09948	2	0	0	0	0	0	0	0	0	0
chr4	16969159	16996234	Amillepora09949	16	0	0	0	0	0	0	0	0	0
chr4	17041786	17055033	Amillepora09952	7	0	0	0	0	0	0	0	0	0
chr4	17027698	17032930	Amillepora09951	6	0	0	0	0	0	0	0	0	0
chr4	17081380	17088207	Amillepora09954	19	0	0	0	0	0	0	0	0	0
chr4	16998589	17012575	Amillepora09950	11	2	0.18181818181818182	0.18181818181818182	18.181818181818183	0	40.45199174779452	12.196734422726125	100	0
chr4	17119484	17129777	Amillepora09956	12	0	0	0	0	0	0	0	0	0
chr4	17135012	17143322	Amillepora09957	13	0	0	0	0	0	0	0	0	0
chr4	17150607	17151876	Amillepora09958	9	1	0.1111111111111111	0.1111111111111111	11.11111111111111	0	33.333333333333336	11.111111111111112	100	0
chr4	17249294	17269260	Amillepora09969	30	4	0.13333333333333333	0.13333333333333333	13.333333333333334	0	34.57459036417605	6.312427686319991	100	0
chr4	17164029	17201259	Amillepora09960	48	0	0	0	0	0	0	0	0	0
chr4	17215321	17216153	Amillepora09965	2	2	1	1	100	100	0	0	100	100
chr4	17203401	17209424	Amillepora09964	3	1	0.3333333333333333	0.3333333333333333	33.333333333333336	0	57.735026918962575	33.333333333333336	100	0
chr4	17267785	17269259	Amillepora09970	3	0	0	0	0	0	0	0	0	0
chr4	17231739	17244824	Amillepora09967	3	0	0	0	0	0	0	0	0	0
chr4	17313094	17350973	Amillepora09974	48	1	0.020833333333333332	0.020833333333333332	2.0833333333333335	0	14.433756729740637	2.0833333333333335	100	0
chr4	17273410	17300039	Amillepora09971	43	3	0.06976744186046512	0.06818181818181818	6.976744186046512	0	25.776963111323347	3.930950021993101	100	0
chr4	17300990	17312562	Amillepora09972	11	2	0.18181818181818182	0.18181818181818182	18.181818181818183	0	40.45199174779453	12.196734422726125	100	0
chr4	17366937	17367578	Amillepora09976	3	0	0	0	0	0	0	0	0	0
chr4	17374084	17375577	Amillepora09977	1	0	0	0	0	0	NA	NA	0	0
chr4	17442357	17446343	Amillepora09981	1	0	0	0	0	0	NA	NA	0	0
chr4	17460077	17466026	Amillepora09982	5	0	0	0	0	0	0	0	0	0
chr4	17383313	17425090	Amillepora09978	31	0	0	0	0	0	0	0	0	0
chr4	17516773	17518301	Amillepora09987	3	0	0	0	0	0	0	0	0	0
chr4	17519259	17547913	Amillepora09988	41	5	0.12195121951219512	0.12195121951219512	12.195121951219512	0	33.12945782245396	5.173952057462543	100	0
chr4	17511685	17514597	Amillepora09986	4	0	0	0	0	0	0	0	0	0
chr4	17502358	17510172	Amillepora09985	1	0	0	0	0	0	NA	NA	0	0
chr4	17488994	17493325	Amillepora09984	7	0	0	0	0	0	0	0	0	0
chr4	17554975	17561532	Amillepora09991	12	0	0	0	0	0	0	0	0	0
chr4	17673618	17675123	Amillepora10001	5	0	0	0	0	0	0	0	0	0
chr4	17633110	17649463	Amillepora09998	13	1	0.07692307692307693	0.07692307692307693	7.6923076923076925	0	27.735009811261456	7.6923076923076925	100	0
chr4	17616772	17619429	Amillepora09995	5	0	0	0	0	0	0	0	0	0
chr4	17627896	17631552	Amillepora09997	3	0	0	0	0	0	0	0	0	0
chr4	17675712	17688562	Amillepora10003	20	1	0.05	0.05	5	0	22.360679774997898	5	100	0
chr4	17673810	17674729	Amillepora10002	1	0	0	0	0	0	NA	NA	0	0
chr4	17623387	17625769	Amillepora09996	3	0	0	0	0	0	0	0	0	0
chr4	17604055	17604509	Amillepora09994	2	0	0	0	0	0	0	0	0	0
chr4	17735728	17739442	Amillepora10005	9	0	0	0	0	0	0	0	0	0
chr4	17810610	17842271	Amillepora10010	51	1	0.0196078431372549	0.0196078431372549	1.9607843137254901	0	14.002800840280106	1.96078431372549	100	0
chr4	17798714	17805235	Amillepora10009	5	0	0	0	0	0	0	0	0	0
chr4	17781020	17796727	Amillepora10007	5	1	0.2	0.2	20	0	44.721359549995796	20	100	0
chr4	17854401	17874382	Amillepora10011	14	3	0.21428571428571427	0.21428571428571427	21.428571428571427	0	42.581531362632	11.380392954509878	100	0
chr4	17952984	17965429	Amillepora10017	8	0	0	0	0	0	0	0	0	0
chr4	17876642	17889981	Amillepora10012	26	1	0.038461538461538464	0.038461538461538464	3.8461538461538463	0	19.611613513818384	3.8461538461538467	100	0
chr4	17922999	17926849	Amillepora10014	2	0	0	0	0	0	0	0	0	0
chr4	17983891	17997793	Amillepora10018	8	0	0	0	0	0	0	0	0	0
chr4	18025512	18041563	Amillepora10021	2	0	0	0	0	0	0	0	0	0
chr4	18045803	18052881	Amillepora10022	14	0	0	0	0	0	0	0	0	0
chr4	18004334	18020813	Amillepora10020	4	0	0	0	0	0	0	0	0	0
chr4	18155918	18165372	Amillepora10024	15	0	0	0	0	0	0	0	0	0
chr4	18166040	18173233	Amillepora10025	7	0	0	0	0	0	0	0	0	0
chr4	18143720	18156081	Amillepora10023	18	5	0.2777777777777778	0.2777777777777778	27.77777777777778	0	46.08885989624768	10.86324845659782	100	0
chr4	18273025	18281167	Amillepora10038	14	0	0	0	0	0	0	0	0	0
chr4	18233862	18244272	Amillepora10034	20	0	0	0	0	0	0	0	0	0
chr4	18256636	18265722	Amillepora10037	8	0	0	0	0	0	0	0	0	0
chr4	18249684	18252942	Amillepora10036	3	0	0	0	0	0	0	0	0	0
chr4	18215106	18226074	Amillepora10033	19	1	0.05263157894736842	0.05263157894736842	5.2631578947368425	0	22.941573387056174	5.263157894736841	100	0
chr4	18202146	18212553	Amillepora10032	6	1	0.16666666666666666	0.16666666666666666	16.666666666666668	0	40.8248290463863	16.66666666666667	100	0
chr4	18174482	18196638	Amillepora10026	25	2	0.08	0.08	8	0	27.688746209726915	5.537749241945383	100	0
chr4	18197248	18202007	Amillepora10031	11	1	0.09090909090909091	0.09090909090909091	9.090909090909092	0	30.151134457776354	9.09090909090909	100	0
chr4	18334605	18342827	Amillepora10045	9	0	0	0	0	0	0	0	0	0
chr4	18370965	18377060	Amillepora10049	8	2	0.25	0.25	25	0	46.29100498862757	16.366341767699428	100	0
chr4	18342752	18355861	Amillepora10046	21	2	0.09523809523809523	0.09523809523809523	9.523809523809524	0	30.079260375911918	6.563832739090582	100	0
chr4	18321368	18333541	Amillepora10042	4	4	1	1	100	100	0	0	100	100
chr4	18283298	18292638	Amillepora10039	13	0	0	0	0	0	0	0	0	0
chr4	18295840	18307300	Amillepora10040	10	2	0.2	0.2	20	0	42.16370213557839	13.333333333333332	100	0
chr4	18307673	18311783	Amillepora10041	3	0	0	0	0	0	0	0	0	0
chr4	18420658	18427125	Amillepora10058	9	2	0.2222222222222222	0.2222222222222222	22.22222222222222	0	44.09585518440984	14.698618394803281	100	0
chr4	18446982	18462462	Amillepora10061	12	3	0.25	0.25	25	0	45.22670168666454	13.055824196677337	100	0
chr4	18427675	18445555	Amillepora10059	24	1	0.041666666666666664	0.041666666666666664	4.166666666666667	0	20.412414523193153	4.166666666666668	100	0
chr4	18378820	18382051	Amillepora10051	12	0	0	0	0	0	0	0	0	0
chr4	18385595	18389467	Amillepora10052	3	1	0.3333333333333333	0.3333333333333333	33.333333333333336	0	57.735026918962575	33.333333333333336	100	0
chr4	18411226	18420358	Amillepora10057	9	1	0.1111111111111111	0.1111111111111111	11.11111111111111	0	33.333333333333336	11.111111111111112	100	0
chr4	18407021	18408499	Amillepora10056	1	0	0	0	0	0	NA	NA	0	0
chr4	18398764	18400239	Amillepora10054	1	0	0	0	0	0	NA	NA	0	0
chr4	18403622	18405097	Amillepora10055	3	0	0	0	0	0	0	0	0	0
chr4	18507634	18511480	Amillepora10065	7	0	0	0	0	0	0	0	0	0
chr4	18519739	18535011	Amillepora10066	8	3	0.375	0.375	37.5	0	51.75491695067657	18.298126367784995	100	0
chr4	18572978	18578738	Amillepora10071	7	0	0	0	0	0	0	0	0	0
chr4	18465887	18482550	Amillepora10062	9	1	0.1111111111111111	0.1111111111111111	11.11111111111111	0	33.333333333333336	11.111111111111112	100	0
chr4	18488758	18499838	Amillepora10063	2	2	1	1	100	100	0	0	100	100
chr4	18559707	18564488	Amillepora10070	5	0	0	0	0	0	0	0	0	0
chr4	18540070	18542620	Amillepora10067	2	0	0	0	0	0	0	0	0	0
chr4	18547157	18553698	Amillepora10069	6	0	0	0	0	0	0	0	0	0
chr4	18542979	18547127	Amillepora10068	1	0	0	0	0	0	NA	NA	0	0
chr4	18584580	18588597	Amillepora10072	5	0	0	0	0	0	0	0	0	0
chr4	18590969	18594571	Amillepora10073	7	0	0	0	0	0	0	0	0	0
chr4	18699841	18701955	Amillepora10079	2	0	0	0	0	0	0	0	0	0
chr4	18753240	18757471	Amillepora10082	5	5	1	1	100	100	0	0	100	100
chr4	18741847	18753143	Amillepora10081	13	1	0.07692307692307693	0.07692307692307693	7.6923076923076925	0	27.735009811261456	7.6923076923076925	100	0
chr4	18707205	18738653	Amillepora10080	63	2	0.031746031746031744	0.031746031746031744	3.1746031746031744	0	17.67314317713021	2.226606749120215	100	0
chr4	18773769	18777380	Amillepora10086	9	0	0	0	0	0	0	0	0	0
chr4	18691401	18695076	Amillepora10078	3	0	0	0	0	0	0	0	0	0
chr4	18757482	18764925	Amillepora10083	14	0	0	0	0	0	0	0	0	0
chr4	18779702	18785585	Amillepora10087	14	0	0	0	0	0	0	0	0	0
chr4	18771720	18772364	Amillepora10085	3	0	0	0	0	0	0	0	0	0
chr4	18682344	18685052	Amillepora10075	2	0	0	0	0	0	0	0	0	0
chr4	18766391	18771636	Amillepora10084	11	0	0	0	0	0	0	0	0	0
chr4	18830706	18849347	Amillepora10089	24	0	0	0	0	0	0	0	0	0
chr4	18794979	18827969	Amillepora10088	33	5	0.15151515151515152	0.15151515151515152	15.151515151515152	0	36.41095406272096	6.338333534349057	100	0
chr4	18870905	18885575	Amillepora10094	19	2	0.10526315789473684	0.10526315789473684	10.526315789473685	0	31.53017676423058	7.233518641434491	100	0
chr4	18862626	18864579	Amillepora10092	5	1	0.2	0.2	20	0	44.721359549995796	20	100	0
chr4	18868804	18874690	Amillepora10093	2	1	0.5	0.5	50	50	70.71067811865476	50	100	0
chr4	18942810	18948469	Amillepora10098	9	1	0.1111111111111111	0.1111111111111111	11.11111111111111	0	33.333333333333336	11.111111111111112	100	0
chr4	18926952	18937341	Amillepora10096	3	2	0.6666666666666666	0.6666666666666666	66.66666666666667	100	57.735026918962575	33.333333333333336	100	0
chr4	18956398	18964410	Amillepora10099	10	0	0	0	0	0	0	0	0	0
chr4	18937057	18942110	Amillepora10097	4	2	0.5	0.5	50	50	57.735026918962575	28.867513459481287	100	0
chr4	18973619	18979171	Amillepora10100	1	1	1	1	100	100	NA	NA	100	100
chr4	18979411	18996046	Amillepora10102	24	2	0.08333333333333333	0.08333333333333333	8.333333333333334	0	28.232985128664012	5.763033956734373	100	0
chr4	18996132	19025534	Amillepora10103	42	2	0.047619047619047616	0.047619047619047616	4.761904761904762	0	21.554026870452102	3.3258585512837056	100	0
chr4	19026583	19037225	Amillepora10104	10	1	0.1	0.1	10	0	31.622776601683793	10	100	0
chr4	19038038	19041156	Amillepora10105	1	0	0	0	0	0	NA	NA	0	0
chr4	19128455	19137379	Amillepora10112	6	2	0.3333333333333333	0.3333333333333333	33.333333333333336	0	51.63977794943222	21.081851067789195	100	0
chr4	19145488	19167079	Amillepora10113	48	0	0	0	0	0	0	0	0	0
chr4	19167688	19170024	Amillepora10115	7	0	0	0	0	0	0	0	0	0
chr4	19094154	19104856	Amillepora10110	15	1	0.06666666666666667	0.0625	6.666666666666667	0	25.819888974716118	6.666666666666666	100	0
chr4	19115328	19127512	Amillepora10111	17	0	0	0	0	0	0	0	0	0
chr4	19171016	19175643	Amillepora10116	10	0	0	0	0	0	0	0	0	0
chr4	19073296	19090324	Amillepora10108	24	2	0.08333333333333333	0.08333333333333333	8.333333333333334	0	28.232985128664	5.763033956734373	100	0
chr4	19049739	19066598	Amillepora10106	31	0	0	0	0	0	0	0	0	0
chr4	19068835	19072112	Amillepora10107	4	1	0.25	0.25	25	0	50	25	100	0
chr4	19193444	19196402	Amillepora10119	2	1	0.5	0.5	50	50	70.71067811865476	50	100	0
chr4	19222018	19225953	Amillepora10123	8	0	0	0	0	0	0	0	0	0
chr4	19183181	19191818	Amillepora10118	16	2	0.125	0.125	12.5	0	34.15650255319866	8.539125638299666	100	0
chr4	19208436	19218530	Amillepora10122	7	1	0.14285714285714285	0.14285714285714285	14.285714285714286	0	37.79644730092272	14.285714285714285	100	0
chr4	19243061	19251166	Amillepora10124	4	2	0.5	0.5	50	50	57.735026918962575	28.867513459481287	100	0
chr4	19263946	19270235	Amillepora10126	3	3	1	1	100	100	0	0	100	100
chr4	19176078	19182526	Amillepora10117	4	0	0	0	0	0	0	0	0	0
chr4	19200069	19200987	Amillepora10121	3	0	0	0	0	0	0	0	0	0
chr4	19198178	19199749	Amillepora10120	1	0	0	0	0	0	NA	NA	0	0
chr4	19278347	19282531	Amillepora10128	2	2	1	1	100	100	0	0	100	100
chr4	19275040	19277507	Amillepora10127	2	0	0	0	0	0	0	0	0	0
chr4	19347514	19349535	Amillepora10135	1	0	0	0	0	0	NA	NA	0	0
chr4	19292941	19302590	Amillepora10130	6	3	0.5	0.5	50	50	54.772255750516614	22.3606797749979	100	0
chr4	19285980	19291107	Amillepora10129	3	1	0.3333333333333333	0.3333333333333333	33.333333333333336	0	57.735026918962575	33.333333333333336	100	0
chr4	19307212	19310206	Amillepora10131	1	0	0	0	0	0	NA	NA	0	0
chr4	19316644	19319704	Amillepora10133	1	1	1	1	100	100	NA	NA	100	100
chr4	19475294	19476275	Amillepora10149	3	0	0	0	0	0	0	0	0	0
chr4	19436908	19462656	Amillepora10143	29	1	0.034482758620689655	0.034482758620689655	3.4482758620689653	0	18.569533817705192	3.4482758620689653	100	0
chr4	19379597	19381678	Amillepora10138	1	0	0	0	0	0	NA	NA	0	0
chr4	19384727	19387152	Amillepora10139	3	0	0	0	0	0	0	0	0	0
chr4	19393350	19403642	Amillepora10141	1	1	1	1	100	100	NA	NA	100	100
chr4	19407285	19416787	Amillepora10142	2	2	1	1	100	100	0	0	100	100
chr4	19463971	19466099	Amillepora10146	2	0	0	0	0	0	0	0	0	0
chr4	19468351	19473675	Amillepora10148	6	0	0	0	0	0	0	0	0	0
chr4	19536450	19543399	Amillepora10152	4	1	0.25	0.25	25	0	50	25	100	0
chr4	19562407	19566021	Amillepora10153	1	0	0	0	0	0	NA	NA	0	0
chr4	19520555	19534884	Amillepora10151	25	0	0	0	0	0	0	0	0	0
chr4	19477240	19514965	Amillepora10150	33	0	0	0	0	0	0	0	0	0
chr4	19606300	19618424	Amillepora10158	10	2	0.2	0.2	20	0	42.16370213557839	13.333333333333332	100	0
chr4	19624075	19658651	Amillepora10159	31	1	0.03225806451612903	0.03225806451612903	3.225806451612903	0	17.960530202677493	3.2258064516129035	100	0
chr4	19565783	19598843	Amillepora10155	21	1	0.047619047619047616	0.047619047619047616	4.761904761904762	0	21.821789023599244	4.761904761904762	100	0
chr4	19601167	19604302	Amillepora10156	3	2	0.6666666666666666	0.6666666666666666	66.66666666666667	100	57.73502691896258	33.333333333333336	100	0
chr4	19685933	19692331	Amillepora10160	10	0	0	0	0	0	0	0	0	0
chr4	19761494	19780674	Amillepora10161	20	2	0.1	0.1	10	0	30.779350562554622	6.882472016116853	100	0
chr4	19814249	19818860	Amillepora10164	2	0	0	0	0	0	0	0	0	0
chr4	19784199	19795703	Amillepora10162	2	1	0.5	0.5	50	50	70.71067811865476	50	100	0
chr4	19799988	19812039	Amillepora10163	6	1	0.16666666666666666	0.16666666666666666	16.666666666666668	0	40.8248290463863	16.66666666666667	100	0
chr4	19817974	19828840	Amillepora10165	1	1	1	1	100	100	NA	NA	100	100
chr4	19845664	19864925	Amillepora10166	18	1	0.05555555555555555	0.05555555555555555	5.555555555555555	0	23.57022603955158	5.555555555555556	100	0
chr4	19930612	19937472	Amillepora10170	14	0	0	0	0	0	0	0	0	0
chr4	19938127	19943355	Amillepora10171	6	0	0	0	0	0	0	0	0	0
chr4	19949329	19956031	Amillepora10172	1	0	0	0	0	0	NA	NA	0	0
chr4	19921251	19927356	Amillepora10169	6	0	0	0	0	0	0	0	0	0
chr4	19870899	19917887	Amillepora10167	68	3	0.04411764705882353	0.04411764705882353	4.411764705882353	0	20.688330616678687	2.5088285985372334	100	0
chr4	20034097	20038092	Amillepora10180	2	1	0.5	0.5	50	50	70.71067811865476	50	100	0
chr4	20005644	20025291	Amillepora10177	7	3	0.42857142857142855	0.42857142857142855	42.857142857142854	0	53.452248382484875	20.203050891044217	100	0
chr4	20048711	20061993	Amillepora10182	12	0	0	0	0	0	0	0	0	0
chr4	20075510	20075893	Amillepora10186	2	0	0	0	0	0	0	0	0	0
chr4	20068670	20069400	Amillepora10184	3	0	0	0	0	0	0	0	0	0
chr4	20045863	20048225	Amillepora10181	3	0	0	0	0	0	0	0	0	0
chr4	19996661	20005137	Amillepora10176	4	2	0.5	0.5	50	50	57.735026918962575	28.867513459481287	100	0
chr4	19979837	19992867	Amillepora10175	15	0	0	0	0	0	0	0	0	0
chr4	20057976	20062053	Amillepora10183	3	0	0	0	0	0	0	0	0	0
chr4	20028007	20034048	Amillepora10179	1	0	0	0	0	0	NA	NA	0	0
chr4	20077839	20085242	Amillepora10187	11	0	0	0	0	0	0	0	0	0
chr4	20109626	20116565	Amillepora10188	6	0	0	0	0	0	0	0	0	0
chr4	20132844	20142573	Amillepora10189	13	1	0.07692307692307693	0.07692307692307693	7.6923076923076925	0	27.735009811261456	7.6923076923076925	100	0
chr4	20175442	20185991	Amillepora10194	14	3	0.21428571428571427	0.21428571428571427	21.428571428571427	0	42.581531362632006	11.380392954509878	100	0
chr4	20142611	20148030	Amillepora10191	5	0	0	0	0	0	0	0	0	0
chr4	20157360	20173727	Amillepora10192	24	4	0.16666666666666666	0.16666666666666666	16.666666666666668	0	38.06934938134405	7.770873402002615	100	0
chr4	20191513	20197764	Amillepora10195	1	0	0	0	0	0	NA	NA	0	0
chr4	20262926	20269939	Amillepora10200	10	0	0	0	0	0	0	0	0	0
chr4	20273104	20275758	Amillepora10201	5	0	0	0	0	0	0	0	0	0
chr4	20222764	20224495	Amillepora10196	2	0	0	0	0	0	0	0	0	0
chr4	20226725	20245565	Amillepora10197	22	1	0.045454545454545456	0.045454545454545456	4.545454545454546	0	21.32007163556104	4.545454545454545	100	0
chr4	20245588	20259705	Amillepora10198	4	1	0.25	0.25	25	0	50	25	100	0
chr4	20342411	20347287	Amillepora10208	8	0	0	0	0	0	0	0	0	0
chr4	20330719	20341145	Amillepora10207	5	1	0.2	0.2	20	0	44.721359549995796	20	100	0
chr4	20291164	20296931	Amillepora10204	5	0	0	0	0	0	0	0	0	0
chr4	20279353	20288828	Amillepora10202	2	1	0.5	0.5	50	50	70.71067811865476	50	100	0
chr4	20375126	20377055	Amillepora10213	1	1	1	1	100	100	NA	NA	100	100
chr4	20298403	20322111	Amillepora10205	2	1	0.5	0.5	50	50	70.71067811865476	50	100	0
chr4	20289577	20290857	Amillepora10203	1	0	0	0	0	0	NA	NA	0	0
chr4	20347961	20352394	Amillepora10209	12	0	0	0	0	0	0	0	0	0
chr4	20359545	20369442	Amillepora10211	3	1	0.3333333333333333	0.3333333333333333	33.333333333333336	0	57.735026918962575	33.333333333333336	100	0
chr4	20356106	20359323	Amillepora10210	1	1	1	1	100	100	NA	NA	100	100
chr4	20474154	20479789	Amillepora10223	6	1	0.16666666666666666	0.16666666666666666	16.666666666666668	0	40.8248290463863	16.66666666666667	100	0
chr4	20423014	20428260	Amillepora10217	1	0	0	0	0	0	NA	NA	0	0
chr4	20408014	20414901	Amillepora10215	3	0	0	0	0	0	0	0	0	0
chr4	20390932	20404059	Amillepora10214	4	0	0	0	0	0	0	0	0	0
chr4	20415137	20436101	Amillepora10216	2	1	0.5	0.5	50	50	70.71067811865476	50	100	0
chr4	20460082	20465081	Amillepora10222	1	0	0	0	0	0	NA	NA	0	0
chr4	20450302	20451765	Amillepora10218	2	0	0	0	0	0	0	0	0	0
chr4	20453029	20455148	Amillepora10219	1	0	0	0	0	0	NA	NA	0	0
chr4	20518719	20522639	Amillepora10228	3	0	0	0	0	0	0	0	0	0
chr4	20529401	20537575	Amillepora10229	3	0	0	0	0	0	0	0	0	0
chr4	20497167	20502328	Amillepora10225	1	0	0	0	0	0	NA	NA	0	0
chr4	20558702	20561001	Amillepora10230	4	0	0	0	0	0	0	0	0	0
chr4	20484577	20491565	Amillepora10224	1	0	0	0	0	0	NA	NA	0	0
chr4	20584111	20585121	Amillepora10232	1	0	0	0	0	0	NA	NA	0	0
chr4	20590765	20597158	Amillepora10233	3	0	0	0	0	0	0	0	0	0
chr4	20605876	20614564	Amillepora10234	1	1	1	1	100	100	NA	NA	100	100
chr4	20625877	20640169	Amillepora10236	11	0	0	0	0	0	0	0	0	0
chr4	20649776	20654908	Amillepora10237	2	0	0	0	0	0	0	0	0	0
chr4	20658383	20664613	Amillepora10238	2	1	0.5	0.5	50	50	70.71067811865476	50	100	0
chr4	20705162	20709193	Amillepora10242	2	0	0	0	0	0	0	0	0	0
chr4	20689693	20695645	Amillepora10241	6	0	0	0	0	0	0	0	0	0
chr4	20754573	20772035	Amillepora10245	2	0	0	0	0	0	0	0	0	0
chr4	20711217	20721756	Amillepora10243	9	0	0	0	0	0	0	0	0	0
chr4	20740026	20743106	Amillepora10244	3	0	0	0	0	0	0	0	0	0
chr4	20671419	20677637	Amillepora10240	4	0	0	0	0	0	0	0	0	0
chr4	20825338	20832428	Amillepora10251	1	0	0	0	0	0	NA	NA	0	0
chr4	20835818	20846095	Amillepora10252	10	1	0.1	0.1	10	0	31.622776601683793	10	100	0
chr4	20851481	20880277	Amillepora10253	28	4	0.14285714285714285	0.13793103448275862	14.285714285714286	0	35.634832254989924	6.734350297014737	100	0
chr4	20907337	20924821	Amillepora10255	6	2	0.3333333333333333	0.3333333333333333	33.333333333333336	0	51.63977794943222	21.081851067789195	100	0
chr4	20938041	20942223	Amillepora10257	1	0	0	0	0	0	NA	NA	0	0
chr4	20926906	20938016	Amillepora10256	8	2	0.25	0.25	25	0	46.29100498862757	16.366341767699428	100	0
chr4	20885047	20890652	Amillepora10254	2	0	0	0	0	0	0	0	0	0
chr4	21039122	21056338	Amillepora10265	15	1	0.06666666666666667	0.06666666666666667	6.666666666666667	0	25.819888974716125	6.666666666666666	100	0
chr4	20999200	21009608	Amillepora10262	4	3	0.75	0.75	75	100	50	25	100	0
chr4	21058381	21064892	Amillepora10267	2	0	0	0	0	0	0	0	0	0
chr4	20996004	20997598	Amillepora10261	4	0	0	0	0	0	0	0	0	0
chr4	20990696	20994364	Amillepora10260	4	3	0.75	0.75	75	100	50	25	100	0
chr4	20955658	20989627	Amillepora10259	34	1	0.029411764705882353	0.029411764705882353	2.9411764705882355	0	17.149858514250884	2.941176470588235	100	0
chr4	21075414	21078545	Amillepora10270	3	0	0	0	0	0	0	0	0	0
chr4	21072133	21073018	Amillepora10269	4	0	0	0	0	0	0	0	0	0
chr4	21065816	21069865	Amillepora10268	11	1	0.09090909090909091	0.09090909090909091	9.090909090909092	0	30.151134457776358	9.09090909090909	100	0
chr4	21115537	21141369	Amillepora10304	9	0	0	0	0	0	0	0	0	0
chr4	21143864	21149869	Amillepora10305	1	0	0	0	0	0	NA	NA	0	0
chr4	21254442	21287108	Amillepora10329	46	0	0	0	0	0	0	0	0	0
chr4	21250125	21253877	Amillepora10314	5	0	0	0	0	0	0	0	0	0
chr4	21209776	21215590	Amillepora10312	2	0	0	0	0	0	0	0	0	0
chr4	21218158	21244015	Amillepora10313	8	0	0	0	0	0	0	0	0	0
chr4	21359390	21370843	Amillepora10333	17	0	0	0	0	0	0	0	0	0
chr4	21371936	21389701	Amillepora10334	12	0	0	0	0	0	0	0	0	0
chr4	21292397	21345692	Amillepora10330	71	2	0.028169014084507043	0.028169014084507043	2.816901408450704	0	16.663312875171478	1.9775714084998979	100	0
chr4	21431568	21434271	Amillepora10339	4	0	0	0	0	0	0	0	0	0
chr4	21424185	21430981	Amillepora10337	3	0	0	0	0	0	0	0	0	0
chr4	21410119	21420245	Amillepora10336	6	0	0	0	0	0	0	0	0	0
chr4	21435140	21466325	Amillepora10340	15	12	0.8	0.8	80	100	41.403933560541255	10.690449676496975	100	0
chr4	21390973	21405639	Amillepora10335	5	2	0.4	0.4	40	0	54.772255750516614	24.49489742783178	100	0
chr4	21574061	21579902	Amillepora10350	8	0	0	0	0	0	0	0	0	0
chr4	21519164	21540482	Amillepora10346	13	1	0.07692307692307693	0.07692307692307693	7.6923076923076925	0	27.735009811261456	7.6923076923076925	100	0
chr4	21551941	21562577	Amillepora10348	10	1	0.1	0.1	10	0	31.622776601683793	10	100	0
chr4	21540307	21549985	Amillepora10347	12	0	0	0	0	0	0	0	0	0
chr4	21567405	21571412	Amillepora10349	2	0	0	0	0	0	0	0	0	0
chr4	21489984	21492578	Amillepora10343	2	0	0	0	0	0	0	0	0	0
chr4	21595399	21601198	Amillepora10353	3	0	0	0	0	0	0	0	0	0
chr4	21603490	21623831	Amillepora10354	30	2	0.06666666666666667	0.06666666666666667	6.666666666666667	0	25.37081317024625	4.632055558531008	100	0
chr4	21624296	21639612	Amillepora10355	12	0	0	0	0	0	0	0	0	0
chr4	21580956	21595212	Amillepora10352	9	0	0	0	0	0	0	0	0	0
chr4	21651587	21669912	Amillepora10357	31	1	0.03225806451612903	0.03225806451612903	3.225806451612903	0	17.9605302026775	3.2258064516129035	100	0
chr4	21762921	21764912	Amillepora10363	1	0	0	0	0	0	NA	NA	0	0
chr4	21677089	21693786	Amillepora10358	23	2	0.08695652173913043	0.08695652173913043	8.695652173913043	0	28.810406552003034	6.007385040937022	100	0
chr4	21742643	21745036	Amillepora10362	3	0	0	0	0	0	0	0	0	0
chr4	21722787	21733343	Amillepora10361	9	0	0	0	0	0	0	0	0	0
chr4	21695989	21699049	Amillepora10359	5	0	0	0	0	0	0	0	0	0
chr4	21801340	21805322	Amillepora10367	2	0	0	0	0	0	0	0	0	0
chr4	21768417	21772590	Amillepora10364	4	0	0	0	0	0	0	0	0	0
chr4	21821242	21844618	Amillepora10369	28	0	0	0	0	0	0	0	0	0
chr4	21853572	21862823	Amillepora10370	5	0	0	0	0	0	0	0	0	0
chr4	21976328	21981909	Amillepora10380	1	1	1	1	100	100	NA	NA	100	100
chr4	21911195	21918606	Amillepora10374	1	0	0	0	0	0	NA	NA	0	0
chr4	21879880	21888381	Amillepora10371	4	0	0	0	0	0	0	0	0	0
chr4	21889512	21898926	Amillepora10372	10	0	0	0	0	0	0	0	0	0
chr4	22060022	22074353	Amillepora10387	15	2	0.13333333333333333	0.13333333333333333	13.333333333333334	0	35.18657752744984	9.085135251589959	100	0
chr4	22027968	22046686	Amillepora10385	16	2	0.125	0.125	12.5	0	34.15650255319866	8.539125638299666	100	0
chr4	21992234	22013719	Amillepora10382	22	1	0.045454545454545456	0.045454545454545456	4.545454545454546	0	21.320071635561042	4.545454545454545	100	0
chr4	22047153	22058349	Amillepora10386	11	0	0	0	0	0	0	0	0	0
chr4	22015859	22027998	Amillepora10383	5	0	0	0	0	0	0	0	0	0
chr4	22117402	22120433	Amillepora10391	2	0	0	0	0	0	0	0	0	0
chr4	22153701	22162009	Amillepora10396	8	0	0	0	0	0	0	0	0	0
chr4	22103803	22116384	Amillepora10389	5	4	0.8	0.8	80	100	44.721359549995796	20	100	0
chr4	22133658	22145781	Amillepora10393	10	1	0.1	0.1	10	0	31.622776601683793	10	100	0
chr4	22163055	22168009	Amillepora10398	1	0	0	0	0	0	NA	NA	0	0
chr4	22121612	22128534	Amillepora10392	8	3	0.375	0.375	37.5	0	51.75491695067657	18.298126367784995	100	0
chr4	22074987	22103342	Amillepora10388	34	3	0.08823529411764706	0.08823529411764706	8.823529411764707	0	28.790224128123658	4.937482703908927	100	0
chr4	22148621	22157792	Amillepora10395	7	2	0.2857142857142857	0.2857142857142857	28.571428571428573	0	48.79500364742666	18.442777839082936	100	0
chr4	22226291	22234963	Amillepora10400	3	0	0	0	0	0	0	0	0	0
chr4	22242333	22248996	Amillepora10401	2	0	0	0	0	0	0	0	0	0
chr4	22279084	22283392	Amillepora10402	6	0	0	0	0	0	0	0	0	0
chr4	22331531	22343579	Amillepora10407	2	0	0	0	0	0	0	0	0	0
chr4	22315301	22327175	Amillepora10405	5	1	0.2	0.2	20	0	44.721359549995796	20	100	0
chr4	22330741	22331298	Amillepora10406	1	0	0	0	0	0	NA	NA	0	0
chr4	22408166	22419541	Amillepora10411	18	0	0	0	0	0	0	0	0	0
chr4	22357617	22368813	Amillepora10408	12	2	0.16666666666666666	0.16666666666666666	16.666666666666668	0	38.92494720807615	11.236664374387368	100	0
chr4	22383418	22395209	Amillepora10410	9	2	0.2222222222222222	0.2222222222222222	22.22222222222222	0	44.09585518440984	14.698618394803281	100	0
chr4	22421460	22426772	Amillepora10412	3	0	0	0	0	0	0	0	0	0
chr4	22431402	22434092	Amillepora10414	1	0	0	0	0	0	NA	NA	0	0
chr4	22371029	22376601	Amillepora10409	3	0	0	0	0	0	0	0	0	0
chr4	22428110	22431191	Amillepora10413	5	0	0	0	0	0	0	0	0	0
chr4	22549669	22556564	Amillepora10422	8	0	0	0	0	0	0	0	0	0
chr4	22571993	22578643	Amillepora10424	8	0	0	0	0	0	0	0	0	0
chr4	22497279	22523781	Amillepora10419	43	4	0.09302325581395349	0.09302325581395349	9.30232558139535	0	29.390259873217925	4.481972612369449	100	0
chr4	22524206	22534802	Amillepora10420	18	0	0	0	0	0	0	0	0	0
chr4	22557378	22565063	Amillepora10423	10	0	0	0	0	0	0	0	0	0
chr4	22537007	22548040	Amillepora10421	21	0	0	0	0	0	0	0	0	0
chr4	22437994	22494869	Amillepora10415	101	2	0.019801980198019802	0.019801980198019802	1.9801980198019802	0	14.001414355714083	1.3931927999475535	100	0
chr4	22666580	22680102	Amillepora10439	11	3	0.2727272727272727	0.2727272727272727	27.272727272727273	0	46.70993664969137	14.083575804390607	100	0
chr4	22651495	22659493	Amillepora10437	6	1	0.16666666666666666	0.16666666666666666	16.666666666666668	0	40.8248290463863	16.66666666666667	100	0
chr4	22636828	22644669	Amillepora10435	2	0	0	0	0	0	0	0	0	0
chr4	22594485	22606743	Amillepora10429	8	0	0	0	0	0	0	0	0	0
chr4	22621960	22635499	Amillepora10433	13	1	0.07692307692307693	0.07692307692307693	7.6923076923076925	0	27.735009811261456	7.6923076923076925	100	0
chr4	22584881	22591020	Amillepora10428	6	0	0	0	0	0	0	0	0	0
chr4	22611557	22618640	Amillepora10432	1	0	0	0	0	0	NA	NA	0	0
chr4	22647438	22648602	Amillepora10436	3	0	0	0	0	0	0	0	0	0
chr4	22704353	22707490	Amillepora10442	7	1	0.14285714285714285	0.14285714285714285	14.285714285714286	0	37.79644730092272	14.285714285714285	100	0
chr4	22779886	22787321	Amillepora10448	3	0	0	0	0	0	0	0	0	0
chr4	22720356	22729891	Amillepora10443	6	1	0.16666666666666666	0.16666666666666666	16.666666666666668	0	40.8248290463863	16.66666666666667	100	0
chr4	22681412	22698888	Amillepora10440	16	1	0.0625	0.0625	6.25	0	25	6.25	100	0
chr4	22699053	22702802	Amillepora10441	7	0	0	0	0	0	0	0	0	0
chr4	22744997	22752882	Amillepora10445	9	1	0.1111111111111111	0.1111111111111111	11.11111111111111	0	33.333333333333336	11.111111111111112	100	0
chr4	22768473	22778423	Amillepora10447	12	1	0.08333333333333333	0.08333333333333333	8.333333333333334	0	28.867513459481295	8.333333333333334	100	0
chr4	22762498	22763524	Amillepora10446	1	0	0	0	0	0	NA	NA	0	0
chr4	22732520	22738893	Amillepora10444	14	0	0	0	0	0	0	0	0	0
chr4	22823625	22836372	Amillepora10451	1	0	0	0	0	0	NA	NA	0	0
chr4	22788342	22796943	Amillepora10449	7	0	0	0	0	0	0	0	0	0
chr4	22809806	22823513	Amillepora10450	8	0	0	0	0	0	0	0	0	0
chr4	22901074	22915768	Amillepora10454	2	1	0.5	0.5	50	50	70.71067811865476	50	100	0
chr4	22916647	22929305	Amillepora10456	4	2	0.5	0.5	50	50	57.735026918962575	28.867513459481287	100	0
chr4	22898731	22906410	Amillepora10453	1	1	1	1	100	100	NA	NA	100	100
chr4	22894582	22896728	Amillepora10452	6	0	0	0	0	0	0	0	0	0
chr4	23007769	23019936	Amillepora10461	10	1	0.1	0.1	10	0	31.622776601683793	10	100	0
chr4	23050017	23059971	Amillepora10466	3	2	0.6666666666666666	0.5	50	50	50	28.86751345948129	100	0
chr4	23039829	23041971	Amillepora10465	1	0	0	0	0	0	NA	NA	0	0
chr4	23022875	23037847	Amillepora10463	1	0	0	0	0	0	NA	NA	0	0
chr4	23062322	23063263	Amillepora10467	6	0	0	0	0	0	0	0	0	0
chr4	23020817	23029739	Amillepora10462	4	0	0	0	0	0	0	0	0	0
chr4	23088607	23107575	Amillepora10469	19	0	0	0	0	0	0	0	0	0
chr4	23129025	23135418	Amillepora10475	3	2	0.6666666666666666	0.6666666666666666	66.66666666666667	100	57.73502691896258	33.333333333333336	100	0
chr4	23116698	23125003	Amillepora10473	2	2	1	1	100	100	0	0	100	100
chr4	23163868	23175475	Amillepora10476	15	1	0.06666666666666667	0.06666666666666667	6.666666666666667	0	25.819888974716118	6.666666666666666	100	0
chr4	23124969	23128688	Amillepora10474	3	1	0.3333333333333333	0.3333333333333333	33.333333333333336	0	57.735026918962575	33.333333333333336	100	0
chr4	23067744	23089475	Amillepora10468	22	0	0	0	0	0	0	0	0	0
chr4	23259716	23263041	Amillepora10480	1	0	0	0	0	0	NA	NA	0	0
chr4	23244612	23258501	Amillepora10479	1	0	0	0	0	0	NA	NA	0	0
chr4	23209660	23242555	Amillepora10478	2	1	0.5	0.5	50	50	70.71067811865476	50	100	0
chr4	23179803	23203609	Amillepora10477	11	0	0	0	0	0	0	0	0	0
chr4	23269333	23272097	Amillepora10482	5	0	0	0	0	0	0	0	0	0
chr4	23299712	23305268	Amillepora10485	1	1	1	1	100	100	NA	NA	100	100
chr4	23309944	23312161	Amillepora10486	1	0	0	0	0	0	NA	NA	0	0
chr4	23365495	23368822	Amillepora10490	1	0	0	0	0	0	NA	NA	0	0
chr4	23287205	23292897	Amillepora10484	1	1	1	1	100	100	NA	NA	100	100
chr4	23283607	23285840	Amillepora10483	1	0	0	0	0	0	NA	NA	0	0
chr4	23468377	23476922	Amillepora10495	9	3	0.3333333333333333	0.3333333333333333	33.333333333333336	0	49.99999999999999	16.666666666666668	100	0
chr4	23370054	23383789	Amillepora10491	1	0	0	0	0	0	NA	NA	0	0
chr4	23425478	23463131	Amillepora10493	21	1	0.047619047619047616	0.047619047619047616	4.761904761904762	0	21.821789023599244	4.761904761904762	100	0
chr4	23385864	23417717	Amillepora10492	3	2	0.6666666666666666	0.6666666666666666	66.66666666666667	100	57.73502691896258	33.333333333333336	100	0
chr4	23517493	23529407	Amillepora10498	4	2	0.5	0.5	50	50	57.735026918962575	28.867513459481287	100	0
chr4	23569779	23582223	Amillepora10503	16	8	0.5	0.5	50	50	51.63977794943222	12.909944487358056	100	0
chr4	23552615	23563896	Amillepora10501	8	1	0.125	0.125	12.5	0	35.35533905932738	12.5	100	0
chr4	23499548	23513528	Amillepora10497	12	1	0.08333333333333333	0.08333333333333333	8.333333333333334	0	28.867513459481298	8.333333333333334	100	0
chr4	23490282	23496681	Amillepora10496	14	1	0.07142857142857142	0.07142857142857142	7.142857142857143	0	26.72612419124244	7.142857142857143	100	0
chr4	23532206	23538747	Amillepora10499	5	1	0.2	0.2	20	0	44.721359549995796	20	100	0
chr4	23544791	23551770	Amillepora10500	9	3	0.3333333333333333	0.3333333333333333	33.333333333333336	0	49.99999999999999	16.666666666666668	100	0
chr4	23598640	23607883	Amillepora10507	4	0	0	0	0	0	0	0	0	0
chr4	23608665	23623043	Amillepora10509	13	2	0.15384615384615385	0.15384615384615385	15.384615384615385	0	37.553380809940535	10.415433852097385	100	0
chr4	23624938	23629905	Amillepora10510	7	2	0.2857142857142857	0.2857142857142857	28.571428571428573	0	48.79500364742666	18.442777839082936	100	0
chr4	23597876	23598580	Amillepora10506	1	0	0	0	0	0	NA	NA	0	0
chr4	23593494	23594390	Amillepora10505	1	0	0	0	0	0	NA	NA	0	0
chr4	23677167	23682074	Amillepora10516	3	1	0.3333333333333333	0.3333333333333333	33.333333333333336	0	57.735026918962575	33.333333333333336	100	0
chr4	23636671	23660677	Amillepora10511	14	5	0.35714285714285715	0.35714285714285715	35.714285714285715	0	49.72451580988469	13.289435848843764	100	0
chr4	23859149	23868423	Amillepora10523	2	0	0	0	0	0	0	0	0	0
chr4	23829393	23835961	Amillepora10521	1	0	0	0	0	0	NA	NA	0	0
chr4	23724481	23728017	Amillepora10519	4	0	0	0	0	0	0	0	0	0
chr4	23663207	23664803	Amillepora10513	2	0	0	0	0	0	0	0	0	0
chr4	23692016	23698196	Amillepora10518	8	0	0	0	0	0	0	0	0	0
chr4	24052217	24055510	Amillepora10534	1	0	0	0	0	0	NA	NA	0	0
chr4	24190569	24190943	Amillepora10541	2	1	0.5	0.5	50	50	70.71067811865476	50	100	0
chr4	24243135	24390809	Amillepora10548	33	3	0.09090909090909091	0.09090909090909091	9.090909090909092	0	29.193710406057107	5.081972676135885	100	0
chr4	24340334	24343819	Amillepora10553	1	0	0	0	0	0	NA	NA	0	0
chr4	24477862	24491412	Amillepora10560	2	0	0	0	0	0	0	0	0	0
chr4	24422637	24428957	Amillepora10556	1	0	0	0	0	0	NA	NA	0	0
chr4	24590654	24596487	Amillepora10565	4	0	0	0	0	0	0	0	0	0
chr4	24714311	24718236	Amillepora10573	2	0	0	0	0	0	0	0	0	0
chr4	24680768	24684244	Amillepora10571	1	0	0	0	0	0	NA	NA	0	0
chr4	24642858	24646674	Amillepora10568	4	0	0	0	0	0	0	0	0	0
chr4	24747114	24750462	Amillepora10576	1	0	0	0	0	0	NA	NA	0	0
chr4	24754120	24767363	Amillepora10577	12	0	0	0	0	0	0	0	0	0
chr4	24770749	24782755	Amillepora10579	11	1	0.09090909090909091	0.09090909090909091	9.090909090909092	0	30.151134457776358	9.09090909090909	100	0
chr4	24801799	24810445	Amillepora10581	11	1	0.09090909090909091	0.09090909090909091	9.090909090909092	0	30.151134457776358	9.09090909090909	100	0
chr4	24873505	24880559	Amillepora10585	18	0	0	0	0	0	0	0	0	0
chr4	24854832	24856362	Amillepora10582	1	0	0	0	0	0	NA	NA	0	0
chr4	24789177	24797303	Amillepora10580	2	1	0.5	0.5	50	50	70.71067811865476	50	100	0
chr4	24862733	24864922	Amillepora10583	6	0	0	0	0	0	0	0	0	0
chr4	24999136	25001645	Amillepora10591	1	0	0	0	0	0	NA	NA	0	0
chr4	25076005	25082557	Amillepora10596	5	2	0.4	0.4	40	0	54.772255750516614	24.49489742783178	100	0
chr4	24984344	24989359	Amillepora10590	1	1	1	1	100	100	NA	NA	100	100
chr4	25004954	25006555	Amillepora10592	1	1	1	1	100	100	NA	NA	100	100
chr4	25011767	25031830	Amillepora10593	16	1	0.0625	0.0625	6.25	0	25	6.25	100	0
chr4	25033297	25043820	Amillepora10594	10	0	0	0	0	0	0	0	0	0
chr4	24956148	24983990	Amillepora10588	23	1	0.043478260869565216	0.043478260869565216	4.3478260869565215	0	20.851441405707476	4.347826086956522	100	0
chr4	25048667	25059291	Amillepora10595	10	0	0	0	0	0	0	0	0	0
chr4	25125286	25159464	Amillepora10600	28	1	0.03571428571428571	0.03571428571428571	3.5714285714285716	0	18.898223650461347	3.571428571428571	100	0
chr4	25083815	25114868	Amillepora10597	30	0	0	0	0	0	0	0	0	0
chr4	25203641	25212155	Amillepora10606	5	0	0	0	0	0	0	0	0	0
chr4	25180591	25192136	Amillepora10601	4	3	0.75	0.75	75	100	50	25	100	0
chr4	25213815	25225418	Amillepora10607	4	0	0	0	0	0	0	0	0	0
chr4	25198579	25207644	Amillepora10605	2	0	0	0	0	0	0	0	0	0
chr4	25226751	25228724	Amillepora10608	6	0	0	0	0	0	0	0	0	0
chr4	25357627	25359942	Amillepora10618	1	1	1	1	100	100	NA	NA	100	100
chr4	25314524	25328862	Amillepora10614	1	0	0	0	0	0	NA	NA	0	0
chr4	25238247	25244310	Amillepora10609	4	0	0	0	0	0	0	0	0	0
chr4	25245312	25254024	Amillepora10610	2	0	0	0	0	0	0	0	0	0
chr4	25263990	25265633	Amillepora10612	1	0	0	0	0	0	NA	NA	0	0
chr4	25345560	25350647	Amillepora10615	2	0	0	0	0	0	0	0	0	0
chr4	25364821	25369656	Amillepora10619	1	0	0	0	0	0	NA	NA	0	0
chr4	25430325	25443540	Amillepora10624	20	0	0	0	0	0	0	0	0	0
chr4	25453214	25473664	Amillepora10625	20	5	0.25	0.25	25	0	44.426165831931925	9.933992677987828	100	0
chr4	25476017	25488672	Amillepora10629	3	0	0	0	0	0	0	0	0	0
chr4	25394222	25420136	Amillepora10622	24	1	0.041666666666666664	0.041666666666666664	4.166666666666667	0	20.412414523193153	4.166666666666668	100	0
chr4	25676586	25684884	Amillepora10634	4	1	0.25	0.25	25	0	50	25	100	0
chr4	25656452	25666280	Amillepora10632	10	1	0.1	0.1	10	0	31.622776601683793	10	100	0
chr4	25492618	25644552	Amillepora10630	178	12	0.06741573033707865	0.06741573033707865	6.741573033707865	0	25.144791146584836	1.8846817777547904	100	0
chr4	25668812	25670542	Amillepora10633	1	0	0	0	0	0	NA	NA	0	0
chr4	25709850	25718514	Amillepora10637	2	1	0.5	0.5	50	50	70.71067811865476	50	100	0
chr4	25779187	25783171	Amillepora10644	12	1	0.08333333333333333	0.08333333333333333	8.333333333333334	0	28.8675134594813	8.333333333333334	100	0
chr4	25724765	25726816	Amillepora10640	1	0	0	0	0	0	NA	NA	0	0
chr4	25719072	25720022	Amillepora10639	2	1	0.5	0.5	50	50	70.71067811865476	50	100	0
chr4	25729179	25757601	Amillepora10641	33	0	0	0	0	0	0	0	0	0
chr4	25705007	25709724	Amillepora10636	4	2	0.5	0.5	50	50	57.735026918962575	28.867513459481287	100	0
chr4	25828332	25841295	Amillepora10650	24	0	0	0	0	0	0	0	0	0
chr4	25785437	25800309	Amillepora10646	5	3	0.6	0.6	60	100	54.772255750516614	24.49489742783178	100	0
chr4	25820283	25823119	Amillepora10649	1	0	0	0	0	0	NA	NA	0	0
chr4	25811219	25820117	Amillepora10648	2	2	1	1	100	100	0	0	100	100
chr4	25801501	25806866	Amillepora10647	2	1	0.5	0.5	50	50	70.71067811865476	50	100	0
chr4	25768930	25777355	Amillepora10642	9	0	0	0	0	0	0	0	0	0
chr4	25782148	25798333	Amillepora10645	11	3	0.2727272727272727	0.2727272727272727	27.272727272727273	0	46.70993664969137	14.083575804390607	100	0
chr4	25899311	25902421	Amillepora10652	3	0	0	0	0	0	0	0	0	0
chr4	25881735	25895114	Amillepora10651	5	3	0.6	0.6	60	100	54.772255750516614	24.49489742783178	100	0
chr4	25906378	25917348	Amillepora10653	10	0	0	0	0	0	0	0	0	0
chr4	25918550	25930516	Amillepora10654	11	2	0.18181818181818182	0.18181818181818182	18.181818181818183	0	40.45199174779453	12.196734422726125	100	0
chr4	25965577	25978624	Amillepora10656	10	0	0	0	0	0	0	0	0	0
chr4	25983018	25984353	Amillepora10660	5	1	0.2	0.2	20	0	44.721359549995796	20	100	0
chr4	25984802	25990417	Amillepora10661	8	1	0.125	0.125	12.5	0	35.35533905932738	12.5	100	0
chr4	26080946	26088725	Amillepora10668	15	0	0	0	0	0	0	0	0	0
chr4	26059621	26073079	Amillepora10666	22	1	0.045454545454545456	0.045454545454545456	4.545454545454546	0	21.320071635561042	4.545454545454545	100	0
chr4	26043336	26055175	Amillepora10664	15	0	0	0	0	0	0	0	0	0
chr4	25992618	25994421	Amillepora10663	5	1	0.2	0.2	20	0	44.721359549995796	20	100	0
chr4	26179708	26185899	Amillepora10674	15	0	0	0	0	0	0	0	0	0
chr4	26104141	26106020	Amillepora10669	2	0	0	0	0	0	0	0	0	0
chr4	26138394	26179177	Amillepora10673	83	2	0.024096385542168676	0.024096385542168676	2.4096385542168677	0	15.428067663158037	1.6934504301174151	100	0
chr4	26132653	26137209	Amillepora10672	4	0	0	0	0	0	0	0	0	0
chr4	26129113	26132336	Amillepora10671	6	1	0.16666666666666666	0.16666666666666666	16.666666666666668	0	40.82482904638629	16.66666666666667	100	0
chr4	26111587	26129053	Amillepora10670	28	4	0.14285714285714285	0.14285714285714285	14.285714285714286	0	35.63483225498993	6.734350297014737	100	0
chr4	26277781	26286771	Amillepora10679	1	0	0	0	0	0	NA	NA	0	0
chr4	26219794	26223099	Amillepora10675	5	1	0.2	0.2	20	0	44.721359549995796	20	100	0
chr4	26243737	26248359	Amillepora10678	2	1	0.5	0.5	50	50	70.71067811865476	50	100	0
chr4	26306060	26306461	Amillepora10683	1	1	1	1	100	100	NA	NA	100	100
chr4	26303202	26305085	Amillepora10682	1	1	1	1	100	100	NA	NA	100	100
chr4	26286744	26288517	Amillepora10680	1	1	1	1	100	100	NA	NA	100	100
chr4	26290112	26291607	Amillepora10681	4	4	1	1	100	100	0	0	100	100
chr4	26455183	26459555	Amillepora10694	3	1	0.3333333333333333	0.3333333333333333	33.333333333333336	0	57.735026918962575	33.333333333333336	100	0
chr4	26449626	26453451	Amillepora10693	4	0	0	0	0	0	0	0	0	0
chr4	26402549	26408918	Amillepora10688	5	0	0	0	0	0	0	0	0	0
chr4	26432982	26435832	Amillepora10692	1	0	0	0	0	0	NA	NA	0	0
chr4	26422887	26425804	Amillepora10690	1	0	0	0	0	0	NA	NA	0	0
chr4	26462659	26477265	Amillepora10695	18	0	0	0	0	0	0	0	0	0
chr4	26427293	26429051	Amillepora10691	1	0	0	0	0	0	NA	NA	0	0
chr4	26410419	26420333	Amillepora10689	13	0	0	0	0	0	0	0	0	0
chr4	26514938	26537232	Amillepora10702	29	4	0.13793103448275862	0.13793103448275862	13.793103448275861	0	35.09312031717982	6.516628844986676	100	0
chr4	26478894	26485225	Amillepora10696	4	1	0.25	0.25	25	0	50	25	100	0
chr4	26492212	26500320	Amillepora10698	16	0	0	0	0	0	0	0	0	0
chr4	26487493	26489093	Amillepora10697	1	0	0	0	0	0	NA	NA	0	0
chr4	26501065	26505327	Amillepora10699	4	1	0.25	0.25	25	0	50	25	100	0
chr4	26539099	26568163	Amillepora10704	30	1	0.03333333333333333	0.03333333333333333	3.3333333333333335	0	18.257418583505537	3.333333333333333	100	0
chr4	26510127	26520972	Amillepora10701	15	2	0.13333333333333333	0.13333333333333333	13.333333333333334	0	35.18657752744984	9.085135251589959	100	0
chr4	26505692	26509712	Amillepora10700	2	0	0	0	0	0	0	0	0	0
chr4	26633171	26643207	Amillepora10710	11	1	0.09090909090909091	0.09090909090909091	9.090909090909092	0	30.151134457776358	9.09090909090909	100	0
chr4	26590598	26598471	Amillepora10706	5	0	0	0	0	0	0	0	0	0
chr4	26667820	26689640	Amillepora10712	36	2	0.05555555555555555	0.05555555555555555	5.555555555555555	0	23.231068414572313	3.8718447357620533	100	0
chr4	26609468	26629287	Amillepora10708	1	0	0	0	0	0	NA	NA	0	0
chr4	26583136	26590167	Amillepora10705	7	0	0	0	0	0	0	0	0	0
chr4	26656477	26657451	Amillepora10711	3	0	0	0	0	0	0	0	0	0
chr4	26606805	26607742	Amillepora10707	3	0	0	0	0	0	0	0	0	0
chr4	26696430	26703785	Amillepora10713	5	0	0	0	0	0	0	0	0	0
chr4	26724512	26749891	Amillepora10715	42	3	0.07142857142857142	0.07142857142857142	7.142857142857143	0	26.066118021500664	4.022089331224807	100	0
chr4	26708441	26721126	Amillepora10714	2	0	0	0	0	0	0	0	0	0
chr4	26757550	26779686	Amillepora10717	28	1	0.03571428571428571	0.03571428571428571	3.5714285714285716	0	18.898223650461343	3.571428571428571	100	0
chr4	26751245	26754646	Amillepora10716	1	1	1	1	100	100	NA	NA	100	100
chr4	26842325	26853831	Amillepora10723	7	3	0.42857142857142855	0.42857142857142855	42.857142857142854	0	53.45224838248488	20.203050891044217	100	0
chr4	26872072	26875745	Amillepora10724	7	0	0	0	0	0	0	0	0	0
chr4	26790652	26797059	Amillepora10718	15	0	0	0	0	0	0	0	0	0
chr4	26812255	26831838	Amillepora10720	6	2	0.3333333333333333	0.3333333333333333	33.333333333333336	0	51.63977794943222	21.081851067789195	100	0
chr4	26833285	26841625	Amillepora10722	6	1	0.16666666666666666	0.16666666666666666	16.666666666666668	0	40.8248290463863	16.66666666666667	100	0
chr4	26804121	26812828	Amillepora10719	4	0	0	0	0	0	0	0	0	0
chr4	26882851	26892731	Amillepora10725	10	0	0	0	0	0	0	0	0	0
chr4	26936522	26937409	Amillepora10728	1	1	1	1	100	100	NA	NA	100	100
chr4	26933568	26935435	Amillepora10727	3	0	0	0	0	0	0	0	0	0
chr4	26898409	26911956	Amillepora10726	6	0	0	0	0	0	0	0	0	0
chr4	27075009	27082278	Amillepora10735	9	0	0	0	0	0	0	0	0	0
chr4	27024283	27025265	Amillepora10731	1	0	0	0	0	0	NA	NA	0	0
chr4	27021304	27022797	Amillepora10730	2	0	0	0	0	0	0	0	0	0
chr4	27060152	27063451	Amillepora10734	2	0	0	0	0	0	0	0	0	0
chr4	27133275	27143847	Amillepora10740	16	0	0	0	0	0	0	0	0	0
chr4	27160652	27164797	Amillepora10743	14	0	0	0	0	0	0	0	0	0
chr4	27117512	27121827	Amillepora10739	6	0	0	0	0	0	0	0	0	0
chr4	27144263	27150250	Amillepora10741	7	0	0	0	0	0	0	0	0	0
chr4	27107857	27117202	Amillepora10737	17	1	0.058823529411764705	0.058823529411764705	5.882352941176471	0	24.253562503633294	5.88235294117647	100	0
chr4	27164803	27174973	Amillepora10744	13	0	0	0	0	0	0	0	0	0
chr4	27175056	27190046	Amillepora10745	15	2	0.13333333333333333	0.13333333333333333	13.333333333333334	0	35.18657752744984	9.085135251589959	100	0
chr4	27254283	27255119	Amillepora10752	2	0	0	0	0	0	0	0	0	0
chr4	27265604	27269887	Amillepora10753	13	1	0.07692307692307693	0.07692307692307693	7.6923076923076925	0	27.735009811261456	7.6923076923076925	100	0
chr4	27247484	27252014	Amillepora10751	11	0	0	0	0	0	0	0	0	0
chr4	27213812	27237940	Amillepora10748	19	2	0.10526315789473684	0.10526315789473684	10.526315789473685	0	31.530176764230596	7.233518641434491	100	0
chr4	27239072	27243395	Amillepora10750	9	0	0	0	0	0	0	0	0	0
chr4	27193994	27195821	Amillepora10747	7	1	0.14285714285714285	0.14285714285714285	14.285714285714286	0	37.79644730092272	14.285714285714285	100	0
chr4	27278070	27279761	Amillepora10755	1	0	0	0	0	0	NA	NA	0	0
chr4	27353047	27358095	Amillepora10764	8	0	0	0	0	0	0	0	0	0
chr4	27281394	27289181	Amillepora10756	6	1	0.16666666666666666	0.16666666666666666	16.666666666666668	0	40.8248290463863	16.66666666666667	100	0
chr4	27290195	27293555	Amillepora10757	4	1	0.25	0.25	25	0	50	25	100	0
chr4	27361710	27363227	Amillepora10765	5	0	0	0	0	0	0	0	0	0
chr4	27366949	27380567	Amillepora10766	20	1	0.05	0.05	5	0	22.360679774997898	5	100	0
chr4	27330060	27333755	Amillepora10761	4	0	0	0	0	0	0	0	0	0
chr4	27311593	27318957	Amillepora10760	16	1	0.0625	0.0625	6.25	0	25	6.25	100	0
chr4	27295652	27297796	Amillepora10758	3	0	0	0	0	0	0	0	0	0
chr4	27345286	27350516	Amillepora10763	12	0	0	0	0	0	0	0	0	0
chr4	27299874	27302130	Amillepora10759	3	0	0	0	0	0	0	0	0	0
chr4	27403523	27439293	Amillepora10770	44	2	0.045454545454545456	0.045454545454545456	4.545454545454546	0	21.07070549414855	3.1765283723713993	100	0
chr4	27440377	27448179	Amillepora10772	2	1	0.5	0.5	50	50	70.71067811865476	50	100	0
chr4	27380663	27395490	Amillepora10767	8	0	0	0	0	0	0	0	0	0
chr4	27450827	27465834	Amillepora10773	3	1	0.3333333333333333	0.3333333333333333	33.333333333333336	0	57.735026918962575	33.333333333333336	100	0
chr4	27484063	27493992	Amillepora10775	2	1	0.5	0.5	50	50	70.71067811865476	50	100	0
chr4	27496417	27501944	Amillepora10776	1	1	1	1	100	100	NA	NA	100	100
chr4	27655426	27670439	Amillepora10781	21	0	0	0	0	0	0	0	0	0
chr4	27676514	27686730	Amillepora10782	3	2	0.6666666666666666	0.6666666666666666	66.66666666666667	100	57.735026918962575	33.333333333333336	100	0
chr4	27744292	27745537	Amillepora10786	1	1	1	1	100	100	NA	NA	100	100
chr4	27687057	27732499	Amillepora10783	1	1	1	1	100	100	NA	NA	100	100
chr4	27867925	27875232	Amillepora10797	5	2	0.4	0.4	40	0	54.772255750516614	24.49489742783178	100	0
chr4	27791291	27801492	Amillepora10789	1	1	1	1	100	100	NA	NA	100	100
chr4	27822418	27859705	Amillepora10793	40	5	0.125	0.125	12.5	0	33.49320635285418	5.295740910852021	100	0
chr4	27814750	27815639	Amillepora10791	2	0	0	0	0	0	0	0	0	0
chr4	27735204	27736459	Amillepora10785	1	0	0	0	0	0	NA	NA	0	0
chr4	27748266	27790950	Amillepora10787	3	3	1	1	100	100	0	0	100	100
chr4	27819160	27829549	Amillepora10792	3	2	0.6666666666666666	0.6666666666666666	66.66666666666667	100	57.735026918962575	33.333333333333336	100	0
chr4	27931382	27939326	Amillepora10804	8	1	0.125	0.125	12.5	0	35.35533905932738	12.5	100	0
chr4	27904884	27905513	Amillepora10800	1	0	0	0	0	0	NA	NA	0	0
chr4	27924423	27927352	Amillepora10802	1	1	1	1	100	100	NA	NA	100	100
chr4	27940994	27947968	Amillepora10805	2	0	0	0	0	0	0	0	0	0
chr4	27948048	27949938	Amillepora10807	1	0	0	0	0	0	NA	NA	0	0
chr4	27958452	27964296	Amillepora10808	2	0	0	0	0	0	0	0	0	0
chr4	27947117	27947968	Amillepora10806	1	0	0	0	0	0	NA	NA	0	0
chr4	27910148	27924345	Amillepora10801	11	7	0.6363636363636364	0.6363636363636364	63.63636363636363	100	50.4524979109513	15.212000482437738	100	0
chr4	27928113	27931206	Amillepora10803	1	1	1	1	100	100	NA	NA	100	100
chr4	27897740	27904654	Amillepora10799	2	1	0.5	0.5	50	50	70.71067811865476	50	100	0
chr4	28054685	28057396	Amillepora10821	3	1	0.3333333333333333	0.3333333333333333	33.333333333333336	0	57.735026918962575	33.333333333333336	100	0
chr4	28059323	28068960	Amillepora10822	3	1	0.3333333333333333	0.3333333333333333	33.333333333333336	0	57.735026918962575	33.333333333333336	100	0
chr4	28017517	28023790	Amillepora10819	2	0	0	0	0	0	0	0	0	0
chr4	28025870	28053049	Amillepora10820	42	1	0.023809523809523808	0.023809523809523808	2.380952380952381	0	15.430334996209185	2.380952380952381	100	0
chr4	27991317	27992544	Amillepora10815	3	0	0	0	0	0	0	0	0	0
chr4	27965875	27977095	Amillepora10809	11	1	0.09090909090909091	0.09090909090909091	9.090909090909092	0	30.151134457776358	9.09090909090909	100	0
chr4	27986896	27989779	Amillepora10813	1	0	0	0	0	0	NA	NA	0	0
chr4	28075389	28082189	Amillepora10824	6	0	0	0	0	0	0	0	0	0
chr4	28162883	28165370	Amillepora10829	2	0	0	0	0	0	0	0	0	0
chr4	28105483	28108137	Amillepora10825	2	0	0	0	0	0	0	0	0	0
chr4	28147145	28150788	Amillepora10828	2	0	0	0	0	0	0	0	0	0
chr4	28168623	28173531	Amillepora10830	5	0	0	0	0	0	0	0	0	0
chr4	28186583	28191401	Amillepora10832	2	0	0	0	0	0	0	0	0	0
chr4	28208048	28228392	Amillepora10834	33	0	0	0	0	0	0	0	0	0
chr4	28255480	28259705	Amillepora10836	6	0	0	0	0	0	0	0	0	0
chr4	28198240	28207881	Amillepora10833	6	1	0.16666666666666666	0.16666666666666666	16.666666666666668	0	40.8248290463863	16.66666666666667	100	0
chr4	28273660	28283830	Amillepora10837	22	0	0	0	0	0	0	0	0	0
chr4	28251968	28253801	Amillepora10835	9	1	0.1111111111111111	0.1111111111111111	11.11111111111111	0	33.333333333333336	11.111111111111112	100	0
chr4	28330924	28344561	Amillepora10841	13	1	0.07692307692307693	0.07692307692307693	7.6923076923076925	0	27.735009811261456	7.6923076923076925	100	0
chr4	28320708	28326752	Amillepora10839	5	1	0.2	0.2	20	0	44.721359549995796	20	100	0
chr4	28312632	28314988	Amillepora10838	10	0	0	0	0	0	0	0	0	0
chr4	28327662	28338279	Amillepora10840	3	2	0.6666666666666666	0.6666666666666666	66.66666666666667	100	57.735026918962575	33.333333333333336	100	0
chr4	28355155	28356595	Amillepora10844	1	1	1	1	100	100	NA	NA	100	100
chr4	28380303	28390898	Amillepora10849	7	0	0	0	0	0	0	0	0	0
chr4	28421938	28429237	Amillepora10854	15	0	0	0	0	0	0	0	0	0
chr4	28446146	28450898	Amillepora10855	3	1	0.3333333333333333	0.3333333333333333	33.333333333333336	0	57.735026918962575	33.333333333333336	100	0
chr4	28419936	28424180	Amillepora10853	5	0	0	0	0	0	0	0	0	0
chr4	28369707	28379344	Amillepora10848	1	1	1	1	100	100	NA	NA	100	100
chr4	28411906	28418273	Amillepora10852	10	1	0.1	0.09090909090909091	10	0	31.622776601683793	10	100	0
chr4	28344654	28358544	Amillepora10842	22	3	0.13636363636363635	0.13636363636363635	13.636363636363637	0	35.125008665710446	7.48867700952649	100	0
chr4	28358910	28366459	Amillepora10845	7	0	0	0	0	0	0	0	0	0
chr4	28401335	28405201	Amillepora10851	1	0	0	0	0	0	NA	NA	0	0
chr4	28396599	28398129	Amillepora10850	3	0	0	0	0	0	0	0	0	0
chr4	28497616	28500998	Amillepora10860	1	1	1	1	100	100	NA	NA	100	100
chr4	28704922	28706440	Amillepora10870	1	0	0	0	0	0	NA	NA	0	0
chr4	28747391	28753136	Amillepora10873	7	0	0	0	0	0	0	0	0	0
chr4	28754387	28755383	Amillepora10875	2	0	0	0	0	0	0	0	0	0
chr4	28849866	28854892	Amillepora10884	4	0	0	0	0	0	0	0	0	0
chr4	28800631	28822465	Amillepora10883	5	2	0.4	0.4	40	0	54.772255750516614	24.49489742783178	100	0
chr4	28795144	28799475	Amillepora10882	4	0	0	0	0	0	0	0	0	0
chr4	28858232	28869342	Amillepora10886	6	0	0	0	0	0	0	0	0	0
chr4	28781331	28784944	Amillepora10879	1	1	1	1	100	100	NA	NA	100	100
chr4	29098353	29104214	Amillepora10899	1	1	1	1	100	100	NA	NA	100	100
chr4	29179778	29181136	Amillepora10905	1	0	0	0	0	0	NA	NA	0	0
chr4	29280249	29284335	Amillepora10912	5	0	0	0	0	0	0	0	0	0
chr4	29242722	29246450	Amillepora10907	2	1	0.5	0.5	50	50	70.71067811865476	50	100	0
chr4	29285204	29291074	Amillepora10913	4	0	0	0	0	0	0	0	0	0
chr4	29296575	29316526	Amillepora10914	19	6	0.3157894736842105	0.3157894736842105	31.57894736842105	0	47.756693294091924	10.956136839295434	100	0
chr4	29259558	29275056	Amillepora10909	2	0	0	0	0	0	0	0	0	0
chr4	29250615	29256278	Amillepora10908	10	0	0	0	0	0	0	0	0	0
chr5	22927	32716	Amillepora06146	4	0	0	0	0	0	0	0	0	0
chr5	51273	52337	Amillepora06150	1	0	0	0	0	0	NA	NA	0	0
chr5	41410	47085	Amillepora06148	6	0	0	0	0	0	0	0	0	0
chr5	77492	84063	Amillepora06154	4	1	0.25	0.25	25	0	50	25	100	0
chr5	128394	135395	Amillepora06160	1	0	0	0	0	0	NA	NA	0	0
chr5	138851	157604	Amillepora06162	2	1	0.5	0.5	50	50	70.71067811865476	50	100	0
chr5	168567	178904	Amillepora06167	14	2	0.14285714285714285	0.14285714285714285	14.285714285714286	0	36.313651960128155	9.705231721239393	100	0
chr5	38447	40331	Amillepora06147	1	0	0	0	0	0	NA	NA	0	0
chr5	83435	95087	Amillepora06155	9	6	0.6666666666666666	0.6666666666666666	66.66666666666667	100	50	16.666666666666668	100	0
chr5	112888	114918	Amillepora06158	3	0	0	0	0	0	0	0	0	0
chr5	57919	65431	Amillepora06152	13	0	0	0	0	0	0	0	0	0
chr5	67064	79129	Amillepora06153	14	0	0	0	0	0	0	0	0	0
chr5	157816	160110	Amillepora06165	2	1	0.5	0.5	50	50	70.71067811865476	50	100	0
chr5	180098	188511	Amillepora06169	3	2	0.6666666666666666	0.6666666666666666	66.66666666666667	100	57.73502691896258	33.333333333333336	100	0
chr5	99962	112688	Amillepora06157	5	4	0.8	0.8	80	100	44.721359549995796	20	100	0
chr5	248732	252965	Amillepora06178	2	1	0.5	0.5	50	50	70.71067811865476	50	100	0
chr5	232273	236810	Amillepora06175	3	1	0.3333333333333333	0.3333333333333333	33.333333333333336	0	57.735026918962575	33.333333333333336	100	0
chr5	253658	260681	Amillepora06179	3	0	0	0	0	0	0	0	0	0
chr5	261454	270433	Amillepora06181	7	1	0.14285714285714285	0.14285714285714285	14.285714285714286	0	37.79644730092272	14.285714285714285	100	0
chr5	219608	232041	Amillepora06173	3	1	0.3333333333333333	0.3333333333333333	33.333333333333336	0	57.735026918962575	33.333333333333336	100	0
chr5	243358	248334	Amillepora06177	4	0	0	0	0	0	0	0	0	0
chr5	233253	241884	Amillepora06176	4	0	0	0	0	0	0	0	0	0
chr5	315330	331817	Amillepora06189	15	1	0.06666666666666667	0.06666666666666667	6.666666666666667	0	25.819888974716115	6.666666666666666	100	0
chr5	348074	351976	Amillepora06192	10	0	0	0	0	0	0	0	0	0
chr5	331675	341517	Amillepora06190	5	0	0	0	0	0	0	0	0	0
chr5	342160	344076	Amillepora06191	2	0	0	0	0	0	0	0	0	0
chr5	295463	299514	Amillepora06185	1	0	0	0	0	0	NA	NA	0	0
chr5	311650	314866	Amillepora06188	1	0	0	0	0	0	NA	NA	0	0
chr5	404018	418829	Amillepora06196	4	1	0.25	0.25	25	0	50	25	100	0
chr5	464063	464467	Amillepora06201	1	1	1	1	100	100	NA	NA	100	100
chr5	482809	484638	Amillepora06204	1	0	0	0	0	0	NA	NA	0	0
chr5	559942	566678	Amillepora06215	7	0	0	0	0	0	0	0	0	0
chr5	461424	470511	Amillepora06199	4	3	0.75	0.75	75	100	50	25	100	0
chr5	520147	523135	Amillepora06208	7	1	0.14285714285714285	0.14285714285714285	14.285714285714286	0	37.79644730092272	14.285714285714285	100	0
chr5	547858	550491	Amillepora06214	2	0	0	0	0	0	0	0	0	0
chr5	541834	546918	Amillepora06211	1	0	0	0	0	0	NA	NA	0	0
chr5	473640	481021	Amillepora06203	3	3	1	1	100	100	0	0	100	100
chr5	524182	525624	Amillepora06209	3	0	0	0	0	0	0	0	0	0
chr5	499737	511138	Amillepora06205	6	3	0.5	0.5	50	50	54.772255750516614	22.3606797749979	100	0
chr5	530581	539626	Amillepora06210	13	0	0	0	0	0	0	0	0	0
chr5	652528	656471	Amillepora06222	1	0	0	0	0	0	NA	NA	0	0
chr5	576811	584829	Amillepora06216	1	0	0	0	0	0	NA	NA	0	0
chr5	589734	593460	Amillepora06218	6	0	0	0	0	0	0	0	0	0
chr5	594362	596092	Amillepora06219	5	0	0	0	0	0	0	0	0	0
chr5	658753	668613	Amillepora06223	1	0	0	0	0	0	NA	NA	0	0
chr5	599355	652150	Amillepora06221	62	3	0.04838709677419355	0.04838709677419355	4.838709677419355	0	21.63345432076802	2.7474514461903605	100	0
chr5	697303	703659	Amillepora06226	7	1	0.14285714285714285	0.14285714285714285	14.285714285714286	0	37.79644730092272	14.285714285714285	100	0
chr5	738058	764175	Amillepora06230	24	0	0	0	0	0	0	0	0	0
chr5	706530	715910	Amillepora06227	13	0	0	0	0	0	0	0	0	0
chr5	668681	695116	Amillepora06224	40	5	0.125	0.125	12.5	0	33.49320635285418	5.295740910852021	100	0
chr5	785829	787185	Amillepora06234	6	0	0	0	0	0	0	0	0	0
chr5	780858	782895	Amillepora06232	2	0	0	0	0	0	0	0	0	0
chr5	725400	727731	Amillepora06229	4	0	0	0	0	0	0	0	0	0
chr5	863153	866797	Amillepora06237	1	0	0	0	0	0	NA	NA	0	0
chr5	821794	823627	Amillepora06235	6	0	0	0	0	0	0	0	0	0
chr5	872106	873311	Amillepora06238	1	0	0	0	0	0	NA	NA	0	0
chr5	839099	863020	Amillepora06236	23	0	0	0	0	0	0	0	0	0
chr5	911984	914833	Amillepora06241	10	0	0	0	0	0	0	0	0	0
chr5	960627	967880	Amillepora06245	2	1	0.5	0.5	50	50	70.71067811865476	50	100	0
chr5	893826	909909	Amillepora06240	10	1	0.1	0.1	10	0	31.622776601683793	10	100	0
chr5	918787	938443	Amillepora06242	15	0	0	0	0	0	0	0	0	0
chr5	980752	986344	Amillepora06246	5	0	0	0	0	0	0	0	0	0
chr5	954320	955977	Amillepora06244	2	0	0	0	0	0	0	0	0	0
chr5	948485	951383	Amillepora06243	3	0	0	0	0	0	0	0	0	0
chr5	1064783	1071536	Amillepora06255	4	0	0	0	0	0	0	0	0	0
chr5	1016064	1017055	Amillepora06252	2	0	0	0	0	0	0	0	0	0
chr5	988376	989875	Amillepora06248	5	0	0	0	0	0	0	0	0	0
chr5	1008743	1011195	Amillepora06251	5	0	0	0	0	0	0	0	0	0
chr5	1021687	1063212	Amillepora06254	45	3	0.06666666666666667	0.06666666666666667	6.666666666666667	0	25.226248955475654	3.7605071654517745	100	0
chr5	1072566	1078765	Amillepora06256	5	1	0.2	0.2	20	0	44.721359549995796	20	100	0
chr5	994465	997734	Amillepora06249	4	0	0	0	0	0	0	0	0	0
chr5	1084906	1096600	Amillepora06257	13	3	0.23076923076923078	0.21428571428571427	23.076923076923077	0	43.85290096535146	12.162606385262997	100	0
chr5	1140627	1164007	Amillepora06261	23	1	0.043478260869565216	0.043478260869565216	4.3478260869565215	0	20.851441405707476	4.347826086956522	100	0
chr5	1186884	1188001	Amillepora06264	1	0	0	0	0	0	NA	NA	0	0
chr5	1124746	1126095	Amillepora06259	2	0	0	0	0	0	0	0	0	0
chr5	1104614	1117722	Amillepora06258	19	3	0.15789473684210525	0.15	13.157894736842104	0	32.668814823747496	7.494740127471518	100	0
chr5	1236387	1237448	Amillepora06269	1	0	0	0	0	0	NA	NA	0	0
chr5	1255837	1256660	Amillepora06271	1	0	0	0	0	0	NA	NA	0	0
chr5	1259671	1261679	Amillepora06273	1	0	0	0	0	0	NA	NA	0	0
chr5	1228155	1233860	Amillepora06268	1	1	1	1	100	100	NA	NA	100	100
chr5	1200331	1226875	Amillepora06267	29	2	0.06896551724137931	0.06896551724137931	6.896551724137931	0	25.788071477756386	4.788724653995956	100	0
chr5	1240931	1241890	Amillepora06270	1	0	0	0	0	0	NA	NA	0	0
chr5	1187760	1195727	Amillepora06265	10	0	0	0	0	0	0	0	0	0
chr5	1197017	1199759	Amillepora06266	5	0	0	0	0	0	0	0	0	0
chr5	1326476	1327147	Amillepora06280	4	0	0	0	0	0	0	0	0	0
chr5	1315687	1321093	Amillepora06279	8	2	0.25	0.25	25	0	46.29100498862757	16.366341767699428	100	0
chr5	1277922	1283483	Amillepora06274	8	2	0.25	0.25	25	0	46.29100498862757	16.366341767699428	100	0
chr5	1381542	1388680	Amillepora06286	12	2	0.16666666666666666	0.16666666666666666	16.666666666666668	0	38.92494720807614	11.236664374387368	100	0
chr5	1292140	1300345	Amillepora06276	7	2	0.2857142857142857	0.2857142857142857	28.571428571428573	0	48.79500364742666	18.442777839082936	100	0
chr5	1346475	1367296	Amillepora06283	27	3	0.1111111111111111	0.1111111111111111	11.11111111111111	0	32.02563076101741	6.1633355136136565	100	0
chr5	1300029	1313280	Amillepora06277	21	0	0	0	0	0	0	0	0	0
chr5	1339416	1340108	Amillepora06282	1	0	0	0	0	0	NA	NA	0	0
chr5	1332556	1335301	Amillepora06281	1	0	0	0	0	0	NA	NA	0	0
chr5	1376944	1380767	Amillepora06285	9	0	0	0	0	0	0	0	0	0
chr5	1284289	1291987	Amillepora06275	1	1	1	1	100	100	NA	NA	100	100
chr5	1367809	1376454	Amillepora06284	7	0	0	0	0	0	0	0	0	0
chr5	1467782	1469607	Amillepora06296	1	0	0	0	0	0	NA	NA	0	0
chr5	1396143	1398694	Amillepora06288	14	0	0	0	0	0	0	0	0	0
chr5	1411352	1413058	Amillepora06290	20	0	0	0	0	0	0	0	0	0
chr5	1430184	1432040	Amillepora06292	6	0	0	0	0	0	0	0	0	0
chr5	1392143	1393042	Amillepora06287	4	0	0	0	0	0	0	0	0	0
chr5	1433077	1436804	Amillepora06293	11	0	0	0	0	0	0	0	0	0
chr5	1439132	1457193	Amillepora06294	6	0	0	0	0	0	0	0	0	0
chr5	1401094	1408371	Amillepora06289	41	2	0.04878048780487805	0.047619047619047616	4.878048780487805	0	21.808478995509102	3.405912205797303	100	0
chr5	1416011	1418840	Amillepora06291	8	1	0.125	0.125	12.5	0	35.35533905932738	12.5	100	0
chr5	1519907	1542709	Amillepora06305	6	1	0.16666666666666666	0.16666666666666666	16.666666666666668	0	40.82482904638629	16.66666666666667	100	0
chr5	1569450	1576233	Amillepora06309	2	2	1	1	100	100	0	0	100	100
chr5	1562299	1568667	Amillepora06308	11	0	0	0	0	0	0	0	0	0
chr5	1482124	1493755	Amillepora06297	13	1	0.07692307692307693	0.07692307692307693	7.6923076923076925	0	27.735009811261456	7.6923076923076925	100	0
chr5	1559042	1560031	Amillepora06307	4	0	0	0	0	0	0	0	0	0
chr5	1542789	1548635	Amillepora06306	1	0	0	0	0	0	NA	NA	0	0
chr5	1510125	1519845	Amillepora06304	7	1	0.14285714285714285	0.14285714285714285	14.285714285714286	0	37.79644730092272	14.285714285714285	100	0
chr5	1583014	1585478	Amillepora06310	3	0	0	0	0	0	0	0	0	0
chr5	1609236	1620045	Amillepora06313	16	2	0.125	0.125	12.5	0	34.15650255319866	8.539125638299666	100	0
chr5	1657784	1683040	Amillepora06319	41	2	0.04878048780487805	0.047619047619047616	4.878048780487805	0	21.808478995509105	3.405912205797303	100	0
chr5	1620683	1626054	Amillepora06314	2	0	0	0	0	0	0	0	0	0
chr5	1627371	1634769	Amillepora06316	6	1	0.16666666666666666	0.16666666666666666	16.666666666666668	0	40.8248290463863	16.66666666666667	100	0
chr5	1683569	1685534	Amillepora06320	3	0	0	0	0	0	0	0	0	0
chr5	1635831	1637189	Amillepora06317	3	0	0	0	0	0	0	0	0	0
chr5	1638592	1652662	Amillepora06318	27	0	0	0	0	0	0	0	0	0
chr5	1607102	1608739	Amillepora06312	2	0	0	0	0	0	0	0	0	0
chr5	1599062	1600993	Amillepora06311	6	0	0	0	0	0	0	0	0	0
chr5	1690574	1692821	Amillepora06321	2	0	0	0	0	0	0	0	0	0
chr5	1701284	1704145	Amillepora06323	5	0	0	0	0	0	0	0	0	0
chr5	1715352	1718192	Amillepora06325	2	0	0	0	0	0	0	0	0	0
chr5	1707537	1709771	Amillepora06324	3	0	0	0	0	0	0	0	0	0
chr5	1762942	1769212	Amillepora06330	9	1	0.1111111111111111	0.1111111111111111	11.11111111111111	0	33.333333333333336	11.111111111111112	100	0
chr5	1782660	1785464	Amillepora06332	5	0	0	0	0	0	0	0	0	0
chr5	1776745	1778994	Amillepora06331	5	0	0	0	0	0	0	0	0	0
chr5	1732730	1734928	Amillepora06327	3	0	0	0	0	0	0	0	0	0
chr5	1754239	1755869	Amillepora06329	1	0	0	0	0	0	NA	NA	0	0
chr5	1842903	1874793	Amillepora06339	46	1	0.021739130434782608	0.02127659574468085	2.1739130434782608	0	14.744195615489721	2.1739130434782608	100	0
chr5	1806037	1815806	Amillepora06336	2	2	1	1	100	100	0	0	100	100
chr5	1818812	1821393	Amillepora06337	1	0	0	0	0	0	NA	NA	0	0
chr5	1823272	1828635	Amillepora06338	1	0	0	0	0	0	NA	NA	0	0
chr5	1800203	1802710	Amillepora06334	5	0	0	0	0	0	0	0	0	0
chr5	1795951	1798752	Amillepora06333	3	0	0	0	0	0	0	0	0	0
chr5	1959064	1975597	Amillepora06346	2	0	0	0	0	0	0	0	0	0
chr5	1923728	1925187	Amillepora06343	2	0	0	0	0	0	0	0	0	0
chr5	1925550	1942496	Amillepora06344	23	2	0.08695652173913043	0.08695652173913043	8.695652173913043	0	28.810406552003037	6.007385040937022	100	0
chr5	2000961	2006978	Amillepora06348	1	0	0	0	0	0	NA	NA	0	0
chr5	2034073	2044328	Amillepora06352	11	1	0.09090909090909091	0.09090909090909091	9.090909090909092	0	30.151134457776358	9.09090909090909	100	0
chr5	2021189	2023838	Amillepora06350	2	1	0.5	0.5	50	50	70.71067811865476	50	100	0
chr5	2006642	2015402	Amillepora06349	5	2	0.4	0.4	40	0	54.772255750516614	24.49489742783178	100	0
chr5	1987080	1999591	Amillepora06347	8	0	0	0	0	0	0	0	0	0
chr5	2053890	2062494	Amillepora06354	3	1	0.3333333333333333	0.3333333333333333	33.333333333333336	0	57.735026918962575	33.333333333333336	100	0
chr5	2123753	2145135	Amillepora06359	30	3	0.1	0.1	10	0	30.51285766293647	5.570860145311556	100	0
chr5	2164655	2171124	Amillepora06363	9	0	0	0	0	0	0	0	0	0
chr5	2156203	2161652	Amillepora06362	9	0	0	0	0	0	0	0	0	0
chr5	2073221	2091274	Amillepora06355	2	0	0	0	0	0	0	0	0	0
chr5	2172030	2183605	Amillepora06364	10	0	0	0	0	0	0	0	0	0
chr5	2147610	2153572	Amillepora06361	7	0	0	0	0	0	0	0	0	0
chr5	2100841	2111531	Amillepora06357	7	0	0	0	0	0	0	0	0	0
chr5	2114465	2119803	Amillepora06358	10	0	0	0	0	0	0	0	0	0
chr5	2233021	2235545	Amillepora06368	4	0	0	0	0	0	0	0	0	0
chr5	2257223	2272858	Amillepora06370	18	2	0.1111111111111111	0.1111111111111111	11.11111111111111	0	32.338083338177725	7.622159339667059	100	0
chr5	2277404	2286783	Amillepora06371	3	1	0.3333333333333333	0.3333333333333333	33.333333333333336	0	57.735026918962575	33.333333333333336	100	0
chr5	2189248	2201699	Amillepora06365	4	0	0	0	0	0	0	0	0	0
chr5	2216932	2232849	Amillepora06367	26	4	0.15384615384615385	0.15384615384615385	15.384615384615385	0	36.794648440311995	7.2160242458822	100	0
chr5	2237002	2249610	Amillepora06369	7	3	0.42857142857142855	0.42857142857142855	42.857142857142854	0	53.45224838248488	20.203050891044217	100	0
chr5	2203452	2213970	Amillepora06366	10	1	0.1	0.1	10	0	31.622776601683793	10	100	0
chr5	2358566	2364295	Amillepora06377	2	1	0.5	0.5	50	50	70.71067811865476	50	100	0
chr5	2330893	2334443	Amillepora06374	4	1	0.25	0.25	25	0	50	25	100	0
chr5	2356029	2358499	Amillepora06376	2	0	0	0	0	0	0	0	0	0
chr5	2335350	2355121	Amillepora06375	19	2	0.10526315789473684	0.10526315789473684	10.526315789473685	0	31.53017676423058	7.233518641434491	100	0
chr5	2313802	2330806	Amillepora06373	20	2	0.1	0.1	10	0	30.779350562554622	6.882472016116853	100	0
chr5	2394114	2399940	Amillepora06378	11	0	0	0	0	0	0	0	0	0
chr5	2402009	2406060	Amillepora06379	1	0	0	0	0	0	NA	NA	0	0
chr5	2446715	2455300	Amillepora06383	5	0	0	0	0	0	0	0	0	0
chr5	2426379	2432190	Amillepora06381	4	0	0	0	0	0	0	0	0	0
chr5	2435801	2445131	Amillepora06382	3	0	0	0	0	0	0	0	0	0
chr5	2407729	2412987	Amillepora06380	8	0	0	0	0	0	0	0	0	0
chr5	2535246	2541186	Amillepora06387	8	0	0	0	0	0	0	0	0	0
chr5	2575756	2582166	Amillepora06391	4	0	0	0	0	0	0	0	0	0
chr5	2522492	2526370	Amillepora06386	3	0	0	0	0	0	0	0	0	0
chr5	2556440	2563068	Amillepora06389	5	0	0	0	0	0	0	0	0	0
chr5	2468470	2490821	Amillepora06384	9	1	0.1111111111111111	0.1111111111111111	11.11111111111111	0	33.333333333333336	11.111111111111112	100	0
chr5	2497707	2509921	Amillepora06385	6	4	0.6666666666666666	0.6666666666666666	66.66666666666667	100	51.63977794943223	21.081851067789195	100	0
chr5	2545359	2547797	Amillepora06388	1	0	0	0	0	0	NA	NA	0	0
chr5	2637608	2644338	Amillepora06397	3	2	0.6666666666666666	0.6666666666666666	66.66666666666667	100	57.735026918962575	33.333333333333336	100	0
chr5	2617690	2619742	Amillepora06395	1	0	0	0	0	0	NA	NA	0	0
chr5	2663702	2681055	Amillepora06399	15	4	0.26666666666666666	0.26666666666666666	26.666666666666668	0	45.773770821706336	11.818736805705578	100	0
chr5	2647436	2658996	Amillepora06398	6	2	0.3333333333333333	0.3333333333333333	33.333333333333336	0	51.63977794943222	21.081851067789195	100	0
chr5	2585314	2592753	Amillepora06393	4	1	0.25	0.25	25	0	50	25	100	0
chr5	2623854	2642425	Amillepora06396	11	3	0.2727272727272727	0.2727272727272727	27.272727272727273	0	46.70993664969137	14.083575804390607	100	0
chr5	2596116	2616495	Amillepora06394	25	1	0.04	0.04	4	0	20	4	100	0
chr5	2737748	2738391	Amillepora06409	1	0	0	0	0	0	NA	NA	0	0
chr5	2724220	2730731	Amillepora06408	2	0	0	0	0	0	0	0	0	0
chr5	2698887	2706622	Amillepora06402	8	4	0.5	0.5	50	50	53.45224838248488	18.89822365046136	100	0
chr5	2717532	2720980	Amillepora06407	4	0	0	0	0	0	0	0	0	0
chr5	2708887	2709378	Amillepora06404	1	0	0	0	0	0	NA	NA	0	0
chr5	2691984	2698056	Amillepora06401	6	0	0	0	0	0	0	0	0	0
chr5	2680889	2691932	Amillepora06400	19	0	0	0	0	0	0	0	0	0
chr5	2815679	2817585	Amillepora06414	1	1	1	1	100	100	NA	NA	100	100
chr5	2838920	2845536	Amillepora06418	4	1	0.25	0.25	25	0	50	25	100	0
chr5	2871422	2887361	Amillepora06422	18	2	0.1111111111111111	0.1111111111111111	11.11111111111111	0	32.33808333817771	7.622159339667059	100	0
chr5	2830779	2835542	Amillepora06417	4	1	0.25	0.25	25	0	50	25	100	0
chr5	2823647	2828511	Amillepora06416	8	0	0	0	0	0	0	0	0	0
chr5	2772169	2781101	Amillepora06412	6	1	0.16666666666666666	0.16666666666666666	16.666666666666668	0	40.82482904638629	16.66666666666667	100	0
chr5	2852992	2871308	Amillepora06420	21	0	0	0	0	0	0	0	0	0
chr5	2755830	2769089	Amillepora06411	19	1	0.05263157894736842	0.05263157894736842	5.2631578947368425	0	22.941573387056184	5.263157894736841	100	0
chr5	2810709	2815509	Amillepora06413	3	1	0.3333333333333333	0.3333333333333333	33.333333333333336	0	57.735026918962575	33.333333333333336	100	0
chr5	2966353	2968929	Amillepora06429	1	0	0	0	0	0	NA	NA	0	0
chr5	2910597	2912234	Amillepora06425	1	0	0	0	0	0	NA	NA	0	0
chr5	2889990	2898232	Amillepora06423	6	0	0	0	0	0	0	0	0	0
chr5	2945496	2961991	Amillepora06426	4	0	0	0	0	0	0	0	0	0
chr5	2898751	2908721	Amillepora06424	13	0	0	0	0	0	0	0	0	0
chr5	2962432	2965655	Amillepora06428	1	0	0	0	0	0	NA	NA	0	0
chr5	3041448	3049333	Amillepora06434	1	0	0	0	0	0	NA	NA	0	0
chr5	2979962	2996802	Amillepora06431	5	0	0	0	0	0	0	0	0	0
chr5	3120472	3130061	Amillepora06439	4	3	0.75	0.75	75	100	50	25	100	0
chr5	3136143	3157969	Amillepora06442	4	1	0.25	0.25	25	0	50	25	100	0
chr5	3056710	3091523	Amillepora06436	9	1	0.1111111111111111	0.1111111111111111	11.11111111111111	0	33.333333333333336	11.111111111111112	100	0
chr5	3102599	3118255	Amillepora06437	5	0	0	0	0	0	0	0	0	0
chr5	3175085	3183037	Amillepora06446	3	1	0.3333333333333333	0.3333333333333333	33.333333333333336	0	57.735026918962575	33.333333333333336	100	0
chr5	3223173	3230895	Amillepora06450	1	0	0	0	0	0	NA	NA	0	0
chr5	3184117	3205453	Amillepora06447	5	1	0.2	0.2	20	0	44.721359549995796	20	100	0
chr5	3250056	3274171	Amillepora06453	2	0	0	0	0	0	0	0	0	0
chr5	3234054	3239550	Amillepora06452	2	0	0	0	0	0	0	0	0	0
chr5	3320798	3345949	Amillepora06459	18	0	0	0	0	0	0	0	0	0
chr5	3362423	3386699	Amillepora06462	24	0	0	0	0	0	0	0	0	0
chr5	3316977	3319714	Amillepora06458	2	0	0	0	0	0	0	0	0	0
chr5	3398694	3408402	Amillepora06466	2	0	0	0	0	0	0	0	0	0
chr5	3408862	3417585	Amillepora06467	2	0	0	0	0	0	0	0	0	0
chr5	3533398	3534066	Amillepora06475	1	0	0	0	0	0	NA	NA	0	0
chr5	3535138	3549790	Amillepora06476	6	0	0	0	0	0	0	0	0	0
chr5	3555344	3567498	Amillepora06477	3	1	0.3333333333333333	0.3333333333333333	33.333333333333336	0	57.735026918962575	33.333333333333336	100	0
chr5	3433529	3462317	Amillepora06468	4	0	0	0	0	0	0	0	0	0
chr5	3507449	3516041	Amillepora06474	1	0	0	0	0	0	NA	NA	0	0
chr5	3494000	3507034	Amillepora06473	2	0	0	0	0	0	0	0	0	0
chr5	3577421	3578172	Amillepora06479	1	0	0	0	0	0	NA	NA	0	0
chr5	3610372	3610863	Amillepora06483	1	0	0	0	0	0	NA	NA	0	0
chr5	3672117	3675369	Amillepora06488	3	0	0	0	0	0	0	0	0	0
chr5	3587854	3591369	Amillepora06480	9	1	0.1111111111111111	0.1111111111111111	11.11111111111111	0	33.333333333333336	11.111111111111112	100	0
chr5	3647041	3670775	Amillepora06486	12	0	0	0	0	0	0	0	0	0
chr5	3605679	3606866	Amillepora06482	2	0	0	0	0	0	0	0	0	0
chr5	3613851	3629444	Amillepora06484	11	2	0.18181818181818182	0.18181818181818182	18.181818181818183	0	40.45199174779453	12.196734422726125	100	0
chr5	3630123	3643146	Amillepora06485	18	0	0	0	0	0	0	0	0	0
chr5	3681199	3716104	Amillepora06489	14	0	0	0	0	0	0	0	0	0
chr5	3719726	3727930	Amillepora06491	8	0	0	0	0	0	0	0	0	0
chr5	3756589	3765405	Amillepora06495	18	2	0.1111111111111111	0.1111111111111111	11.11111111111111	0	32.338083338177725	7.622159339667059	100	0
chr5	3729418	3732031	Amillepora06493	1	0	0	0	0	0	NA	NA	0	0
chr5	3733800	3752662	Amillepora06494	15	0	0	0	0	0	0	0	0	0
chr5	3875000	3881841	Amillepora06508	7	0	0	0	0	0	0	0	0	0
chr5	3852587	3864379	Amillepora06505	5	0	0	0	0	0	0	0	0	0
chr5	3844180	3851668	Amillepora06503	3	1	0.3333333333333333	0.3333333333333333	33.333333333333336	0	57.735026918962575	33.333333333333336	100	0
chr5	3796002	3803467	Amillepora06498	1	0	0	0	0	0	NA	NA	0	0
chr5	3768770	3793190	Amillepora06496	26	0	0	0	0	0	0	0	0	0
chr5	3907103	3914381	Amillepora06510	19	0	0	0	0	0	0	0	0	0
chr5	3915868	3926765	Amillepora06511	17	0	0	0	0	0	0	0	0	0
chr5	3882504	3898544	Amillepora06509	20	0	0	0	0	0	0	0	0	0
chr5	3932857	3943703	Amillepora06512	4	4	1	1	100	100	0	0	100	100
chr5	3969028	3981301	Amillepora06514	1	0	0	0	0	0	NA	NA	0	0
chr5	4063620	4066930	Amillepora06518	3	1	0.3333333333333333	0.3333333333333333	33.333333333333336	0	57.735026918962575	33.333333333333336	100	0
chr5	4047639	4057528	Amillepora06517	1	0	0	0	0	0	NA	NA	0	0
chr5	4148491	4159160	Amillepora06522	8	1	0.125	0.125	12.5	0	35.35533905932738	12.5	100	0
chr5	4159199	4160155	Amillepora06523	4	0	0	0	0	0	0	0	0	0
chr5	4138198	4156387	Amillepora06521	18	2	0.1111111111111111	0.1111111111111111	11.11111111111111	0	32.33808333817771	7.622159339667059	100	0
chr5	4089109	4106898	Amillepora06519	5	2	0.4	0.4	40	0	54.772255750516614	24.49489742783178	100	0
chr5	4118767	4128652	Amillepora06520	9	0	0	0	0	0	0	0	0	0
chr5	4161446	4166089	Amillepora06524	6	1	0.16666666666666666	0.16666666666666666	16.666666666666668	0	40.82482904638629	16.66666666666667	100	0
chr5	4169478	4172696	Amillepora06525	4	0	0	0	0	0	0	0	0	0
chr5	4173433	4221067	Amillepora06527	78	1	0.01282051282051282	0.012658227848101266	1.2820512820512822	0	11.322770341445958	1.282051282051282	100	0
chr5	4279252	4284436	Amillepora06535	7	2	0.2857142857142857	0.2857142857142857	28.571428571428573	0	48.79500364742666	18.442777839082936	100	0
chr5	4221978	4238191	Amillepora06530	25	6	0.24	0.24	24	0	43.58898943540674	8.717797887081348	100	0
chr5	4239051	4243427	Amillepora06532	3	0	0	0	0	0	0	0	0	0
chr5	4251238	4255000	Amillepora06534	1	0	0	0	0	0	NA	NA	0	0
chr5	4244778	4251086	Amillepora06533	1	1	1	1	100	100	NA	NA	100	100
chr5	4323971	4334531	Amillepora06538	17	2	0.11764705882352941	0.11764705882352941	11.764705882352942	0	33.21055820775358	8.05474349272303	100	0
chr5	4345486	4359982	Amillepora06541	13	1	0.07692307692307693	0.07692307692307693	7.6923076923076925	0	27.735009811261456	7.6923076923076925	100	0
chr5	4287191	4289398	Amillepora06536	6	0	0	0	0	0	0	0	0	0
chr5	4360233	4362968	Amillepora06543	4	0	0	0	0	0	0	0	0	0
chr5	4289988	4294160	Amillepora06537	15	1	0.06666666666666667	0.0625	6.666666666666667	0	25.81988897471612	6.666666666666666	100	0
chr5	4364022	4371685	Amillepora06544	10	0	0	0	0	0	0	0	0	0
chr5	4334091	4343480	Amillepora06539	5	1	0.2	0.2	20	0	44.721359549995796	20	100	0
chr5	4373684	4375753	Amillepora06545	3	0	0	0	0	0	0	0	0	0
chr5	4459008	4462672	Amillepora06550	3	0	0	0	0	0	0	0	0	0
chr5	4391506	4409562	Amillepora06547	10	2	0.2	0.2	20	0	42.16370213557839	13.333333333333332	100	0
chr5	4425388	4439342	Amillepora06549	8	0	0	0	0	0	0	0	0	0
chr5	4390535	4395280	Amillepora06546	5	1	0.2	0.2	20	0	44.721359549995796	20	100	0
chr5	4475943	4481444	Amillepora06552	2	0	0	0	0	0	0	0	0	0
chr5	4461829	4469952	Amillepora06551	4	0	0	0	0	0	0	0	0	0
chr5	4486314	4493525	Amillepora06555	7	0	0	0	0	0	0	0	0	0
chr5	4562037	4568523	Amillepora06564	3	2	0.6666666666666666	0.6666666666666666	66.66666666666667	100	57.73502691896258	33.333333333333336	100	0
chr5	4496391	4503714	Amillepora06556	7	0	0	0	0	0	0	0	0	0
chr5	4528847	4530360	Amillepora06558	5	0	0	0	0	0	0	0	0	0
chr5	4543563	4544027	Amillepora06562	5	0	0	0	0	0	0	0	0	0
chr5	4545415	4554072	Amillepora06563	12	0	0	0	0	0	0	0	0	0
chr5	4534583	4538289	Amillepora06560	3	0	0	0	0	0	0	0	0	0
chr5	4486138	4491722	Amillepora06554	3	0	0	0	0	0	0	0	0	0
chr5	4505041	4517794	Amillepora06557	24	2	0.08333333333333333	0.08333333333333333	8.333333333333334	0	28.232985128664	5.763033956734373	100	0
chr5	4632788	4634572	Amillepora06571	2	0	0	0	0	0	0	0	0	0
chr5	4571442	4585496	Amillepora06565	19	0	0	0	0	0	0	0	0	0
chr5	4656417	4659214	Amillepora06573	2	0	0	0	0	0	0	0	0	0
chr5	4661263	4669886	Amillepora06574	5	0	0	0	0	0	0	0	0	0
chr5	4635622	4642116	Amillepora06572	4	0	0	0	0	0	0	0	0	0
chr5	4618077	4619725	Amillepora06569	1	0	0	0	0	0	NA	NA	0	0
chr5	4761473	4783804	Amillepora06582	29	4	0.13793103448275862	0.13793103448275862	13.793103448275861	0	35.09312031717982	6.516628844986676	100	0
chr5	4735727	4740905	Amillepora06579	7	0	0	0	0	0	0	0	0	0
chr5	4707419	4719345	Amillepora06577	5	0	0	0	0	0	0	0	0	0
chr5	4685391	4690961	Amillepora06575	4	0	0	0	0	0	0	0	0	0
chr5	4755484	4760070	Amillepora06581	1	0	0	0	0	0	NA	NA	0	0
chr5	4745850	4748039	Amillepora06580	1	0	0	0	0	0	NA	NA	0	0
chr5	4815650	4855051	Amillepora06585	66	4	0.06060606060606061	0.06060606060606061	6.0606060606060606	0	24.043472671155	2.9595468994133105	100	0
chr5	4787000	4814550	Amillepora06584	41	1	0.024390243902439025	0.024390243902439025	2.4390243902439024	0	15.617376188860614	2.439024390243903	100	0
chr5	4919250	4923141	Amillepora06595	4	0	0	0	0	0	0	0	0	0
chr5	4898960	4901645	Amillepora06592	4	0	0	0	0	0	0	0	0	0
chr5	4911333	4917364	Amillepora06594	4	2	0.5	0.5	50	50	57.735026918962575	28.867513459481287	100	0
chr5	4975891	4978687	Amillepora06612	1	0	0	0	0	0	NA	NA	0	0
chr5	4931912	4946279	Amillepora06598	2	0	0	0	0	0	0	0	0	0
chr5	4923705	4926857	Amillepora06596	10	0	0	0	0	0	0	0	0	0
chr5	4904045	4910857	Amillepora06593	8	1	0.125	0.125	12.5	0	35.35533905932738	12.5	100	0
chr5	4957059	4980272	Amillepora06610	5	1	0.2	0.2	20	0	44.721359549995796	20	100	0
chr5	4884267	4894958	Amillepora06590	9	2	0.2222222222222222	0.2222222222222222	22.22222222222222	0	44.09585518440984	14.698618394803281	100	0
chr5	5024758	5028701	Amillepora06616	8	0	0	0	0	0	0	0	0	0
chr5	5065266	5071540	Amillepora06620	16	0	0	0	0	0	0	0	0	0
chr5	5052072	5054781	Amillepora06619	4	0	0	0	0	0	0	0	0	0
chr5	4985256	4993637	Amillepora06614	8	0	0	0	0	0	0	0	0	0
chr5	5038033	5044655	Amillepora06617	14	0	0	0	0	0	0	0	0	0
chr5	5076697	5079905	Amillepora06621	2	0	0	0	0	0	0	0	0	0
chr5	4995685	5009482	Amillepora06615	13	0	0	0	0	0	0	0	0	0
chr5	5045848	5049179	Amillepora06618	7	0	0	0	0	0	0	0	0	0
chr5	5119413	5125927	Amillepora06623	7	0	0	0	0	0	0	0	0	0
chr5	5149680	5169378	Amillepora06627	26	1	0.038461538461538464	0.038461538461538464	3.8461538461538463	0	19.611613513818394	3.8461538461538467	100	0
chr5	5099152	5106807	Amillepora06622	9	0	0	0	0	0	0	0	0	0
chr5	5135317	5148159	Amillepora06626	12	1	0.08333333333333333	0.08333333333333333	8.333333333333334	0	28.867513459481298	8.333333333333334	100	0
chr5	5126626	5133121	Amillepora06624	9	0	0	0	0	0	0	0	0	0
chr5	5282953	5284401	Amillepora06641	8	0	0	0	0	0	0	0	0	0
chr5	5278466	5279941	Amillepora06640	2	0	0	0	0	0	0	0	0	0
chr5	5223868	5226183	Amillepora06633	2	0	0	0	0	0	0	0	0	0
chr5	5264028	5266369	Amillepora06638	4	0	0	0	0	0	0	0	0	0
chr5	5267342	5278412	Amillepora06639	16	4	0.25	0.25	25	0	44.721359549995796	11.180339887498949	100	0
chr5	5254361	5255530	Amillepora06637	1	0	0	0	0	0	NA	NA	0	0
chr5	5170534	5174573	Amillepora06628	4	0	0	0	0	0	0	0	0	0
chr5	5226178	5234228	Amillepora06634	1	0	0	0	0	0	NA	NA	0	0
chr5	5365352	5376143	Amillepora06647	5	2	0.4	0.4	40	0	54.772255750516614	24.49489742783178	100	0
chr5	5286849	5303553	Amillepora06642	15	1	0.06666666666666667	0.06666666666666667	6.666666666666667	0	25.819888974716115	6.666666666666666	100	0
chr5	5306056	5318863	Amillepora06644	7	0	0	0	0	0	0	0	0	0
chr5	5329267	5350858	Amillepora06645	13	1	0.07692307692307693	0.07692307692307693	7.6923076923076925	0	27.735009811261456	7.6923076923076925	100	0
chr5	5369674	5376495	Amillepora06648	4	2	0.5	0.5	50	50	57.735026918962575	28.867513459481287	100	0
chr5	5376618	5390918	Amillepora06649	18	3	0.16666666666666666	0.16666666666666666	16.666666666666668	0	38.34824944236851	9.03876907577734	100	0
chr5	5395401	5404901	Amillepora06651	9	1	0.1111111111111111	0.1111111111111111	11.11111111111111	0	33.333333333333336	11.111111111111112	100	0
chr5	5472383	5481027	Amillepora06652	1	1	1	1	100	100	NA	NA	100	100
chr5	5554501	5578572	Amillepora06661	7	2	0.2857142857142857	0.2857142857142857	28.571428571428573	0	48.79500364742666	18.442777839082936	100	0
chr5	5531083	5540722	Amillepora06658	4	1	0.25	0.25	25	0	50	25	100	0
chr5	5612393	5645041	Amillepora06665	33	2	0.06060606060606061	0.06060606060606061	6.0606060606060606	0	24.230584229877998	4.21800330517426	100	0
chr5	5655166	5672432	Amillepora06668	17	4	0.23529411764705882	0.23529411764705882	23.529411764705884	0	43.723731609760314	10.604562574894086	100	0
chr5	5648888	5655201	Amillepora06666	7	3	0.42857142857142855	0.42857142857142855	42.857142857142854	0	53.452248382484875	20.203050891044217	100	0
chr5	5581610	5601157	Amillepora06662	14	0	0	0	0	0	0	0	0	0
chr5	5665038	5666510	Amillepora06672	7	0	0	0	0	0	0	0	0	0
chr5	5668896	5672319	Amillepora06673	3	0	0	0	0	0	0	0	0	0
chr5	5708793	5710840	Amillepora06676	3	0	0	0	0	0	0	0	0	0
chr5	5675931	5700565	Amillepora06675	21	2	0.09523809523809523	0.09523809523809523	9.523809523809524	0	30.079260375911925	6.563832739090582	100	0
chr5	5755112	5775417	Amillepora06681	1	0	0	0	0	0	NA	NA	0	0
chr5	5713338	5714992	Amillepora06677	1	0	0	0	0	0	NA	NA	0	0
chr5	5722267	5723457	Amillepora06678	1	0	0	0	0	0	NA	NA	0	0
chr5	5877414	5880094	Amillepora06692	1	0	0	0	0	0	NA	NA	0	0
chr5	5820990	5823136	Amillepora06687	2	0	0	0	0	0	0	0	0	0
chr5	5826674	5828841	Amillepora06688	3	0	0	0	0	0	0	0	0	0
chr5	5812440	5815835	Amillepora06686	6	0	0	0	0	0	0	0	0	0
chr5	5862350	5870749	Amillepora06691	10	1	0.1	0.1	10	0	31.622776601683793	10	100	0
chr5	5786203	5789378	Amillepora06683	1	0	0	0	0	0	NA	NA	0	0
chr5	5855216	5856919	Amillepora06690	1	0	0	0	0	0	NA	NA	0	0
chr5	5846059	5853954	Amillepora06689	5	0	0	0	0	0	0	0	0	0
chr5	5902462	5906461	Amillepora06694	10	0	0	0	0	0	0	0	0	0
chr5	5934551	5955170	Amillepora06698	6	5	0.8333333333333334	0.8333333333333334	83.33333333333333	100	40.824829046386306	16.66666666666667	100	0
chr5	5908990	5910907	Amillepora06695	5	0	0	0	0	0	0	0	0	0
chr5	5956875	5963564	Amillepora06702	2	2	1	1	100	100	0	0	100	100
chr5	5919143	5928252	Amillepora06696	11	1	0.09090909090909091	0.09090909090909091	9.090909090909092	0	30.151134457776358	9.09090909090909	100	0
chr5	5952853	5956466	Amillepora06701	2	1	0.5	0.5	50	50	70.71067811865476	50	100	0
chr5	5889296	5891665	Amillepora06693	3	0	0	0	0	0	0	0	0	0
chr5	5988221	6013784	Amillepora06704	83	3	0.03614457831325301	0.03614457831325301	3.6144578313253013	0	18.778445950728166	2.061202223538076	100	0
chr5	6015208	6022879	Amillepora06705	4	0	0	0	0	0	0	0	0	0
chr5	6023207	6039410	Amillepora06706	15	3	0.2	0.2	20	0	41.403933560541255	10.690449676496975	100	0
chr5	6109613	6110932	Amillepora06710	4	0	0	0	0	0	0	0	0	0
chr5	6174067	6188580	Amillepora06718	12	1	0.08333333333333333	0.08333333333333333	8.333333333333334	0	28.867513459481298	8.333333333333334	100	0
chr5	6094252	6108717	Amillepora06709	12	1	0.08333333333333333	0.08333333333333333	8.333333333333334	0	28.867513459481305	8.333333333333334	100	0
chr5	6149606	6160102	Amillepora06716	10	2	0.2	0.2	20	0	42.16370213557839	13.333333333333332	100	0
chr5	6112628	6114389	Amillepora06711	1	0	0	0	0	0	NA	NA	0	0
chr5	6169017	6173739	Amillepora06717	4	2	0.5	0.5	50	50	57.735026918962575	28.867513459481287	100	0
chr5	6147600	6154850	Amillepora06715	10	1	0.1	0.1	10	0	31.622776601683793	10	100	0
chr5	6139881	6144390	Amillepora06713	8	0	0	0	0	0	0	0	0	0
chr5	6228527	6230654	Amillepora06724	8	0	0	0	0	0	0	0	0	0
chr5	6211580	6226803	Amillepora06723	35	0	0	0	0	0	0	0	0	0
chr5	6191377	6199106	Amillepora06721	14	1	0.07142857142857142	0.07142857142857142	7.142857142857143	0	26.72612419124244	7.142857142857143	100	0
chr5	6199779	6208872	Amillepora06722	8	1	0.125	0.125	12.5	0	35.35533905932738	12.5	100	0
chr5	6335667	6342054	Amillepora06736	22	0	0	0	0	0	0	0	0	0
chr5	6275583	6290575	Amillepora06731	19	5	0.2631578947368421	0.2631578947368421	26.31578947368421	0	45.241392835886415	10.379087338771255	100	0
chr5	6256500	6263092	Amillepora06728	4	1	0.25	0.25	25	0	50	25	100	0
chr5	6319305	6320057	Amillepora06733	2	0	0	0	0	0	0	0	0	0
chr5	6235578	6239258	Amillepora06725	2	1	0.5	0.5	50	50	70.71067811865476	50	100	0
chr5	6322320	6325819	Amillepora06734	8	0	0	0	0	0	0	0	0	0
chr5	6329519	6331396	Amillepora06735	7	0	0	0	0	0	0	0	0	0
chr5	6307644	6314178	Amillepora06732	8	2	0.25	0.25	25	0	46.29100498862757	16.366341767699428	100	0
chr5	6341012	6348149	Amillepora06737	14	0	0	0	0	0	0	0	0	0
chr5	6356174	6360884	Amillepora06738	7	0	0	0	0	0	0	0	0	0
chr5	6366008	6367988	Amillepora06739	2	0	0	0	0	0	0	0	0	0
chr5	6248799	6252477	Amillepora06727	3	0	0	0	0	0	0	0	0	0
chr5	6409390	6414448	Amillepora06741	2	0	0	0	0	0	0	0	0	0
chr5	6573553	6580134	Amillepora06756	1	0	0	0	0	0	NA	NA	0	0
chr5	6500473	6514483	Amillepora06746	6	3	0.5	0.5	50	50	54.772255750516614	22.3606797749979	100	0
chr5	6488554	6497521	Amillepora06745	3	1	0.3333333333333333	0.3333333333333333	33.333333333333336	0	57.735026918962575	33.333333333333336	100	0
chr5	6517860	6531407	Amillepora06747	1	0	0	0	0	0	NA	NA	0	0
chr5	6475600	6479707	Amillepora06744	1	1	1	1	100	100	NA	NA	100	100
chr5	6551388	6556072	Amillepora06752	2	0	0	0	0	0	0	0	0	0
chr5	6675495	6678446	Amillepora06759	4	0	0	0	0	0	0	0	0	0
chr5	6588731	6600708	Amillepora06758	4	1	0.25	0.25	25	0	50	25	100	0
chr5	6565041	6573023	Amillepora06755	3	1	0.3333333333333333	0.3333333333333333	33.333333333333336	0	57.735026918962575	33.333333333333336	100	0
chr5	6729078	6732233	Amillepora06761	1	0	0	0	0	0	NA	NA	0	0
chr5	6744322	6748093	Amillepora06762	2	1	0.5	0.5	50	50	70.71067811865476	50	100	0
chr5	6759572	6762930	Amillepora06764	1	0	0	0	0	0	NA	NA	0	0
chr5	6856181	6860404	Amillepora06768	1	0	0	0	0	0	NA	NA	0	0
chr5	6968861	6971172	Amillepora06774	1	0	0	0	0	0	NA	NA	0	0
chr5	7062170	7070342	Amillepora06780	19	0	0	0	0	0	0	0	0	0
chr5	7046905	7055702	Amillepora06779	6	1	0.16666666666666666	0.16666666666666666	16.666666666666668	0	40.8248290463863	16.66666666666667	100	0
chr5	7071623	7077240	Amillepora06781	6	0	0	0	0	0	0	0	0	0
chr5	7027077	7028030	Amillepora06777	1	0	0	0	0	0	NA	NA	0	0
chr5	6985477	7001882	Amillepora06776	11	0	0	0	0	0	0	0	0	0
chr5	7028074	7051130	Amillepora06778	14	1	0.07142857142857142	0.07142857142857142	7.142857142857143	0	26.726124191242445	7.142857142857143	100	0
chr5	6978564	6985149	Amillepora06775	7	3	0.42857142857142855	0.42857142857142855	42.857142857142854	0	53.45224838248488	20.203050891044217	100	0
chr5	7109463	7122024	Amillepora06784	49	2	0.04081632653061224	0.04081632653061224	4.081632653061225	0	19.991494790174606	2.8559278271678004	100	0
chr5	7125369	7138409	Amillepora06785	10	1	0.1	0.1	10	0	31.622776601683793	10	100	0
chr5	7080054	7099695	Amillepora06782	15	2	0.13333333333333333	0.13333333333333333	13.333333333333334	0	35.18657752744984	9.085135251589959	100	0
chr5	7152153	7161001	Amillepora06787	5	0	0	0	0	0	0	0	0	0
chr5	7192509	7202781	Amillepora06791	7	0	0	0	0	0	0	0	0	0
chr5	7143063	7150703	Amillepora06786	22	1	0.045454545454545456	0.045454545454545456	4.545454545454546	0	21.320071635561042	4.545454545454545	100	0
chr5	7177098	7187872	Amillepora06789	3	1	0.3333333333333333	0.3333333333333333	33.333333333333336	0	57.735026918962575	33.333333333333336	100	0
chr5	7219865	7226929	Amillepora06793	2	1	0.5	0.5	50	50	70.71067811865476	50	100	0
chr5	7175846	7176361	Amillepora06788	1	0	0	0	0	0	NA	NA	0	0
chr5	7232073	7243815	Amillepora06795	7	3	0.42857142857142855	0.42857142857142855	42.857142857142854	0	53.45224838248488	20.203050891044217	100	0
chr5	7228607	7231823	Amillepora06794	5	2	0.4	0.4	40	0	54.772255750516614	24.49489742783178	100	0
chr5	7242714	7262714	Amillepora06796	6	6	1	1	100	100	0	0	100	100
chr5	7264856	7273644	Amillepora06804	5	1	0.2	0.2	20	0	44.721359549995796	20	100	0
chr5	7313267	7334332	Amillepora06808	25	2	0.08	0.08	8	0	27.688746209726915	5.537749241945383	100	0
chr5	7295545	7311499	Amillepora06807	11	2	0.18181818181818182	0.18181818181818182	18.181818181818183	0	40.45199174779453	12.196734422726125	100	0
chr5	7341041	7382849	Amillepora06809	56	2	0.03571428571428571	0.03571428571428571	3.5714285714285716	0	18.725633517970767	2.5023180348048952	100	0
chr5	7276603	7295357	Amillepora06805	36	1	0.027777777777777776	0.027777777777777776	2.7777777777777777	0	16.666666666666664	2.777777777777778	100	0
chr5	7441095	7442574	Amillepora06812	2	0	0	0	0	0	0	0	0	0
chr5	7408502	7439451	Amillepora06811	52	7	0.1346153846153846	0.1346153846153846	13.461538461538462	0	34.46422500840349	4.779328093727966	100	0
chr5	7483224	7487006	Amillepora06815	6	0	0	0	0	0	0	0	0	0
chr5	7442758	7461220	Amillepora06813	40	0	0	0	0	0	0	0	0	0
chr5	7383360	7408378	Amillepora06810	26	5	0.19230769230769232	0.19230769230769232	19.23076923076923	0	40.19184762342501	7.882269819968922	100	0
chr5	7478854	7482116	Amillepora06814	4	0	0	0	0	0	0	0	0	0
chr5	7538266	7554377	Amillepora06820	25	3	0.12	0.12	12	0	33.166247903554	6.6332495807108005	100	0
chr5	7514435	7533250	Amillepora06818	51	0	0	0	0	0	0	0	0	0
chr5	7508341	7512718	Amillepora06817	10	0	0	0	0	0	0	0	0	0
chr5	7492804	7497945	Amillepora06816	6	0	0	0	0	0	0	0	0	0
chr5	7577440	7598365	Amillepora06824	10	4	0.4	0.4	40	0	51.63977794943222	16.329931618554518	100	0
chr5	7564298	7575702	Amillepora06823	10	2	0.2	0.2	20	0	42.16370213557839	13.333333333333332	100	0
chr5	7561649	7564004	Amillepora06822	1	1	1	1	100	100	NA	NA	100	100
chr5	7656945	7663944	Amillepora06829	7	0	0	0	0	0	0	0	0	0
chr5	7651450	7652139	Amillepora06828	2	0	0	0	0	0	0	0	0	0
chr5	7609575	7610087	Amillepora06826	3	0	0	0	0	0	0	0	0	0
chr5	7669989	7683782	Amillepora06830	23	3	0.13043478260869565	0.13043478260869565	13.043478260869565	0	34.435022157509096	7.180198468215396	100	0
chr5	7866242	7867323	Amillepora06838	2	0	0	0	0	0	0	0	0	0
chr5	8094236	8139556	Amillepora06841	60	1	0.016666666666666666	0.01639344262295082	1.6666666666666667	0	12.90994448735805	1.6666666666666665	100	0
chr5	8058901	8089586	Amillepora06840	41	0	0	0	0	0	0	0	0	0
chr5	8143665	8155017	Amillepora06842	11	1	0.09090909090909091	0.09090909090909091	9.090909090909092	0	30.151134457776354	9.09090909090909	100	0
chr5	8258133	8259553	Amillepora06847	5	0	0	0	0	0	0	0	0	0
chr5	8239569	8253794	Amillepora06846	35	2	0.05714285714285714	0.05714285714285714	5.714285714285714	0	23.550410797680275	3.980745977252777	100	0
chr5	8238230	8239270	Amillepora06845	1	0	0	0	0	0	NA	NA	0	0
chr5	8210967	8223913	Amillepora06843	8	0	0	0	0	0	0	0	0	0
chr5	8229996	8236732	Amillepora06844	6	0	0	0	0	0	0	0	0	0
chr5	8264035	8291672	Amillepora06848	5	4	0.8	0.8	80	100	44.721359549995796	20	100	0
chr5	8329697	8334810	Amillepora06850	1	0	0	0	0	0	NA	NA	0	0
chr5	8518891	8524823	Amillepora06863	1	0	0	0	0	0	NA	NA	0	0
chr5	8450269	8485158	Amillepora06857	7	0	0	0	0	0	0	0	0	0
chr5	8547550	8560347	Amillepora06867	5	2	0.4	0.4	40	0	54.772255750516614	24.49489742783178	100	0
chr5	8526308	8531483	Amillepora06865	1	0	0	0	0	0	NA	NA	0	0
chr5	8686959	8687651	Amillepora06874	1	0	0	0	0	0	NA	NA	0	0
chr5	8583421	8610085	Amillepora06869	51	2	0.0392156862745098	0.038461538461538464	3.9215686274509802	0	19.60392117639215	2.7450980392156863	100	0
chr5	8650167	8684400	Amillepora06872	20	1	0.05	0.05	5	0	22.360679774997898	5	100	0
chr5	8630317	8644842	Amillepora06871	15	1	0.06666666666666667	0.06666666666666667	6.666666666666667	0	25.819888974716115	6.666666666666666	100	0
chr5	8608971	8628419	Amillepora06870	25	0	0	0	0	0	0	0	0	0
chr5	8755494	8762754	Amillepora06877	7	0	0	0	0	0	0	0	0	0
chr5	8700681	8701795	Amillepora06876	1	0	0	0	0	0	NA	NA	0	0
chr5	8818005	8825771	Amillepora06882	8	0	0	0	0	0	0	0	0	0
chr5	8781477	8797372	Amillepora06878	6	5	0.8333333333333334	0.8333333333333334	83.33333333333333	100	40.824829046386306	16.66666666666667	100	0
chr5	8802013	8808651	Amillepora06880	6	3	0.5	0.5	50	50	54.772255750516614	22.3606797749979	100	0
chr5	8807928	8817532	Amillepora06881	6	4	0.6666666666666666	0.6666666666666666	66.66666666666667	100	51.63977794943223	21.081851067789195	100	0
chr5	8796939	8801641	Amillepora06879	4	1	0.25	0.25	25	0	50	25	100	0
chr5	8869117	8910287	Amillepora06883	12	0	0	0	0	0	0	0	0	0
chr5	8969058	8979727	Amillepora06888	16	0	0	0	0	0	0	0	0	0
chr5	9065708	9070209	Amillepora06896	2	0	0	0	0	0	0	0	0	0
chr5	9029998	9035948	Amillepora06894	6	0	0	0	0	0	0	0	0	0
chr5	9002169	9002933	Amillepora06892	2	0	0	0	0	0	0	0	0	0
chr5	8988357	8991713	Amillepora06891	3	0	0	0	0	0	0	0	0	0
chr5	9147286	9152348	Amillepora06897	3	0	0	0	0	0	0	0	0	0
chr5	9204938	9209332	Amillepora06901	4	0	0	0	0	0	0	0	0	0
chr5	9158027	9193649	Amillepora06899	33	1	0.030303030303030304	0.030303030303030304	3.0303030303030303	0	17.407765595569774	3.03030303030303	100	0
chr5	9153988	9155004	Amillepora06898	3	0	0	0	0	0	0	0	0	0
chr5	9210002	9216952	Amillepora06902	3	1	0.3333333333333333	0.3333333333333333	33.333333333333336	0	57.735026918962575	33.333333333333336	100	0
chr5	9256050	9262707	Amillepora06904	5	3	0.6	0.6	60	100	54.772255750516614	24.49489742783178	100	0
chr5	9194325	9200784	Amillepora06900	10	0	0	0	0	0	0	0	0	0
chr5	9232705	9250426	Amillepora06903	43	1	0.023255813953488372	0.023255813953488372	2.3255813953488373	0	15.249857033260453	2.3255813953488373	100	0
chr5	9262758	9297597	Amillepora06906	19	4	0.21052631578947367	0.21052631578947367	21.05263157894737	0	41.88539082916955	9.60916767552923	100	0
chr5	9329378	9331396	Amillepora06911	4	0	0	0	0	0	0	0	0	0
chr5	9315231	9317207	Amillepora06910	4	0	0	0	0	0	0	0	0	0
chr5	9351549	9357258	Amillepora06912	14	0	0	0	0	0	0	0	0	0
chr5	9402107	9413367	Amillepora06916	13	1	0.07692307692307693	0.07692307692307693	7.6923076923076925	0	27.735009811261456	7.6923076923076925	100	0
chr5	9479052	9484843	Amillepora06919	1	0	0	0	0	0	NA	NA	0	0
chr5	9497280	9499518	Amillepora06922	2	0	0	0	0	0	0	0	0	0
chr5	9649228	9657361	Amillepora06933	12	0	0	0	0	0	0	0	0	0
chr5	9577077	9591765	Amillepora06929	16	1	0.0625	0.0625	6.25	0	25	6.25	100	0
chr5	9574679	9576549	Amillepora06928	3	0	0	0	0	0	0	0	0	0
chr5	9573041	9573746	Amillepora06927	2	0	0	0	0	0	0	0	0	0
chr5	9618299	9622773	Amillepora06930	3	0	0	0	0	0	0	0	0	0
chr5	9732683	9738381	Amillepora06938	9	0	0	0	0	0	0	0	0	0
chr5	9705410	9727479	Amillepora06936	16	0	0	0	0	0	0	0	0	0
chr5	9679232	9689860	Amillepora06935	7	0	0	0	0	0	0	0	0	0
chr5	9739335	9742286	Amillepora06939	6	0	0	0	0	0	0	0	0	0
chr5	9768158	9769295	Amillepora06941	2	0	0	0	0	0	0	0	0	0
chr5	9872100	9883007	Amillepora06948	9	0	0	0	0	0	0	0	0	0
chr5	9771096	9780285	Amillepora06942	9	1	0.1111111111111111	0.1111111111111111	11.11111111111111	0	33.333333333333336	11.111111111111112	100	0
chr5	9852853	9863902	Amillepora06945	1	1	1	1	100	100	NA	NA	100	100
chr5	9807010	9820403	Amillepora06943	2	0	0	0	0	0	0	0	0	0
chr5	9961114	9971511	Amillepora06954	8	2	0.25	0.25	25	0	46.29100498862757	16.366341767699428	100	0
chr5	9938862	9953667	Amillepora06953	9	2	0.2222222222222222	0.2222222222222222	22.22222222222222	0	44.09585518440984	14.698618394803281	100	0
chr5	9914221	9928016	Amillepora06951	4	0	0	0	0	0	0	0	0	0
chr5	9893015	9897752	Amillepora06950	1	0	0	0	0	0	NA	NA	0	0
chr5	10019547	10021964	Amillepora06959	4	0	0	0	0	0	0	0	0	0
chr5	10012117	10015243	Amillepora06958	7	0	0	0	0	0	0	0	0	0
chr5	9994721	10001256	Amillepora06955	19	0	0	0	0	0	0	0	0	0
chr5	10002935	10003867	Amillepora06956	1	0	0	0	0	0	NA	NA	0	0
chr5	10038433	10046592	Amillepora06962	21	0	0	0	0	0	0	0	0	0
chr5	10062368	10083029	Amillepora06964	7	2	0.2857142857142857	0.2857142857142857	28.571428571428573	0	48.79500364742666	18.442777839082936	100	0
chr5	10154089	10160139	Amillepora06971	2	1	0.5	0.5	50	50	70.71067811865476	50	100	0
chr5	10178514	10184542	Amillepora06974	1	0	0	0	0	0	NA	NA	0	0
chr5	10127142	10131645	Amillepora06968	1	0	0	0	0	0	NA	NA	0	0
chr5	10106181	10119143	Amillepora06966	10	0	0	0	0	0	0	0	0	0
chr5	10184654	10187398	Amillepora06975	1	0	0	0	0	0	NA	NA	0	0
chr5	10205427	10206328	Amillepora06978	1	0	0	0	0	0	NA	NA	0	0
chr5	10208391	10208807	Amillepora06982	1	0	0	0	0	0	NA	NA	0	0
chr5	10206374	10207080	Amillepora06979	1	0	0	0	0	0	NA	NA	0	0
chr5	10269511	10275926	Amillepora06987	4	2	0.5	0.5	50	50	57.735026918962575	28.867513459481287	100	0
chr5	10277341	10292364	Amillepora06989	10	3	0.3	0.3	30	0	48.3045891539648	15.275252316519467	100	0
chr5	10313734	10319318	Amillepora06990	8	0	0	0	0	0	0	0	0	0
chr5	10328005	10348487	Amillepora06992	28	0	0	0	0	0	0	0	0	0
chr5	10319906	10325693	Amillepora06991	5	1	0.2	0.2	20	0	44.721359549995796	20	100	0
chr5	10443728	10448988	Amillepora06995	3	1	0.3333333333333333	0.3333333333333333	33.333333333333336	0	57.735026918962575	33.333333333333336	100	0
chr5	10466748	10473917	Amillepora07001	11	2	0.18181818181818182	0.18181818181818182	18.181818181818183	0	40.45199174779453	12.196734422726125	100	0
chr5	10460887	10466404	Amillepora07000	1	1	1	1	100	100	NA	NA	100	100
chr5	10454150	10455337	Amillepora06997	1	0	0	0	0	0	NA	NA	0	0
chr5	10455578	10457596	Amillepora06998	2	0	0	0	0	0	0	0	0	0
chr5	10423578	10436742	Amillepora06994	4	2	0.5	0.5	50	50	57.735026918962575	28.867513459481287	100	0
chr5	10474070	10482324	Amillepora07002	3	3	1	1	100	100	0	0	100	100
chr5	10356389	10404276	Amillepora06993	35	1	0.02857142857142857	0.02857142857142857	2.857142857142857	0	16.90308509457033	2.857142857142857	100	0
chr5	10458109	10460600	Amillepora06999	4	0	0	0	0	0	0	0	0	0
chr5	10536863	10541222	Amillepora07008	1	0	0	0	0	0	NA	NA	0	0
chr5	10514691	10533457	Amillepora07006	20	2	0.1	0.1	10	0	30.779350562554622	6.882472016116853	100	0
chr5	10505898	10510745	Amillepora07004	23	8	0.34782608695652173	0.34782608695652173	34.78260869565217	0	48.69847535576741	10.154334054280735	100	0
chr5	10534652	10536755	Amillepora07007	2	1	0.5	0.5	50	50	70.71067811865476	50	100	0
chr5	10542303	10571827	Amillepora07009	9	4	0.4444444444444444	0.4444444444444444	44.44444444444444	0	52.70462766947299	17.568209223157663	100	0
chr5	10510764	10512533	Amillepora07005	5	0	0	0	0	0	0	0	0	0
chr5	10650886	10657953	Amillepora07014	3	0	0	0	0	0	0	0	0	0
chr5	10621148	10634236	Amillepora07012	20	1	0.05	0.047619047619047616	5	0	22.360679774997898	5	100	0
chr5	10585181	10599662	Amillepora07010	4	2	0.5	0.5	50	50	57.735026918962575	28.867513459481287	100	0
chr5	10662739	10668933	Amillepora07015	13	0	0	0	0	0	0	0	0	0
chr5	10634394	10643228	Amillepora07013	6	0	0	0	0	0	0	0	0	0
chr5	10601110	10619548	Amillepora07011	6	4	0.6666666666666666	0.6666666666666666	66.66666666666667	100	51.63977794943223	21.081851067789195	100	0
chr5	10714188	10721530	Amillepora07018	9	0	0	0	0	0	0	0	0	0
chr5	10678518	10687228	Amillepora07016	6	0	0	0	0	0	0	0	0	0
chr5	10687906	10692784	Amillepora07017	4	0	0	0	0	0	0	0	0	0
chr5	10859502	10862827	Amillepora07030	1	1	1	1	100	100	NA	NA	100	100
chr5	10810427	10812604	Amillepora07024	1	1	1	1	100	100	NA	NA	100	100
chr5	10905469	10913064	Amillepora07036	9	0	0	0	0	0	0	0	0	0
chr5	10926130	10934575	Amillepora07038	10	0	0	0	0	0	0	0	0	0
chr5	10875132	10894112	Amillepora07034	17	0	0	0	0	0	0	0	0	0
chr5	10936494	10945035	Amillepora07040	8	1	0.125	0.125	12.5	0	35.35533905932738	12.5	100	0
chr5	10864802	10867336	Amillepora07031	1	1	1	1	100	100	NA	NA	100	100
chr5	10918935	10920262	Amillepora07037	1	0	0	0	0	0	NA	NA	0	0
chr5	10974353	10998711	Amillepora07044	8	1	0.125	0.125	12.5	0	35.35533905932738	12.5	100	0
chr5	10965515	10968124	Amillepora07043	1	0	0	0	0	0	NA	NA	0	0
chr5	11034114	11037003	Amillepora07051	2	0	0	0	0	0	0	0	0	0
chr5	11018256	11025845	Amillepora07049	7	0	0	0	0	0	0	0	0	0
chr5	11005597	11007108	Amillepora07048	10	3	0.3	0.3	30	0	48.3045891539648	15.275252316519467	100	0
chr5	11002598	11005429	Amillepora07047	10	2	0.2	0.2	20	0	42.16370213557839	13.333333333333332	100	0
chr5	11072409	11076544	Amillepora07052	3	1	0.3333333333333333	0.3333333333333333	33.333333333333336	0	57.735026918962575	33.333333333333336	100	0
chr5	11132667	11135983	Amillepora07057	6	1	0.16666666666666666	0.16666666666666666	16.666666666666668	0	40.8248290463863	16.66666666666667	100	0
chr5	11098489	11107285	Amillepora07055	41	7	0.17073170731707318	0.19047619047619047	17.073170731707318	0	38.094875143451	5.949419959829497	100	0
chr5	11108557	11110090	Amillepora07056	6	2	0.3333333333333333	0.3333333333333333	33.333333333333336	0	51.63977794943222	21.081851067789195	100	0
chr5	11087277	11090615	Amillepora07054	2	0	0	0	0	0	0	0	0	0
chr5	11185174	11191833	Amillepora07069	4	4	1	1	100	100	0	0	100	100
chr5	11220905	11225225	Amillepora07071	8	0	0	0	0	0	0	0	0	0
chr5	11250854	11253449	Amillepora07075	1	1	1	1	100	100	NA	NA	100	100
chr5	11228769	11229692	Amillepora07072	4	0	0	0	0	0	0	0	0	0
chr5	11378518	11387756	Amillepora07083	8	0	0	0	0	0	0	0	0	0
chr5	11368138	11376487	Amillepora07080	3	1	0.3333333333333333	0.3333333333333333	33.333333333333336	0	57.735026918962575	33.333333333333336	100	0
chr5	11306855	11330381	Amillepora07077	12	2	0.16666666666666666	0.16666666666666666	16.666666666666668	0	38.92494720807615	11.236664374387368	100	0
chr5	11421788	11430928	Amillepora07085	2	0	0	0	0	0	0	0	0	0
chr5	11445266	11462566	Amillepora07086	17	6	0.35294117647058826	0.3333333333333333	32.35294117647059	0	46.57378712386211	11.295802570395011	100	0
chr5	11514298	11520184	Amillepora07092	2	0	0	0	0	0	0	0	0	0
chr5	11497158	11498290	Amillepora07089	2	1	0.5	0.5	50	50	70.71067811865476	50	100	0
chr5	11499005	11514145	Amillepora07090	1	1	1	1	100	100	NA	NA	100	100
chr5	11477065	11496029	Amillepora07088	26	3	0.11538461538461539	0.11538461538461539	11.538461538461538	0	32.5812593608421	6.389710663783134	100	0
chr5	11534490	11535828	Amillepora07095	1	0	0	0	0	0	NA	NA	0	0
chr5	11605487	11616003	Amillepora07100	12	0	0	0	0	0	0	0	0	0
chr5	11587524	11603214	Amillepora07097	17	6	0.35294117647058826	0.35294117647058826	35.294117647058826	0	49.259218307188895	11.947115300935236	100	0
chr5	11568312	11581705	Amillepora07096	10	3	0.3	0.3	30	0	48.3045891539648	15.275252316519467	100	0
chr5	11526317	11564639	Amillepora07094	6	4	0.6666666666666666	0.6666666666666666	66.66666666666667	100	51.63977794943223	21.081851067789195	100	0
chr5	11618286	11628462	Amillepora07101	8	2	0.25	0.25	25	0	46.29100498862757	16.366341767699428	100	0
chr5	11646451	11683331	Amillepora07108	29	4	0.13793103448275862	0.13793103448275862	13.793103448275861	0	35.093120317179824	6.516628844986676	100	0
chr5	11633696	11635848	Amillepora07105	1	0	0	0	0	0	NA	NA	0	0
chr5	11631390	11633045	Amillepora07104	3	0	0	0	0	0	0	0	0	0
chr5	11700120	11703086	Amillepora07110	15	0	0	0	0	0	0	0	0	0
chr5	11739353	11765572	Amillepora07112	20	7	0.35	0.35	35	0	48.936048492959294	10.942433098048312	100	0
chr5	11725373	11739289	Amillepora07111	8	4	0.5	0.5	50	50	53.45224838248488	18.89822365046136	100	0
chr5	11842985	11864090	Amillepora07116	10	2	0.2	0.2	20	0	42.16370213557839	13.333333333333332	100	0
chr5	11877271	11881341	Amillepora07118	4	0	0	0	0	0	0	0	0	0
chr5	11766021	11784338	Amillepora07113	9	1	0.1111111111111111	0.1111111111111111	11.11111111111111	0	33.333333333333336	11.111111111111112	100	0
chr5	11819033	11829829	Amillepora07115	7	1	0.14285714285714285	0.14285714285714285	14.285714285714286	0	37.79644730092272	14.285714285714285	100	0
chr5	11785034	11792014	Amillepora07114	1	1	1	1	100	100	NA	NA	100	100
chr5	11881413	11883112	Amillepora07119	2	0	0	0	0	0	0	0	0	0
chr5	11916074	11923320	Amillepora07124	9	1	0.1111111111111111	0.1111111111111111	11.11111111111111	0	33.333333333333336	11.111111111111112	100	0
chr5	11892225	11908398	Amillepora07121	6	5	0.8333333333333334	0.8333333333333334	83.33333333333333	100	40.824829046386306	16.66666666666667	100	0
chr5	11909293	11912399	Amillepora07123	4	0	0	0	0	0	0	0	0	0
chr5	11961992	11967346	Amillepora07127	5	0	0	0	0	0	0	0	0	0
chr5	11973519	11986462	Amillepora07128	23	0	0	0	0	0	0	0	0	0
chr5	12063859	12071263	Amillepora07136	4	0	0	0	0	0	0	0	0	0
chr5	12019938	12023489	Amillepora07131	3	0	0	0	0	0	0	0	0	0
chr5	12018997	12019871	Amillepora07130	1	0	0	0	0	0	NA	NA	0	0
chr5	12121323	12152393	Amillepora07141	27	4	0.14814814814814814	0.14285714285714285	14.814814814814815	0	36.20139928982456	6.966962541673779	100	0
chr5	12155477	12175726	Amillepora07143	14	0	0	0	0	0	0	0	0	0
chr5	12108059	12108702	Amillepora07139	1	0	0	0	0	0	NA	NA	0	0
chr5	12255626	12261517	Amillepora07147	1	0	0	0	0	0	NA	NA	0	0
chr5	12202387	12211239	Amillepora07144	10	0	0	0	0	0	0	0	0	0
chr5	12220423	12227832	Amillepora07145	2	0	0	0	0	0	0	0	0	0
chr5	12276318	12280325	Amillepora07149	1	0	0	0	0	0	NA	NA	0	0
chr5	12423314	12432316	Amillepora07155	2	0	0	0	0	0	0	0	0	0
chr5	12641593	12646073	Amillepora07163	1	1	1	1	100	100	NA	NA	100	100
chr5	12649666	12652291	Amillepora07164	3	0	0	0	0	0	0	0	0	0
chr5	12725824	12737380	Amillepora07169	7	0	0	0	0	0	0	0	0	0
chr5	12784104	12786113	Amillepora07173	1	0	0	0	0	0	NA	NA	0	0
chr5	12702976	12704019	Amillepora07167	1	0	0	0	0	0	NA	NA	0	0
chr5	12705629	12706885	Amillepora07168	1	0	0	0	0	0	NA	NA	0	0
chr5	12824669	12825886	Amillepora07176	1	1	1	1	100	100	NA	NA	100	100
chr5	12789582	12791669	Amillepora07174	1	0	0	0	0	0	NA	NA	0	0
chr5	12898925	12904945	Amillepora07181	1	0	0	0	0	0	NA	NA	0	0
chr5	12905055	12907198	Amillepora07182	1	0	0	0	0	0	NA	NA	0	0
chr5	12944412	12956438	Amillepora07183	2	0	0	0	0	0	0	0	0	0
chr5	13011244	13012836	Amillepora07188	12	1	0.08333333333333333	0.08333333333333333	8.333333333333334	0	28.867513459481298	8.333333333333334	100	0
chr5	13053218	13075417	Amillepora07192	10	2	0.2	0.2	20	0	42.16370213557839	13.333333333333332	100	0
chr5	12991739	12994626	Amillepora07186	1	0	0	0	0	0	NA	NA	0	0
chr5	13117809	13120718	Amillepora07199	3	0	0	0	0	0	0	0	0	0
chr5	13107511	13109393	Amillepora07197	7	0	0	0	0	0	0	0	0	0
chr5	13121666	13128988	Amillepora07200	5	1	0.2	0.2	20	0	44.721359549995796	20	100	0
chr5	13145843	13152212	Amillepora07203	3	2	0.6666666666666666	0.6666666666666666	66.66666666666667	100	57.73502691896258	33.333333333333336	100	0
chr5	13093716	13098230	Amillepora07194	3	0	0	0	0	0	0	0	0	0
chr5	13099017	13105158	Amillepora07195	1	1	1	1	100	100	NA	NA	100	100
chr5	13111217	13117600	Amillepora07198	6	2	0.3333333333333333	0.3333333333333333	33.333333333333336	0	51.63977794943222	21.081851067789195	100	0
chr5	13101244	13106414	Amillepora07196	6	1	0.16666666666666666	0.16666666666666666	16.666666666666668	0	40.8248290463863	16.66666666666667	100	0
chr5	13077126	13093430	Amillepora07193	13	0	0	0	0	0	0	0	0	0
chr5	13191341	13197306	Amillepora07209	3	2	0.6666666666666666	0.6666666666666666	66.66666666666667	100	57.73502691896258	33.333333333333336	100	0
chr5	13199964	13204701	Amillepora07210	3	0	0	0	0	0	0	0	0	0
chr5	13219086	13220491	Amillepora07213	1	0	0	0	0	0	NA	NA	0	0
chr5	13175820	13185688	Amillepora07208	8	0	0	0	0	0	0	0	0	0
chr5	13230394	13237376	Amillepora07215	1	0	0	0	0	0	NA	NA	0	0
chr5	13205144	13210889	Amillepora07211	3	2	0.6666666666666666	0.6666666666666666	66.66666666666667	100	57.73502691896258	33.333333333333336	100	0
chr5	13153376	13159049	Amillepora07206	9	3	0.3333333333333333	0.3333333333333333	33.333333333333336	0	49.99999999999999	16.666666666666668	100	0
chr5	13162485	13171169	Amillepora07207	18	0	0	0	0	0	0	0	0	0
chr5	13351852	13353507	Amillepora07226	6	1	0.16666666666666666	0.14285714285714285	16.666666666666668	0	40.8248290463863	16.66666666666667	100	0
chr5	13329259	13334905	Amillepora07225	4	1	0.25	0.25	25	0	50	25	100	0
chr5	13320899	13325184	Amillepora07224	1	1	1	1	100	100	NA	NA	100	100
chr5	13260688	13301822	Amillepora07217	41	6	0.14634146341463414	0.14285714285714285	13.414634146341463	0	33.586437448586366	5.245320284782089	100	0
chr5	13303202	13307376	Amillepora07221	4	0	0	0	0	0	0	0	0	0
chr5	13308278	13314648	Amillepora07222	3	2	0.6666666666666666	0.6666666666666666	66.66666666666667	100	57.735026918962575	33.333333333333336	100	0
chr5	13408693	13439894	Amillepora07229	47	0	0	0	0	0	0	0	0	0
chr5	13853671	13858575	Amillepora07233	8	2	0.25	0.25	25	0	46.29100498862757	16.366341767699428	100	0
chr5	13824780	13830944	Amillepora07231	10	0	0	0	0	0	0	0	0	0
chr5	13954469	13963492	Amillepora07242	3	0	0	0	0	0	0	0	0	0
chr5	13945682	13952303	Amillepora07241	10	1	0.1	0.1	10	0	31.622776601683793	10	100	0
chr5	13893387	13898668	Amillepora07236	11	0	0	0	0	0	0	0	0	0
chr5	13911250	13916882	Amillepora07238	11	1	0.09090909090909091	0.09090909090909091	9.090909090909092	0	30.151134457776358	9.09090909090909	100	0
chr5	13876003	13879940	Amillepora07235	13	0	0	0	0	0	0	0	0	0
chr5	13924937	13930652	Amillepora07240	7	0	0	0	0	0	0	0	0	0
chr5	13963072	13970105	Amillepora07243	6	0	0	0	0	0	0	0	0	0
chr5	14067744	14070959	Amillepora07254	3	2	0.6666666666666666	0.6666666666666666	66.66666666666667	100	57.73502691896258	33.333333333333336	100	0
chr5	14048957	14064249	Amillepora07252	12	0	0	0	0	0	0	0	0	0
chr5	13992827	13995049	Amillepora07246	4	0	0	0	0	0	0	0	0	0
chr5	14072800	14079429	Amillepora07255	2	1	0.5	0.5	50	50	70.71067811865476	50	100	0
chr5	14035569	14038119	Amillepora07251	4	0	0	0	0	0	0	0	0	0
chr5	14203590	14216007	Amillepora07260	4	1	0.25	0.25	25	0	50	25	100	0
chr5	14216685	14222862	Amillepora07261	5	0	0	0	0	0	0	0	0	0
chr5	14238647	14245425	Amillepora07262	7	1	0.14285714285714285	0.14285714285714285	14.285714285714286	0	37.79644730092272	14.285714285714285	100	0
chr5	14193901	14200674	Amillepora07259	1	0	0	0	0	0	NA	NA	0	0
chr5	14245919	14279843	Amillepora07263	82	5	0.06097560975609756	0.06097560975609756	6.097560975609756	0	24.075811208259264	2.658728573217965	100	0
chr5	14157432	14189857	Amillepora07258	24	4	0.16666666666666666	0.16666666666666666	16.666666666666668	0	38.069349381344054	7.770873402002615	100	0
chr5	14146142	14154646	Amillepora07256	5	4	0.8	0.8	80	100	44.721359549995796	20	100	0
chr5	14399329	14439403	Amillepora07267	9	0	0	0	0	0	0	0	0	0
chr5	14426011	14439261	Amillepora07268	2	0	0	0	0	0	0	0	0	0
chr5	14449437	14451384	Amillepora07269	4	0	0	0	0	0	0	0	0	0
chr5	14538234	14539047	Amillepora07275	1	0	0	0	0	0	NA	NA	0	0
chr5	14714343	14723763	Amillepora07285	3	0	0	0	0	0	0	0	0	0
chr5	14726380	14732253	Amillepora07286	23	1	0.043478260869565216	0.043478260869565216	4.3478260869565215	0	20.851441405707476	4.347826086956522	100	0
chr5	14733888	14736810	Amillepora07287	2	0	0	0	0	0	0	0	0	0
chr5	14777373	14779199	Amillepora07291	1	0	0	0	0	0	NA	NA	0	0
chr5	14847314	14868943	Amillepora07294	40	2	0.05	0.05	5	0	22.072142786315226	3.489912202260564	100	0
chr5	14821316	14822588	Amillepora07293	1	0	0	0	0	0	NA	NA	0	0
chr5	14884355	14915073	Amillepora07297	42	0	0	0	0	0	0	0	0	0
chr5	14957405	14985590	Amillepora07300	18	2	0.1111111111111111	0.10526315789473684	11.11111111111111	0	32.338083338177725	7.622159339667059	100	0
chr5	14948911	14957396	Amillepora07299	5	0	0	0	0	0	0	0	0	0
chr5	15039831	15069563	Amillepora07304	25	1	0.04	0.04	4	0	20	4	100	0
chr5	15072194	15077294	Amillepora07306	5	4	0.8	0.8	80	100	44.721359549995796	20	100	0
chr5	15022569	15039325	Amillepora07303	7	4	0.5714285714285714	0.5714285714285714	57.142857142857146	100	53.452248382484875	20.203050891044217	100	0
chr5	14988320	15014257	Amillepora07302	44	0	0	0	0	0	0	0	0	0
chr5	15134334	15135093	Amillepora07312	3	0	0	0	0	0	0	0	0	0
chr5	15172777	15183741	Amillepora07317	4	0	0	0	0	0	0	0	0	0
chr5	15145738	15157199	Amillepora07314	15	2	0.13333333333333333	0.13333333333333333	13.333333333333334	0	35.18657752744984	9.085135251589959	100	0
chr5	15136521	15142625	Amillepora07313	5	2	0.4	0.4	40	0	54.772255750516614	24.49489742783178	100	0
chr5	15123271	15129055	Amillepora07311	6	1	0.16666666666666666	0.16666666666666666	16.666666666666668	0	40.82482904638629	16.66666666666667	100	0
chr5	15258242	15262799	Amillepora07321	6	0	0	0	0	0	0	0	0	0
chr5	15187245	15195209	Amillepora07318	9	0	0	0	0	0	0	0	0	0
chr5	15235063	15257092	Amillepora07320	14	0	0	0	0	0	0	0	0	0
chr5	15212686	15217835	Amillepora07319	3	0	0	0	0	0	0	0	0	0
chr5	15365765	15368447	Amillepora07332	2	0	0	0	0	0	0	0	0	0
chr5	15294322	15296505	Amillepora07323	1	0	0	0	0	0	NA	NA	0	0
chr5	15354962	15357048	Amillepora07331	2	0	0	0	0	0	0	0	0	0
chr5	15346015	15348999	Amillepora07330	4	0	0	0	0	0	0	0	0	0
chr5	15288128	15294267	Amillepora07322	2	0	0	0	0	0	0	0	0	0
chr5	15318969	15321051	Amillepora07326	2	0	0	0	0	0	0	0	0	0
chr5	15330404	15335869	Amillepora07328	3	1	0.3333333333333333	0.3333333333333333	33.333333333333336	0	57.735026918962575	33.333333333333336	100	0
chr5	15322728	15328408	Amillepora07327	1	1	1	1	100	100	NA	NA	100	100
chr5	15303938	15316115	Amillepora07325	8	0	0	0	0	0	0	0	0	0
chr5	15434392	15462698	Amillepora07339	30	10	0.3333333333333333	0.3333333333333333	33.333333333333336	0	47.94633014853841	8.753762190648171	100	0
chr5	15401844	15413039	Amillepora07335	12	1	0.08333333333333333	0.08333333333333333	8.333333333333334	0	28.86751345948129	8.333333333333334	100	0
chr5	15370227	15384952	Amillepora07333	2	2	1	1	100	100	0	0	100	100
chr5	15425958	15426993	Amillepora07336	1	1	1	1	100	100	NA	NA	100	100
chr5	15540389	15546682	Amillepora07345	8	1	0.125	0.125	12.5	0	35.35533905932738	12.5	100	0
chr5	15493713	15511680	Amillepora07341	5	1	0.2	0.2	20	0	44.721359549995796	20	100	0
chr5	15515436	15526139	Amillepora07342	2	0	0	0	0	0	0	0	0	0
chr5	15533942	15535331	Amillepora07343	8	2	0.25	0.25	25	0	46.29100498862757	16.366341767699428	100	0
chr5	15535437	15536739	Amillepora07344	7	1	0.14285714285714285	0.14285714285714285	14.285714285714286	0	37.79644730092272	14.285714285714285	100	0
chr5	15615984	15619376	Amillepora07352	2	1	0.5	0.5	50	50	70.71067811865476	50	100	0
chr5	15623825	15638286	Amillepora07353	9	2	0.2222222222222222	0.2222222222222222	22.22222222222222	0	44.09585518440984	14.698618394803281	100	0
chr5	15640501	15660666	Amillepora07355	19	2	0.10526315789473684	0.10526315789473684	10.526315789473685	0	31.530176764230585	7.233518641434491	100	0
chr5	15568994	15578309	Amillepora07348	7	1	0.14285714285714285	0.14285714285714285	14.285714285714286	0	37.79644730092272	14.285714285714285	100	0
chr5	15610888	15612636	Amillepora07351	1	0	0	0	0	0	NA	NA	0	0
chr5	15589939	15600071	Amillepora07349	2	1	0.5	0.5	50	50	70.71067811865476	50	100	0
chr5	15551225	15564892	Amillepora07346	4	2	0.5	0.5	50	50	57.735026918962575	28.867513459481287	100	0
chr5	15627927	15640412	Amillepora07354	9	2	0.2222222222222222	0.2222222222222222	22.22222222222222	0	44.09585518440984	14.698618394803281	100	0
chr5	15760147	15771374	Amillepora07361	12	0	0	0	0	0	0	0	0	0
chr5	15696522	15716759	Amillepora07358	14	0	0	0	0	0	0	0	0	0
chr5	15672574	15680714	Amillepora07356	1	1	1	1	100	100	NA	NA	100	100
chr5	15850896	15882250	Amillepora07374	23	13	0.5652173913043478	0.5652173913043478	56.52173913043478	100	50.68698018697019	10.568965974008648	100	0
chr5	15835582	15850473	Amillepora07373	11	10	0.9090909090909091	0.9090909090909091	90.9090909090909	100	30.151134457776358	9.09090909090909	100	0
chr5	15829666	15832817	Amillepora07372	1	0	0	0	0	0	NA	NA	0	0
chr5	15828321	15829484	Amillepora07371	1	0	0	0	0	0	NA	NA	0	0
chr5	15800486	15803678	Amillepora07365	4	4	1	1	100	100	0	0	100	100
chr5	15804039	15804845	Amillepora07367	2	2	1	1	100	100	0	0	100	100
chr5	15783905	15787319	Amillepora07364	1	0	0	0	0	0	NA	NA	0	0
chr5	15803681	15804026	Amillepora07366	1	0	0	0	0	0	NA	NA	0	0
chr5	15943673	15955767	Amillepora07379	7	0	0	0	0	0	0	0	0	0
chr5	15914967	15921004	Amillepora07377	8	0	0	0	0	0	0	0	0	0
chr5	15874642	15879827	Amillepora07375	2	2	1	1	100	100	0	0	100	100
chr5	15937341	15938651	Amillepora07378	4	0	0	0	0	0	0	0	0	0
chr5	16076650	16079336	Amillepora07388	2	2	1	1	100	100	0	0	100	100
chr5	16045290	16051237	Amillepora07384	1	1	1	1	100	100	NA	NA	100	100
chr5	16061205	16062457	Amillepora07387	5	2	0.4	0.4	40	0	54.772255750516614	24.49489742783178	100	0
chr5	16059369	16061193	Amillepora07386	2	0	0	0	0	0	0	0	0	0
chr5	16098927	16100552	Amillepora07389	1	0	0	0	0	0	NA	NA	0	0
chr5	16130912	16134648	Amillepora07392	1	1	1	1	100	100	NA	NA	100	100
chr5	16103395	16112332	Amillepora07391	13	7	0.5384615384615384	0.5384615384615384	53.84615384615385	100	51.887452166277086	14.390989949130546	100	0
chr5	16100733	16102306	Amillepora07390	6	4	0.6666666666666666	0.6666666666666666	66.66666666666667	100	51.63977794943223	21.081851067789195	100	0
chr5	16167778	16168579	Amillepora07393	2	2	1	1	100	100	0	0	100	100
chr5	16265570	16276546	Amillepora07401	6	5	0.8333333333333334	0.8333333333333334	83.33333333333333	100	40.824829046386306	16.66666666666667	100	0
chr5	16259080	16260974	Amillepora07400	2	1	0.5	0.5	50	50	70.71067811865476	50	100	0
chr5	16295769	16300133	Amillepora07403	3	1	0.3333333333333333	0.3333333333333333	33.333333333333336	0	57.735026918962575	33.333333333333336	100	0
chr5	16335742	16337149	Amillepora07406	1	1	1	1	100	100	NA	NA	100	100
chr5	16337179	16338608	Amillepora07407	2	0	0	0	0	0	0	0	0	0
chr5	16324536	16326411	Amillepora07404	3	0	0	0	0	0	0	0	0	0
chr5	16412206	16414332	Amillepora07410	2	0	0	0	0	0	0	0	0	0
chr5	16523657	16526947	Amillepora07424	2	0	0	0	0	0	0	0	0	0
chr5	16569193	16578705	Amillepora07430	7	4	0.5714285714285714	0.5714285714285714	57.142857142857146	100	53.45224838248488	20.203050891044217	100	0
chr5	16481723	16482907	Amillepora07416	1	1	1	1	100	100	NA	NA	100	100
chr5	16484687	16489627	Amillepora07420	5	5	1	1	100	100	0	0	100	100
chr5	16500825	16510123	Amillepora07423	9	3	0.3333333333333333	0.3333333333333333	33.333333333333336	0	50	16.666666666666668	100	0
chr5	16492019	16497621	Amillepora07422	5	2	0.4	0.4	40	0	54.772255750516614	24.49489742783178	100	0
chr5	16483816	16490334	Amillepora07419	6	5	0.8333333333333334	0.8333333333333334	83.33333333333333	100	40.824829046386306	16.66666666666667	100	0
chr5	16490441	16491042	Amillepora07421	1	1	1	1	100	100	NA	NA	100	100
chr5	16617028	16621077	Amillepora07434	8	0	0	0	0	0	0	0	0	0
chr5	16586503	16594072	Amillepora07432	5	1	0.2	0.2	20	0	44.721359549995796	20	100	0
chr5	16651809	16652900	Amillepora07437	8	2	0.25	0.25	25	0	46.29100498862757	16.366341767699428	100	0
chr5	16585645	16586487	Amillepora07431	1	0	0	0	0	0	NA	NA	0	0
chr5	16603863	16607139	Amillepora07433	5	0	0	0	0	0	0	0	0	0
chr5	16643230	16649410	Amillepora07435	1	0	0	0	0	0	NA	NA	0	0
chr5	16654542	16655523	Amillepora07439	3	0	0	0	0	0	0	0	0	0
chr5	16649417	16650946	Amillepora07436	2	0	0	0	0	0	0	0	0	0
chr5	16700755	16708418	Amillepora07440	9	2	0.2222222222222222	0.2222222222222222	22.22222222222222	0	44.09585518440984	14.698618394803281	100	0
chr5	16713121	16738903	Amillepora07441	21	1	0.047619047619047616	0.047619047619047616	4.761904761904762	0	21.821789023599244	4.761904761904762	100	0
chr5	16835660	16883185	Amillepora07443	36	7	0.19444444444444445	0.19444444444444445	19.444444444444443	0	40.138648595974345	6.689774765995719	100	0
chr5	16741290	16824973	Amillepora07442	57	7	0.12280701754385964	0.1206896551724138	12.280701754385966	0	33.11330892662609	4.385964912280702	100	0
chr5	16969678	16971245	Amillepora07459	3	0	0	0	0	0	0	0	0	0
chr5	16923969	16939799	Amillepora07445	8	0	0	0	0	0	0	0	0	0
chr5	17003755	17006627	Amillepora07461	3	0	0	0	0	0	0	0	0	0
chr5	16999552	17003340	Amillepora07460	11	4	0.36363636363636365	0.36363636363636365	36.36363636363637	0	50.4524979109513	15.212000482437738	100	0
chr5	17059261	17061663	Amillepora07467	1	0	0	0	0	0	NA	NA	0	0
chr5	17107174	17110302	Amillepora07470	1	1	1	1	100	100	NA	NA	100	100
chr5	17112413	17127424	Amillepora07471	29	0	0	0	0	0	0	0	0	0
chr5	17138497	17152433	Amillepora07472	10	0	0	0	0	0	0	0	0	0
chr5	17091929	17102016	Amillepora07469	1	0	0	0	0	0	NA	NA	0	0
chr5	17169181	17184097	Amillepora07473	8	0	0	0	0	0	0	0	0	0
chr5	17349566	17358233	Amillepora07482	7	0	0	0	0	0	0	0	0	0
chr5	17319574	17329478	Amillepora07479	10	0	0	0	0	0	0	0	0	0
chr5	17331428	17335342	Amillepora07480	4	0	0	0	0	0	0	0	0	0
chr5	17373616	17377584	Amillepora07484	7	0	0	0	0	0	0	0	0	0
chr5	17363327	17371343	Amillepora07483	13	0	0	0	0	0	0	0	0	0
chr5	17295516	17318020	Amillepora07478	35	0	0	0	0	0	0	0	0	0
chr5	17336548	17348549	Amillepora07481	18	0	0	0	0	0	0	0	0	0
chr5	17270733	17285829	Amillepora07477	25	0	0	0	0	0	0	0	0	0
chr5	17248630	17265234	Amillepora07476	20	1	0.05	0.05	5	0	22.360679774997898	5	100	0
chr5	17456577	17463530	Amillepora07494	11	1	0.09090909090909091	0.09090909090909091	9.090909090909092	0	30.151134457776354	9.09090909090909	100	0
chr5	17435451	17440709	Amillepora07492	2	1	0.5	0.5	50	50	70.71067811865476	50	100	0
chr5	17413090	17417915	Amillepora07488	3	2	0.6666666666666666	0.6666666666666666	66.66666666666667	100	57.735026918962575	33.333333333333336	100	0
chr5	17419874	17422028	Amillepora07489	1	1	1	1	100	100	NA	NA	100	100
chr5	17403134	17409565	Amillepora07487	5	1	0.2	0.2	20	0	44.721359549995796	20	100	0
chr5	17447717	17452671	Amillepora07493	8	0	0	0	0	0	0	0	0	0
chr5	17463515	17467448	Amillepora07495	10	1	0.1	0.1	10	0	31.622776601683793	10	100	0
chr5	17381145	17386601	Amillepora07485	6	0	0	0	0	0	0	0	0	0
chr5	17422033	17433020	Amillepora07490	3	1	0.3333333333333333	0.3333333333333333	33.333333333333336	0	57.735026918962575	33.333333333333336	100	0
chr5	17433059	17446972	Amillepora07491	7	2	0.2857142857142857	0.2857142857142857	28.571428571428573	0	48.79500364742666	18.442777839082936	100	0
chr5	17500479	17507143	Amillepora07498	19	2	0.10526315789473684	0.10526315789473684	10.526315789473685	0	31.530176764230585	7.233518641434491	100	0
chr5	17579503	17584244	Amillepora07508	1	0	0	0	0	0	NA	NA	0	0
chr5	17486222	17499745	Amillepora07497	8	1	0.125	0.125	12.5	0	35.35533905932738	12.5	100	0
chr5	17557920	17569558	Amillepora07504	12	2	0.16666666666666666	0.16666666666666666	16.666666666666668	0	38.92494720807615	11.236664374387368	100	0
chr5	17507496	17514326	Amillepora07499	19	1	0.05263157894736842	0.05263157894736842	5.2631578947368425	0	22.94157338705618	5.263157894736841	100	0
chr5	17546783	17554305	Amillepora07503	11	0	0	0	0	0	0	0	0	0
chr5	17468240	17491679	Amillepora07496	21	2	0.09523809523809523	0.09523809523809523	9.523809523809524	0	30.07926037591192	6.563832739090582	100	0
chr5	17515204	17526848	Amillepora07500	12	0	0	0	0	0	0	0	0	0
chr5	17593348	17598481	Amillepora07510	2	0	0	0	0	0	0	0	0	0
chr5	17625660	17666156	Amillepora07513	25	1	0.04	0.04	4	0	20	4	100	0
chr5	17612905	17619927	Amillepora07511	4	0	0	0	0	0	0	0	0	0
chr5	17584785	17591227	Amillepora07509	1	1	1	1	100	100	NA	NA	100	100
chr5	17760722	17765868	Amillepora07521	2	0	0	0	0	0	0	0	0	0
chr5	17740549	17749401	Amillepora07520	3	0	0	0	0	0	0	0	0	0
chr5	17688829	17734180	Amillepora07517	22	1	0.045454545454545456	0.045454545454545456	4.545454545454546	0	21.32007163556104	4.545454545454545	100	0
chr5	17680248	17688708	Amillepora07516	1	1	1	1	100	100	NA	NA	100	100
chr5	17832100	17852766	Amillepora07527	22	1	0.045454545454545456	0.045454545454545456	4.545454545454546	0	21.32007163556104	4.545454545454545	100	0
chr5	17854982	17857176	Amillepora07528	7	0	0	0	0	0	0	0	0	0
chr5	17826665	17832002	Amillepora07526	2	0	0	0	0	0	0	0	0	0
chr5	17808101	17809990	Amillepora07525	1	0	0	0	0	0	NA	NA	0	0
chr5	17949736	17951895	Amillepora07535	4	1	0.25	0.25	25	0	50	25	100	0
chr5	17879414	17897194	Amillepora07530	20	0	0	0	0	0	0	0	0	0
chr5	17909873	17917242	Amillepora07531	7	0	0	0	0	0	0	0	0	0
chr5	17918349	17925408	Amillepora07532	1	1	1	1	100	100	NA	NA	100	100
chr5	18061548	18062681	Amillepora07540	1	0	0	0	0	0	NA	NA	0	0
chr5	17975161	18027513	Amillepora07538	45	0	0	0	0	0	0	0	0	0
chr5	18171247	18181283	Amillepora07548	4	2	0.5	0.5	50	50	57.735026918962575	28.867513459481287	100	0
chr5	18146298	18148150	Amillepora07546	1	0	0	0	0	0	NA	NA	0	0
chr5	18133245	18135145	Amillepora07544	1	0	0	0	0	0	NA	NA	0	0
chr5	18137120	18142479	Amillepora07545	3	0	0	0	0	0	0	0	0	0
chr5	18161903	18165163	Amillepora07547	1	0	0	0	0	0	NA	NA	0	0
chr5	18271215	18278902	Amillepora07554	14	0	0	0	0	0	0	0	0	0
chr5	18366595	18376561	Amillepora07558	5	0	0	0	0	0	0	0	0	0
chr5	18336392	18344888	Amillepora07556	5	2	0.4	0.4	40	0	54.772255750516614	24.49489742783178	100	0
chr5	18349424	18377725	Amillepora07557	14	0	0	0	0	0	0	0	0	0
chr5	18412677	18428987	Amillepora07560	20	1	0.05	0.05	5	0	22.360679774997898	5	100	0
chr5	18388198	18397809	Amillepora07559	1	0	0	0	0	0	NA	NA	0	0
chr5	18523329	18532556	Amillepora07569	1	1	1	1	100	100	NA	NA	100	100
chr5	18568865	18576698	Amillepora07574	6	0	0	0	0	0	0	0	0	0
chr5	18522979	18529771	Amillepora07568	1	1	1	1	100	100	NA	NA	100	100
chr5	18509239	18511242	Amillepora07566	1	1	1	1	100	100	NA	NA	100	100
chr5	18506880	18508245	Amillepora07565	1	0	0	0	0	0	NA	NA	0	0
chr5	18511427	18516214	Amillepora07567	3	0	0	0	0	0	0	0	0	0
chr5	18541449	18543204	Amillepora07570	1	0	0	0	0	0	NA	NA	0	0
chr5	18598932	18603390	Amillepora07575	3	0	0	0	0	0	0	0	0	0
chr5	18657698	18659038	Amillepora07577	1	0	0	0	0	0	NA	NA	0	0
chr5	18700924	18706090	Amillepora07582	2	0	0	0	0	0	0	0	0	0
chr5	18752606	18765523	Amillepora07588	6	0	0	0	0	0	0	0	0	0
chr5	18722251	18734010	Amillepora07584	8	0	0	0	0	0	0	0	0	0
chr5	18669646	18675890	Amillepora07578	3	0	0	0	0	0	0	0	0	0
chr5	18688055	18691677	Amillepora07581	3	0	0	0	0	0	0	0	0	0
chr5	18734949	18741612	Amillepora07585	10	0	0	0	0	0	0	0	0	0
chr5	18683751	18684835	Amillepora07580	1	0	0	0	0	0	NA	NA	0	0
chr5	18835341	18858036	Amillepora07594	21	4	0.19047619047619047	0.19047619047619047	19.047619047619047	0	40.23739080814783	8.780518530755131	100	0
chr5	18795740	18796691	Amillepora07592	1	0	0	0	0	0	NA	NA	0	0
chr5	18859596	18874461	Amillepora07597	21	0	0	0	0	0	0	0	0	0
chr5	18787557	18792667	Amillepora07590	3	0	0	0	0	0	0	0	0	0
chr5	18782635	18783638	Amillepora07589	2	1	0.5	0.5	50	50	70.71067811865476	50	100	0
chr5	18908286	18908804	Amillepora07601	1	0	0	0	0	0	NA	NA	0	0
chr5	18881450	18894163	Amillepora07598	3	1	0.3333333333333333	0.3333333333333333	33.333333333333336	0	57.735026918962575	33.333333333333336	100	0
chr5	18900469	18901236	Amillepora07600	1	0	0	0	0	0	NA	NA	0	0
chr5	18896672	18898807	Amillepora07599	9	0	0	0	0	0	0	0	0	0
chr5	18909674	18910482	Amillepora07603	1	0	0	0	0	0	NA	NA	0	0
chr5	18908868	18909297	Amillepora07602	1	0	0	0	0	0	NA	NA	0	0
chr5	19063088	19063651	Amillepora07611	1	0	0	0	0	0	NA	NA	0	0
chr5	19087226	19088476	Amillepora07612	1	0	0	0	0	0	NA	NA	0	0
chr5	19164173	19169372	Amillepora07615	8	0	0	0	0	0	0	0	0	0
chr5	19177976	19181691	Amillepora07616	4	0	0	0	0	0	0	0	0	0
chr5	19149025	19158284	Amillepora07614	9	0	0	0	0	0	0	0	0	0
chr5	19181447	19184057	Amillepora07617	5	0	0	0	0	0	0	0	0	0
chr5	19186379	19187391	Amillepora07618	2	1	0.5	0.5	50	50	70.71067811865476	50	100	0
chr5	19191087	19210089	Amillepora07619	11	3	0.2727272727272727	0.2727272727272727	27.272727272727273	0	46.70993664969137	14.083575804390607	100	0
chr5	19235095	19248346	Amillepora07621	12	1	0.08333333333333333	0.08333333333333333	8.333333333333334	0	28.8675134594813	8.333333333333334	100	0
chr5	19218106	19229150	Amillepora07620	10	0	0	0	0	0	0	0	0	0
chr5	19259701	19261081	Amillepora07623	4	1	0.25	0.25	25	0	50	25	100	0
chr5	19352254	19353744	Amillepora07627	5	1	0.2	0.2	20	0	44.721359549995796	20	100	0
chr5	19332587	19335195	Amillepora07626	3	0	0	0	0	0	0	0	0	0
chr5	19321283	19328145	Amillepora07624	1	0	0	0	0	0	NA	NA	0	0
chr5	19431383	19443787	Amillepora07633	1	0	0	0	0	0	NA	NA	0	0
chr5	19427221	19430195	Amillepora07632	1	0	0	0	0	0	NA	NA	0	0
chr5	19447419	19473482	Amillepora07635	18	8	0.4444444444444444	0.4444444444444444	44.44444444444444	0	51.130999256491364	12.051692101036453	100	0
chr5	19399267	19425949	Amillepora07630	22	3	0.13636363636363635	0.13636363636363635	13.636363636363637	0	35.125008665710446	7.48867700952649	100	0
chr5	19388353	19398264	Amillepora07628	15	0	0	0	0	0	0	0	0	0
chr5	19533384	19543264	Amillepora07640	18	0	0	0	0	0	0	0	0	0
chr5	19473680	19492711	Amillepora07636	13	10	0.7692307692307693	0.7692307692307693	76.92307692307692	100	43.85290096535146	12.162606385262997	100	0
chr5	19495843	19510334	Amillepora07637	5	3	0.6	0.6	60	100	54.772255750516614	24.49489742783178	100	0
chr5	19611348	19618024	Amillepora07643	5	0	0	0	0	0	0	0	0	0
chr5	19628643	19636734	Amillepora07645	6	0	0	0	0	0	0	0	0	0
chr5	19650003	19662626	Amillepora07648	18	0	0	0	0	0	0	0	0	0
chr5	19667630	19676005	Amillepora07649	6	0	0	0	0	0	0	0	0	0
chr5	19645743	19646189	Amillepora07647	1	0	0	0	0	0	NA	NA	0	0
chr5	19644070	19645500	Amillepora07646	1	0	0	0	0	0	NA	NA	0	0
chr5	19578504	19590271	Amillepora07642	1	0	0	0	0	0	NA	NA	0	0
chr5	19681297	19714238	Amillepora07650	33	9	0.2727272727272727	0.2727272727272727	27.272727272727273	0	45.22670168666456	7.872958216222169	100	0
chr5	19774024	19781252	Amillepora07660	8	0	0	0	0	0	0	0	0	0
chr5	19723452	19727523	Amillepora07653	1	0	0	0	0	0	NA	NA	0	0
chr5	19751108	19754443	Amillepora07657	8	0	0	0	0	0	0	0	0	0
chr5	19737049	19739766	Amillepora07655	4	0	0	0	0	0	0	0	0	0
chr5	19740631	19743818	Amillepora07656	2	0	0	0	0	0	0	0	0	0
chr5	19720593	19722279	Amillepora07652	1	0	0	0	0	0	NA	NA	0	0
chr5	19754902	19769804	Amillepora07658	1	1	1	1	100	100	NA	NA	100	100
chr5	19801829	19808634	Amillepora07664	1	1	1	1	100	100	NA	NA	100	100
chr5	19826227	19842145	Amillepora07666	29	0	0	0	0	0	0	0	0	0
chr5	19875793	19879436	Amillepora07673	1	0	0	0	0	0	NA	NA	0	0
chr5	19790492	19796225	Amillepora07662	6	2	0.3333333333333333	0.3333333333333333	33.333333333333336	0	51.63977794943222	21.081851067789195	100	0
chr5	19843515	19848654	Amillepora07667	1	0	0	0	0	0	NA	NA	0	0
chr5	19782743	19790317	Amillepora07661	6	1	0.16666666666666666	0.16666666666666666	16.666666666666668	0	40.8248290463863	16.66666666666667	100	0
chr5	19792753	19799715	Amillepora07663	3	2	0.6666666666666666	0.6666666666666666	66.66666666666667	100	57.73502691896258	33.333333333333336	100	0
chr5	19966577	19967557	Amillepora07679	2	0	0	0	0	0	0	0	0	0
chr5	19929999	19947834	Amillepora07675	9	0	0	0	0	0	0	0	0	0
chr5	19948369	19963216	Amillepora07677	7	5	0.7142857142857143	0.7142857142857143	71.42857142857143	100	48.79500364742666	18.442777839082936	100	0
chr5	19922030	19925036	Amillepora07674	2	1	0.5	0.5	50	50	70.71067811865476	50	100	0
chr5	20026037	20030179	Amillepora07683	6	0	0	0	0	0	0	0	0	0
chr5	20030483	20038135	Amillepora07684	7	0	0	0	0	0	0	0	0	0
chr5	20042500	20071396	Amillepora07686	35	3	0.08571428571428572	0.08571428571428572	8.571428571428571	0	28.40286409986907	4.800960288096033	100	0
chr5	20039487	20042109	Amillepora07685	2	0	0	0	0	0	0	0	0	0
chr5	20101286	20121572	Amillepora07689	16	1	0.0625	0.0625	6.25	0	25	6.25	100	0
chr5	20093429	20100245	Amillepora07688	9	9	1	1	100	100	0	0	100	100
chr5	20088243	20093077	Amillepora07687	2	0	0	0	0	0	0	0	0	0
chr5	20166713	20179341	Amillepora07695	4	0	0	0	0	0	0	0	0	0
chr5	20134141	20136230	Amillepora07694	5	0	0	0	0	0	0	0	0	0
chr5	20123100	20124047	Amillepora07692	3	0	0	0	0	0	0	0	0	0
chr5	20121904	20122985	Amillepora07691	5	0	0	0	0	0	0	0	0	0
chr5	20133273	20134115	Amillepora07693	2	0	0	0	0	0	0	0	0	0
chr5	20239276	20242665	Amillepora07698	10	0	0	0	0	0	0	0	0	0
chr5	20266317	20271258	Amillepora07701	7	0	0	0	0	0	0	0	0	0
chr5	20243767	20248316	Amillepora07699	4	0	0	0	0	0	0	0	0	0
chr5	20199741	20201492	Amillepora07697	2	0	0	0	0	0	0	0	0	0
chr5	20195467	20195973	Amillepora07696	1	0	0	0	0	0	NA	NA	0	0
chr5	20372767	20383389	Amillepora07704	1	1	1	1	100	100	NA	NA	100	100
chr5	20345708	20349201	Amillepora07702	5	0	0	0	0	0	0	0	0	0
chr5	20348237	20368874	Amillepora07703	18	0	0	0	0	0	0	0	0	0
chr5	20406235	20415688	Amillepora07707	4	2	0.5	0.5	50	50	57.735026918962575	28.867513459481287	100	0
chr5	20428762	20433809	Amillepora07710	3	3	1	1	100	100	0	0	100	100
chr5	20417095	20421773	Amillepora07708	5	0	0	0	0	0	0	0	0	0
chr5	20422887	20426535	Amillepora07709	1	0	0	0	0	0	NA	NA	0	0
chr5	20384993	20399380	Amillepora07705	7	1	0.14285714285714285	0.14285714285714285	14.285714285714286	0	37.79644730092272	14.285714285714285	100	0
chr5	20442491	20454374	Amillepora07714	3	2	0.6666666666666666	0.6666666666666666	66.66666666666667	100	57.735026918962575	33.333333333333336	100	0
chr5	20437579	20442483	Amillepora07713	2	1	0.5	0.5	50	50	70.71067811865476	50	100	0
chr5	20479650	20489942	Amillepora07716	3	1	0.3333333333333333	0.3333333333333333	33.333333333333336	0	57.735026918962575	33.333333333333336	100	0
chr5	20502433	20520080	Amillepora07718	28	6	0.21428571428571427	0.21428571428571427	21.428571428571427	0	41.785544701867245	7.89672569132238	100	0
chr5	20521545	20535320	Amillepora07719	5	3	0.6	0.6	60	100	54.772255750516614	24.49489742783178	100	0
chr5	20535142	20549547	Amillepora07720	13	4	0.3076923076923077	0.3076923076923077	30.76923076923077	0	48.03844614152614	13.323467750529826	100	0
chr5	20497183	20501832	Amillepora07717	4	2	0.5	0.5	50	50	57.735026918962575	28.867513459481287	100	0
chr5	20654944	20661700	Amillepora07725	6	0	0	0	0	0	0	0	0	0
chr5	20550717	20610558	Amillepora07722	101	1	0.009900990099009901	0.009900990099009901	0.9900990099009901	0	9.950371902099896	0.9900990099009902	100	0
chr5	20631742	20639166	Amillepora07724	12	0	0	0	0	0	0	0	0	0
chr5	20735499	20739589	Amillepora07730	2	0	0	0	0	0	0	0	0	0
chr5	20767677	20772230	Amillepora07733	1	0	0	0	0	0	NA	NA	0	0
chr5	20692975	20697080	Amillepora07727	3	0	0	0	0	0	0	0	0	0
chr5	20777155	20781505	Amillepora07734	5	0	0	0	0	0	0	0	0	0
chr5	20710206	20714515	Amillepora07728	4	0	0	0	0	0	0	0	0	0
chr5	20788019	20788677	Amillepora07735	1	0	0	0	0	0	NA	NA	0	0
chr5	20815001	20824885	Amillepora07738	9	1	0.1111111111111111	0.1111111111111111	11.11111111111111	0	33.333333333333336	11.111111111111112	100	0
chr5	20881776	20887817	Amillepora07744	8	1	0.125	0.125	12.5	0	35.35533905932738	12.5	100	0
chr5	20801620	20807962	Amillepora07737	11	0	0	0	0	0	0	0	0	0
chr5	20826066	20841337	Amillepora07739	18	0	0	0	0	0	0	0	0	0
chr5	20867341	20878256	Amillepora07742	5	3	0.6	0.6	60	100	54.772255750516614	24.49489742783178	100	0
chr5	20860122	20865277	Amillepora07741	2	0	0	0	0	0	0	0	0	0
chr5	20842275	20851667	Amillepora07740	2	1	0.5	0.5	50	50	70.71067811865476	50	100	0
chr5	20965718	20969370	Amillepora07750	4	1	0.25	0.25	25	0	50	25	100	0
chr5	20933631	20945556	Amillepora07749	11	1	0.09090909090909091	0.09090909090909091	9.090909090909092	0	30.151134457776354	9.09090909090909	100	0
chr5	20978626	20982896	Amillepora07752	8	0	0	0	0	0	0	0	0	0
chr5	20888408	20891606	Amillepora07745	3	0	0	0	0	0	0	0	0	0
chr5	20895987	20908579	Amillepora07746	11	0	0	0	0	0	0	0	0	0
chr5	20970587	20971908	Amillepora07751	3	0	0	0	0	0	0	0	0	0
chr5	21023630	21024859	Amillepora07760	1	0	0	0	0	0	NA	NA	0	0
chr5	21039650	21043644	Amillepora07762	5	2	0.4	0.4	40	0	54.772255750516614	24.49489742783178	100	0
chr5	21033923	21037004	Amillepora07761	6	0	0	0	0	0	0	0	0	0
chr5	21045674	21050526	Amillepora07764	12	0	0	0	0	0	0	0	0	0
chr5	21059770	21073732	Amillepora07765	11	0	0	0	0	0	0	0	0	0
chr5	21075974	21076972	Amillepora07766	2	0	0	0	0	0	0	0	0	0
chr5	20985022	20991858	Amillepora07753	5	0	0	0	0	0	0	0	0	0
chr5	21126170	21128730	Amillepora07768	4	0	0	0	0	0	0	0	0	0
chr5	21141256	21147542	Amillepora07773	12	1	0.08333333333333333	0.08333333333333333	8.333333333333334	0	28.8675134594813	8.333333333333334	100	0
chr5	21131263	21136253	Amillepora07769	6	0	0	0	0	0	0	0	0	0
chr5	21137614	21139042	Amillepora07770	1	0	0	0	0	0	NA	NA	0	0
chr5	21159360	21165023	Amillepora07776	3	0	0	0	0	0	0	0	0	0
chr5	21081215	21093506	Amillepora07767	13	2	0.15384615384615385	0.15384615384615385	15.384615384615385	0	37.553380809940535	10.415433852097385	100	0
chr5	21141154	21173126	Amillepora07772	62	3	0.04838709677419355	0.047619047619047616	4.838709677419355	0	21.63345432076803	2.7474514461903605	100	0
chr5	21243556	21264518	Amillepora07780	12	0	0	0	0	0	0	0	0	0
chr5	21219321	21224327	Amillepora07778	2	0	0	0	0	0	0	0	0	0
chr5	21363241	21363936	Amillepora07786	3	0	0	0	0	0	0	0	0	0
chr5	21305528	21313953	Amillepora07781	1	0	0	0	0	0	NA	NA	0	0
chr5	21359826	21361178	Amillepora07785	4	1	0.25	0.25	25	0	50	25	100	0
chr5	21331331	21339618	Amillepora07782	3	0	0	0	0	0	0	0	0	0
chr5	21458700	21465867	Amillepora07791	5	3	0.6	0.6	60	100	54.772255750516614	24.49489742783178	100	0
chr5	21440249	21457248	Amillepora07790	8	3	0.375	0.4444444444444444	37.5	0	51.75491695067657	18.298126367784995	100	0
chr5	21467828	21475434	Amillepora07792	14	0	0	0	0	0	0	0	0	0
chr5	21403649	21406501	Amillepora07787	1	0	0	0	0	0	NA	NA	0	0
chr5	21539475	21549261	Amillepora07796	10	0	0	0	0	0	0	0	0	0
chr5	21559815	21563430	Amillepora07799	4	0	0	0	0	0	0	0	0	0
chr5	21551331	21555050	Amillepora07798	1	0	0	0	0	0	NA	NA	0	0
chr5	21548114	21549418	Amillepora07797	6	0	0	0	0	0	0	0	0	0
chr5	21567644	21586717	Amillepora07800	10	3	0.3	0.3	30	0	48.3045891539648	15.275252316519467	100	0
chr5	21493727	21506376	Amillepora07794	8	4	0.5	0.5	50	50	53.45224838248488	18.89822365046136	100	0
chr5	21617491	21620171	Amillepora07805	2	1	0.5	0.5	50	50	70.71067811865476	50	100	0
chr5	21632071	21650941	Amillepora07807	25	4	0.16	0.16	16	0	37.416573867739416	7.4833147735478835	100	0
chr5	21672212	21676711	Amillepora07811	1	0	0	0	0	0	NA	NA	0	0
chr5	21620392	21628044	Amillepora07806	4	1	0.25	0.25	25	0	50	25	100	0
chr5	21610437	21615084	Amillepora07804	3	0	0	0	0	0	0	0	0	0
chr5	21590956	21604548	Amillepora07801	20	2	0.1	0.1	10	0	30.779350562554622	6.882472016116853	100	0
chr5	21654177	21659842	Amillepora07808	3	0	0	0	0	0	0	0	0	0
chr5	21686804	21694709	Amillepora07815	6	0	0	0	0	0	0	0	0	0
chr5	21733260	21742311	Amillepora07818	3	0	0	0	0	0	0	0	0	0
chr5	21770058	21772880	Amillepora07819	4	0	0	0	0	0	0	0	0	0
chr5	21706013	21708454	Amillepora07816	2	0	0	0	0	0	0	0	0	0
chr5	21727327	21729160	Amillepora07817	6	1	0.16666666666666666	0.16666666666666666	16.666666666666668	0	40.82482904638629	16.66666666666667	100	0
chr5	21835307	21838758	Amillepora07821	6	0	0	0	0	0	0	0	0	0
chr5	21788266	21799983	Amillepora07820	7	0	0	0	0	0	0	0	0	0
chr5	21885184	21885591	Amillepora07824	1	0	0	0	0	0	NA	NA	0	0
chr5	21932120	21952475	Amillepora07829	5	0	0	0	0	0	0	0	0	0
chr5	21871619	21882785	Amillepora07822	8	1	0.125	0.125	12.5	0	35.35533905932738	12.5	100	0
chr5	21986316	22003605	Amillepora07833	5	0	0	0	0	0	0	0	0	0
chr5	22006918	22009294	Amillepora07834	1	0	0	0	0	0	NA	NA	0	0
chr5	21984514	22025973	Amillepora07832	9	1	0.1111111111111111	0.1111111111111111	11.11111111111111	0	33.333333333333336	11.111111111111112	100	0
chr5	22115181	22122604	Amillepora07839	1	0	0	0	0	0	NA	NA	0	0
chr5	22137072	22147031	Amillepora07842	1	0	0	0	0	0	NA	NA	0	0
chr5	22167831	22174634	Amillepora07847	1	0	0	0	0	0	NA	NA	0	0
chr5	22189245	22195645	Amillepora07849	2	0	0	0	0	0	0	0	0	0
chr5	22217572	22225507	Amillepora07852	2	0	0	0	0	0	0	0	0	0
chr5	22228266	22241574	Amillepora07853	5	1	0.2	0.2	20	0	44.721359549995796	20	100	0
chr5	22183782	22188830	Amillepora07848	1	0	0	0	0	0	NA	NA	0	0
chr5	22303865	22311757	Amillepora07862	6	0	0	0	0	0	0	0	0	0
chr5	22298602	22300299	Amillepora07860	4	0	0	0	0	0	0	0	0	0
chr5	22352589	22365050	Amillepora07865	3	1	0.3333333333333333	0.3333333333333333	33.333333333333336	0	57.735026918962575	33.333333333333336	100	0
chr5	22287091	22292329	Amillepora07858	2	0	0	0	0	0	0	0	0	0
chr5	22301500	22303853	Amillepora07861	3	1	0.3333333333333333	0.3333333333333333	33.333333333333336	0	57.735026918962575	33.333333333333336	100	0
chr5	22292472	22297392	Amillepora07859	5	0	0	0	0	0	0	0	0	0
chr5	22370695	22372014	Amillepora07868	1	0	0	0	0	0	NA	NA	0	0
chr5	22368652	22369809	Amillepora07867	1	0	0	0	0	0	NA	NA	0	0
chr5	22384080	22391749	Amillepora07869	5	0	0	0	0	0	0	0	0	0
chr5	22396645	22399939	Amillepora07870	3	1	0.3333333333333333	0.3333333333333333	33.333333333333336	0	57.735026918962575	33.333333333333336	100	0
chr5	22475159	22478457	Amillepora07877	1	0	0	0	0	0	NA	NA	0	0
chr5	22402363	22410764	Amillepora07871	3	0	0	0	0	0	0	0	0	0
chr5	22438564	22444813	Amillepora07872	2	0	0	0	0	0	0	0	0	0
chr5	22494218	22498472	Amillepora07879	1	0	0	0	0	0	NA	NA	0	0
chr5	22549023	22559985	Amillepora07883	2	1	0.5	0.5	50	50	70.71067811865476	50	100	0
chr5	22512174	22530336	Amillepora07880	2	1	0.5	0.5	50	50	70.71067811865476	50	100	0
chr5	22612707	22619966	Amillepora07888	3	1	0.3333333333333333	0.3333333333333333	33.333333333333336	0	57.735026918962575	33.333333333333336	100	0
chr5	22652089	22665874	Amillepora07889	5	1	0.2	0.2	20	0	44.721359549995796	20	100	0
chr5	22779878	22787955	Amillepora07898	6	0	0	0	0	0	0	0	0	0
chr5	22754197	22766152	Amillepora07897	8	2	0.25	0.25	25	0	46.29100498862757	16.366341767699428	100	0
chr5	22851018	22853475	Amillepora07906	5	0	0	0	0	0	0	0	0	0
chr5	22833956	22849211	Amillepora07905	11	0	0	0	0	0	0	0	0	0
chr5	22798723	22827529	Amillepora07903	13	1	0.07692307692307693	0.07692307692307693	7.6923076923076925	0	27.735009811261456	7.6923076923076925	100	0
chr5	22827902	22833736	Amillepora07904	5	1	0.2	0.2	20	0	44.721359549995796	20	100	0
chr5	23044185	23052670	Amillepora07914	1	0	0	0	0	0	NA	NA	0	0
chr5	23143879	23149539	Amillepora07922	1	0	0	0	0	0	NA	NA	0	0
chr5	23158424	23166686	Amillepora07923	10	1	0.1	0.1	10	0	31.622776601683793	10	100	0
chr5	23215847	23218190	Amillepora07928	1	0	0	0	0	0	NA	NA	0	0
chr5	23344344	23348403	Amillepora07935	2	1	0.5	0.5	50	50	70.71067811865476	50	100	0
chr5	23361869	23367786	Amillepora07939	6	0	0	0	0	0	0	0	0	0
chr5	23353036	23357802	Amillepora07937	5	0	0	0	0	0	0	0	0	0
chr5	23254682	23255653	Amillepora07931	1	0	0	0	0	0	NA	NA	0	0
chr5	23335493	23340216	Amillepora07934	2	0	0	0	0	0	0	0	0	0
chr5	23374915	23375454	Amillepora07940	1	0	0	0	0	0	NA	NA	0	0
chr5	23360489	23374853	Amillepora07938	9	0	0	0	0	0	0	0	0	0
chr5	23242841	23250247	Amillepora07930	4	0	0	0	0	0	0	0	0	0
chr5	23469908	23479839	Amillepora07946	6	0	0	0	0	0	0	0	0	0
chr5	23429309	23443479	Amillepora07944	23	1	0.043478260869565216	0.043478260869565216	4.3478260869565215	0	20.851441405707472	4.347826086956522	100	0
chr5	23407939	23425743	Amillepora07943	17	1	0.058823529411764705	0.058823529411764705	5.882352941176471	0	24.253562503633297	5.88235294117647	100	0
chr5	23451840	23469462	Amillepora07945	16	1	0.0625	0.0625	6.25	0	25	6.25	100	0
chr5	23508178	23542420	Amillepora07948	44	1	0.022727272727272728	0.022727272727272728	2.272727272727273	0	15.075567228888177	2.2727272727272725	100	0
chr5	23489400	23502068	Amillepora07947	21	0	0	0	0	0	0	0	0	0
chr5	23551794	23576951	Amillepora07950	16	2	0.125	0.125	12.5	0	34.15650255319866	8.539125638299666	100	0
chr5	23544118	23555845	Amillepora07949	10	0	0	0	0	0	0	0	0	0
chr5	23666833	23691679	Amillepora07953	26	1	0.038461538461538464	0.038461538461538464	3.8461538461538463	0	19.61161351381839	3.8461538461538467	100	0
chr5	23736595	23739975	Amillepora07958	3	1	0.3333333333333333	0.3333333333333333	33.333333333333336	0	57.735026918962575	33.333333333333336	100	0
chr5	23654203	23655469	Amillepora07952	3	0	0	0	0	0	0	0	0	0
chr5	23875919	23877241	Amillepora07968	1	0	0	0	0	0	NA	NA	0	0
chr5	23821420	23829202	Amillepora07966	2	0	0	0	0	0	0	0	0	0
chr5	23948119	23967086	Amillepora07980	1	1	1	1	100	100	NA	NA	100	100
chr5	23943552	23954495	Amillepora07979	1	1	1	1	100	100	NA	NA	100	100
chr5	23904157	23905921	Amillepora07971	1	0	0	0	0	0	NA	NA	0	0
chr5	24074143	24081784	Amillepora07991	2	0	0	0	0	0	0	0	0	0
chr5	23980801	23981987	Amillepora07984	1	1	1	1	100	100	NA	NA	100	100
chr5	23975322	23979588	Amillepora07983	2	0	0	0	0	0	0	0	0	0
chr5	24056238	24060096	Amillepora07988	1	0	0	0	0	0	NA	NA	0	0
chr5	23981996	23986704	Amillepora07985	1	0	0	0	0	0	NA	NA	0	0
chr5	24126299	24129719	Amillepora07994	2	0	0	0	0	0	0	0	0	0
chr5	24098014	24113616	Amillepora07992	3	0	0	0	0	0	0	0	0	0
chr5	24139971	24155434	Amillepora07995	13	0	0	0	0	0	0	0	0	0
chr5	24205801	24215528	Amillepora07999	14	2	0.14285714285714285	0.14285714285714285	14.285714285714286	0	36.313651960128155	9.705231721239393	100	0
chr5	24174989	24205242	Amillepora07998	22	3	0.13636363636363635	0.13636363636363635	13.636363636363637	0	35.12500866571045	7.48867700952649	100	0
chr5	24219371	24247468	Amillepora08001	9	3	0.3333333333333333	0.3333333333333333	33.333333333333336	0	49.99999999999999	16.666666666666668	100	0
chr5	24261170	24263068	Amillepora08002	1	0	0	0	0	0	NA	NA	0	0
chr5	24267926	24277816	Amillepora08003	3	0	0	0	0	0	0	0	0	0
chr5	24342543	24344578	Amillepora08010	2	0	0	0	0	0	0	0	0	0
chr5	24320568	24335470	Amillepora08007	26	2	0.07692307692307693	0.07692307692307693	7.6923076923076925	0	27.1746488194703	5.329387100211931	100	0
chr5	24338556	24340469	Amillepora08009	1	0	0	0	0	0	NA	NA	0	0
chr5	24285554	24303476	Amillepora08004	5	0	0	0	0	0	0	0	0	0
chr5	24361460	24365981	Amillepora08011	8	0	0	0	0	0	0	0	0	0
chr5	24306742	24318167	Amillepora08006	18	0	0	0	0	0	0	0	0	0
chr5	24463249	24475142	Amillepora08017	18	0	0	0	0	0	0	0	0	0
chr5	24367620	24382318	Amillepora08012	13	1	0.07692307692307693	0.07692307692307693	7.6923076923076925	0	27.735009811261456	7.6923076923076925	100	0
chr5	24432163	24453849	Amillepora08015	32	3	0.09375	0.09375	9.375	0	29.614458108029904	5.23514603733822	100	0
chr5	24419741	24429066	Amillepora08014	15	0	0	0	0	0	0	0	0	0
chr5	24454170	24461184	Amillepora08016	18	0	0	0	0	0	0	0	0	0
chr5	24479327	24486823	Amillepora08018	11	1	0.09090909090909091	0.09090909090909091	9.090909090909092	0	30.15113445777636	9.09090909090909	100	0
chr5	24496256	24505179	Amillepora08020	7	1	0.14285714285714285	0.14285714285714285	14.285714285714286	0	37.79644730092272	14.285714285714285	100	0
chr5	24543553	24555481	Amillepora08025	7	0	0	0	0	0	0	0	0	0
chr5	24524367	24535180	Amillepora08023	1	0	0	0	0	0	NA	NA	0	0
chr5	24538848	24543494	Amillepora08024	4	1	0.25	0.25	25	0	50	25	100	0
chr5	24489222	24492115	Amillepora08019	2	1	0.5	0.5	50	50	70.71067811865476	50	100	0
chr5	24557217	24570261	Amillepora08028	15	0	0	0	0	0	0	0	0	0
chr5	24520083	24523672	Amillepora08022	2	2	1	1	100	100	0	0	100	100
chr5	24651614	24664745	Amillepora08033	27	1	0.037037037037037035	0.037037037037037035	3.7037037037037037	0	19.245008972987538	3.703703703703704	100	0
chr5	24647109	24650664	Amillepora08032	1	1	1	1	100	100	NA	NA	100	100
chr5	24580390	24591724	Amillepora08029	7	2	0.2857142857142857	0.2857142857142857	28.571428571428573	0	48.79500364742666	18.442777839082936	100	0
chr5	24600760	24647034	Amillepora08030	60	2	0.03333333333333333	0.03278688524590164	3.3333333333333335	0	18.102033471939247	2.3369624723103315	100	0
chr5	24743191	24758397	Amillepora08037	20	1	0.05	0.05	5	0	22.360679774997898	5	100	0
chr5	24704547	24714771	Amillepora08035	6	1	0.16666666666666666	0.16666666666666666	16.666666666666668	0	40.82482904638629	16.66666666666667	100	0
chr5	24768806	24770743	Amillepora08039	11	0	0	0	0	0	0	0	0	0
chr5	24764149	24768572	Amillepora08038	12	1	0.08333333333333333	0.08333333333333333	8.333333333333334	0	28.8675134594813	8.333333333333334	100	0
chr5	24665954	24702476	Amillepora08034	41	9	0.21951219512195122	0.21951219512195122	21.951219512195124	0	41.9058177461747	6.5445892024384085	100	0
chr5	24714767	24732575	Amillepora08036	13	0	0	0	0	0	0	0	0	0
chr5	24773668	24778712	Amillepora08040	6	0	0	0	0	0	0	0	0	0
chr5	24785917	24788337	Amillepora08041	11	0	0	0	0	0	0	0	0	0
chr5	24828260	24838352	Amillepora08046	5	0	0	0	0	0	0	0	0	0
chr5	24854950	24860483	Amillepora08048	7	0	0	0	0	0	0	0	0	0
chr5	24796138	24800531	Amillepora08043	1	0	0	0	0	0	NA	NA	0	0
chr5	24869558	24889772	Amillepora08049	13	3	0.23076923076923078	0.23076923076923078	23.076923076923077	0	43.85290096535146	12.162606385262997	100	0
chr5	24789353	24844153	Amillepora08042	27	1	0.037037037037037035	0.037037037037037035	3.7037037037037037	0	19.24500897298754	3.703703703703704	100	0
chr5	24849924	24850567	Amillepora08047	2	0	0	0	0	0	0	0	0	0
chr5	24898530	24905250	Amillepora08050	12	1	0.08333333333333333	0.08333333333333333	8.333333333333334	0	28.867513459481295	8.333333333333334	100	0
chr5	24908268	24915392	Amillepora08051	8	1	0.125	0.125	12.5	0	35.35533905932738	12.5	100	0
chr5	24951434	24956866	Amillepora08054	2	1	0.5	0.5	50	50	70.71067811865476	50	100	0
chr5	24962509	24972120	Amillepora08056	6	0	0	0	0	0	0	0	0	0
chr5	24975151	24989462	Amillepora08057	15	1	0.06666666666666667	0.06666666666666667	6.666666666666667	0	25.819888974716125	6.666666666666666	100	0
chr5	24915782	24933451	Amillepora08053	17	3	0.17647058823529413	0.17647058823529413	17.647058823529413	0	39.29526239966879	9.530501027070382	100	0
chr5	25065642	25070128	Amillepora08066	4	0	0	0	0	0	0	0	0	0
chr5	25046949	25059569	Amillepora08062	20	0	0	0	0	0	0	0	0	0
chr5	25062907	25064261	Amillepora08065	4	0	0	0	0	0	0	0	0	0
chr5	25032763	25037082	Amillepora08060	5	0	0	0	0	0	0	0	0	0
chr5	25038992	25044271	Amillepora08061	8	0	0	0	0	0	0	0	0	0
chr5	24993212	25027138	Amillepora08058	56	4	0.07142857142857142	0.07142857142857142	7.142857142857143	0	25.9870097418821	3.4726602486028413	100	0
chr5	25176897	25178385	Amillepora08075	4	1	0.25	0.25	25	0	50	25	100	0
chr5	25139829	25162668	Amillepora08072	41	0	0	0	0	0	0	0	0	0
chr5	25169220	25174490	Amillepora08074	2	0	0	0	0	0	0	0	0	0
chr5	25131286	25137927	Amillepora08070	9	1	0.1111111111111111	0.1111111111111111	11.11111111111111	0	33.333333333333336	11.111111111111112	100	0
chr5	25103747	25123880	Amillepora08069	22	2	0.09090909090909091	0.09090909090909091	9.090909090909092	0	29.424494316824976	6.273323266748674	100	0
chr5	25190471	25193454	Amillepora08076	2	0	0	0	0	0	0	0	0	0
chr5	25250700	25263715	Amillepora08080	12	2	0.16666666666666666	0.16666666666666666	16.666666666666668	0	38.92494720807614	11.236664374387368	100	0
chr5	25278180	25287812	Amillepora08081	5	0	0	0	0	0	0	0	0	0
chr5	25229673	25246991	Amillepora08079	15	2	0.13333333333333333	0.125	13.333333333333334	0	35.18657752744984	9.085135251589959	100	0
chr5	25215684	25224770	Amillepora08078	10	0	0	0	0	0	0	0	0	0
chr5	25203888	25214655	Amillepora08077	18	0	0	0	0	0	0	0	0	0
chr5	25357142	25365365	Amillepora08090	11	0	0	0	0	0	0	0	0	0
chr5	25366508	25379165	Amillepora08092	23	1	0.043478260869565216	0.043478260869565216	4.3478260869565215	0	20.851441405707472	4.347826086956522	100	0
chr5	25334234	25334875	Amillepora08088	1	0	0	0	0	0	NA	NA	0	0
chr5	25304048	25307264	Amillepora08083	4	0	0	0	0	0	0	0	0	0
chr5	25292897	25301952	Amillepora08082	2	1	0.5	0.5	50	50	70.71067811865476	50	100	0
chr5	25307836	25310788	Amillepora08085	6	0	0	0	0	0	0	0	0	0
chr5	25313139	25328912	Amillepora08086	6	0	0	0	0	0	0	0	0	0
chr5	25345177	25356830	Amillepora08089	5	0	0	0	0	0	0	0	0	0
chr5	25441236	25443574	Amillepora08100	1	0	0	0	0	0	NA	NA	0	0
chr5	25419628	25433217	Amillepora08098	7	5	0.7142857142857143	0.7142857142857143	71.42857142857143	100	48.79500364742666	18.442777839082936	100	0
chr5	25395084	25401270	Amillepora08093	3	0	0	0	0	0	0	0	0	0
chr5	25409405	25413699	Amillepora08096	3	2	0.6666666666666666	0.6666666666666666	66.66666666666667	100	57.73502691896258	33.333333333333336	100	0
chr5	25501407	25512343	Amillepora08107	1	0	0	0	0	0	NA	NA	0	0
chr5	25401758	25405773	Amillepora08094	16	0	0	0	0	0	0	0	0	0
chr5	25433200	25440532	Amillepora08099	4	2	0.5	0.5	50	50	57.735026918962575	28.867513459481287	100	0
chr5	25406356	25409399	Amillepora08095	1	0	0	0	0	0	NA	NA	0	0
chr5	25414482	25419542	Amillepora08097	4	3	0.75	0.75	75	100	50	25	100	0
chr5	25474002	25492191	Amillepora08102	9	0	0	0	0	0	0	0	0	0
chr5	25562000	25565757	Amillepora08115	1	0	0	0	0	0	NA	NA	0	0
chr5	25539928	25543425	Amillepora08110	1	0	0	0	0	0	NA	NA	0	0
chr5	25587990	25594927	Amillepora08119	3	0	0	0	0	0	0	0	0	0
chr5	25615836	25643759	Amillepora08122	6	1	0.16666666666666666	0.16666666666666666	16.666666666666668	0	40.8248290463863	16.66666666666667	100	0
chr5	25652087	25668617	Amillepora08125	1	0	0	0	0	0	NA	NA	0	0
chr5	25674877	25685328	Amillepora08127	3	0	0	0	0	0	0	0	0	0
chr5	25746868	25750679	Amillepora08132	3	0	0	0	0	0	0	0	0	0
chr5	25694156	25707576	Amillepora08128	1	1	1	1	100	100	NA	NA	100	100
chr5	25716086	25742544	Amillepora08130	3	0	0	0	0	0	0	0	0	0
chr5	25811611	25818178	Amillepora08143	2	0	0	0	0	0	0	0	0	0
chr5	25804724	25808191	Amillepora08142	2	0	0	0	0	0	0	0	0	0
chr5	25848414	25866618	Amillepora08147	5	0	0	0	0	0	0	0	0	0
chr5	25866965	25879505	Amillepora08150	1	0	0	0	0	0	NA	NA	0	0
chr5	25840567	25848643	Amillepora08146	4	0	0	0	0	0	0	0	0	0
chr5	25827619	25839413	Amillepora08145	4	0	0	0	0	0	0	0	0	0
chr5	25796342	25800234	Amillepora08141	1	0	0	0	0	0	NA	NA	0	0
chr5	25892279	25907032	Amillepora08151	13	4	0.3076923076923077	0.3076923076923077	30.76923076923077	0	48.03844614152614	13.323467750529826	100	0
chr5	25962475	25968294	Amillepora08154	2	0	0	0	0	0	0	0	0	0
chr5	25915306	25920500	Amillepora08152	4	2	0.5	0.5	50	50	57.735026918962575	28.867513459481287	100	0
chr5	25993519	25997227	Amillepora08157	4	1	0.25	0.25	25	0	50	25	100	0
chr5	26059326	26061425	Amillepora08165	7	1	0.14285714285714285	0.14285714285714285	14.285714285714286	0	37.79644730092272	14.285714285714285	100	0
chr5	26045381	26047813	Amillepora08163	2	0	0	0	0	0	0	0	0	0
chr5	26013434	26014030	Amillepora08159	1	0	0	0	0	0	NA	NA	0	0
chr5	26011335	26013429	Amillepora08158	3	0	0	0	0	0	0	0	0	0
chr5	26124573	26138554	Amillepora08173	13	1	0.07692307692307693	0.07692307692307693	7.6923076923076925	0	27.735009811261456	7.6923076923076925	100	0
chr5	26139234	26142053	Amillepora08174	2	0	0	0	0	0	0	0	0	0
chr5	26117774	26121168	Amillepora08170	2	1	0.5	0.5	50	50	70.71067811865476	50	100	0
chr5	26142261	26148872	Amillepora08175	8	1	0.125	0.125	12.5	0	35.35533905932738	12.5	100	0
chr5	26114406	26117261	Amillepora08168	2	0	0	0	0	0	0	0	0	0
chr5	26111935	26112560	Amillepora08167	1	0	0	0	0	0	NA	NA	0	0
chr5	26108992	26109356	Amillepora08166	2	0	0	0	0	0	0	0	0	0
chr5	26178684	26197114	Amillepora08179	14	4	0.2857142857142857	0.2857142857142857	28.571428571428573	0	46.88072309384955	12.529400275814705	100	0
chr5	26202104	26216749	Amillepora08182	9	0	0	0	0	0	0	0	0	0
chr5	26154584	26156243	Amillepora08176	2	0	0	0	0	0	0	0	0	0
chr5	26162566	26189763	Amillepora08177	7	2	0.2857142857142857	0.2857142857142857	28.571428571428573	0	48.79500364742666	18.442777839082936	100	0
chr5	26352090	26354534	Amillepora08196	1	0	0	0	0	0	NA	NA	0	0
chr5	26433512	26444420	Amillepora08202	1	0	0	0	0	0	NA	NA	0	0
chr5	26452505	26453476	Amillepora08205	2	0	0	0	0	0	0	0	0	0
chr5	26492473	26505597	Amillepora08211	2	1	0.5	0.5	50	50	70.71067811865476	50	100	0
chr5	26623719	26627024	Amillepora08222	1	0	0	0	0	0	NA	NA	0	0
chr5	26627547	26628056	Amillepora08224	2	0	0	0	0	0	0	0	0	0
chr5	26792003	26792601	Amillepora08231	1	0	0	0	0	0	NA	NA	0	0
chr5	26828715	26857376	Amillepora08232	31	1	0.03225806451612903	0.03225806451612903	3.225806451612903	0	17.960530202677518	3.2258064516129035	100	0
chr5	26886038	26888399	Amillepora08236	3	0	0	0	0	0	0	0	0	0
chr5	26901968	26903326	Amillepora08238	5	0	0	0	0	0	0	0	0	0
chr5	26962889	26969370	Amillepora08244	7	1	0.14285714285714285	0.14285714285714285	14.285714285714286	0	37.79644730092272	14.285714285714285	100	0
chr5	26867953	26878636	Amillepora08233	11	3	0.2727272727272727	0.2727272727272727	27.272727272727273	0	46.70993664969137	14.083575804390607	100	0
chr5	26895750	26897174	Amillepora08237	12	0	0	0	0	0	0	0	0	0
chr5	26975389	26976996	Amillepora08245	3	0	0	0	0	0	0	0	0	0
chr5	26957579	26962086	Amillepora08243	7	3	0.42857142857142855	0.42857142857142855	42.857142857142854	0	53.452248382484875	20.203050891044217	100	0
chr5	26931629	26952836	Amillepora08242	34	3	0.08823529411764706	0.08823529411764706	8.823529411764707	0	28.790224128123672	4.937482703908927	100	0
chr5	26910174	26923951	Amillepora08239	20	1	0.05	0.05	5	0	22.360679774997898	5	100	0
chr5	26926387	26930916	Amillepora08240	3	0	0	0	0	0	0	0	0	0
chr5	26982824	26989517	Amillepora08246	9	0	0	0	0	0	0	0	0	0
chr5	27035193	27050649	Amillepora08250	15	0	0	0	0	0	0	0	0	0
chr5	27033497	27036272	Amillepora08249	1	1	1	1	100	100	NA	NA	100	100
chr5	27059350	27071774	Amillepora08254	5	4	0.8	0.8	80	100	44.721359549995796	20	100	0
chr5	27050985	27055113	Amillepora08253	5	0	0	0	0	0	0	0	0	0
chr5	27002085	27016448	Amillepora08247	10	0	0	0	0	0	0	0	0	0
chr5	27123039	27140037	Amillepora08259	29	1	0.034482758620689655	0.034482758620689655	3.4482758620689653	0	18.569533817705185	3.4482758620689653	100	0
chr5	27090698	27108643	Amillepora08257	18	1	0.05555555555555555	0.05555555555555555	5.555555555555555	0	23.570226039551578	5.555555555555556	100	0
chr5	27182327	27188205	Amillepora08262	5	0	0	0	0	0	0	0	0	0
chr5	27158269	27158757	Amillepora08261	1	0	0	0	0	0	NA	NA	0	0
chr5	27149948	27162405	Amillepora08260	10	0	0	0	0	0	0	0	0	0
chr5	27075838	27090626	Amillepora08256	12	0	0	0	0	0	0	0	0	0
chr5	27108703	27129290	Amillepora08258	34	2	0.058823529411764705	0.05714285714285714	5.882352941176471	0	23.883257361061286	4.095944846016419	100	0
chr5	27231549	27238357	Amillepora08267	8	0	0	0	0	0	0	0	0	0
chr5	27206494	27211717	Amillepora08265	7	0	0	0	0	0	0	0	0	0
chr5	27186721	27200353	Amillepora08264	14	0	0	0	0	0	0	0	0	0
chr5	27346569	27368547	Amillepora08278	17	1	0.058823529411764705	0.058823529411764705	5.882352941176471	0	24.253562503633297	5.88235294117647	100	0
chr5	27320285	27338150	Amillepora08275	6	0	0	0	0	0	0	0	0	0
chr5	27287758	27304817	Amillepora08273	4	0	0	0	0	0	0	0	0	0
chr5	27263330	27269579	Amillepora08271	6	1	0.16666666666666666	0.16666666666666666	16.666666666666668	0	40.8248290463863	16.66666666666667	100	0
chr5	27243787	27251810	Amillepora08268	10	1	0.1	0.1	10	0	31.622776601683793	10	100	0
chr5	27272510	27278342	Amillepora08272	2	0	0	0	0	0	0	0	0	0
chr5	27379201	27392314	Amillepora08283	13	2	0.15384615384615385	0.15384615384615385	15.384615384615385	0	37.553380809940535	10.415433852097385	100	0
chr5	27409002	27433814	Amillepora08285	35	0	0	0	0	0	0	0	0	0
chr5	27393575	27406860	Amillepora08284	27	2	0.07407407407407407	0.07407407407407407	7.407407407407407	0	26.688025634181184	5.13611292801138	100	0
chr5	27442758	27487440	Amillepora08287	47	4	0.0851063829787234	0.0851063829787234	8.51063829787234	0	28.20566728469692	4.114219418674761	100	0
chr5	27656192	27658481	Amillepora08291	5	2	0.4	0.4	40	0	54.772255750516614	24.49489742783178	100	0
chr5	27647304	27648605	Amillepora08288	2	0	0	0	0	0	0	0	0	0
chr5	27649999	27650805	Amillepora08289	1	0	0	0	0	0	NA	NA	0	0
chr5	27658635	27676358	Amillepora08292	17	3	0.17647058823529413	0.17647058823529413	17.647058823529413	0	39.295262399668786	9.530501027070382	100	0
chr5	27651158	27655694	Amillepora08290	8	0	0	0	0	0	0	0	0	0
chr5	27714116	27748869	Amillepora08296	49	1	0.02040816326530612	0.02040816326530612	2.0408163265306123	0	14.285714285714285	2.0408163265306123	100	0
chr5	27708023	27711175	Amillepora08295	3	3	1	1	100	100	0	0	100	100
chr5	27801840	27810656	Amillepora08301	1	0	0	0	0	0	NA	NA	0	0
chr5	27848753	27856828	Amillepora08306	5	4	0.8	0.8	80	100	44.721359549995796	20	100	0
chr5	27776553	27791065	Amillepora08298	9	2	0.2222222222222222	0.2222222222222222	22.22222222222222	0	44.09585518440984	14.698618394803281	100	0
chr5	27845855	27852635	Amillepora08305	5	3	0.6	0.6	60	100	54.772255750516614	24.49489742783178	100	0
chr5	27795827	27801707	Amillepora08300	5	2	0.4	0.4	40	0	54.772255750516614	24.49489742783178	100	0
chr5	27826363	27836935	Amillepora08304	25	0	0	0	0	0	0	0	0	0
chr5	27815490	27824854	Amillepora08303	7	1	0.14285714285714285	0.14285714285714285	14.285714285714286	0	37.79644730092272	14.285714285714285	100	0
chr5	27792448	27793507	Amillepora08299	4	0	0	0	0	0	0	0	0	0
chr5	27913749	27922641	Amillepora08309	3	0	0	0	0	0	0	0	0	0
chr5	27922510	27924645	Amillepora08310	3	0	0	0	0	0	0	0	0	0
chr5	27855563	27919522	Amillepora08308	62	3	0.04838709677419355	0.04838709677419355	4.838709677419355	0	21.63345432076801	2.7474514461903605	100	0
chr5	27944523	27972228	Amillepora08312	9	2	0.2222222222222222	0.2222222222222222	22.22222222222222	0	44.09585518440984	14.698618394803281	100	0
chr5	28134157	28141967	Amillepora08318	6	1	0.16666666666666666	0.16666666666666666	16.666666666666668	0	40.8248290463863	16.66666666666667	100	0
chr5	28141281	28144201	Amillepora08319	5	0	0	0	0	0	0	0	0	0
chr5	28110514	28114301	Amillepora08317	2	0	0	0	0	0	0	0	0	0
chr5	28275002	28277237	Amillepora08330	2	0	0	0	0	0	0	0	0	0
chr5	28239103	28244915	Amillepora08327	3	1	0.3333333333333333	0.3333333333333333	33.333333333333336	0	57.735026918962575	33.333333333333336	100	0
chr5	28245197	28252386	Amillepora08328	14	3	0.21428571428571427	0.21428571428571427	21.428571428571427	0	42.581531362632	11.380392954509878	100	0
chr5	28279907	28289347	Amillepora08331	5	0	0	0	0	0	0	0	0	0
chr5	28205126	28219045	Amillepora08324	8	3	0.375	0.375	37.5	0	51.75491695067657	18.298126367784995	100	0
chr5	28219900	28226800	Amillepora08325	2	0	0	0	0	0	0	0	0	0
chr5	28253039	28266758	Amillepora08329	14	4	0.2857142857142857	0.2857142857142857	28.571428571428573	0	46.88072309384955	12.529400275814705	100	0
chr5	28236448	28237248	Amillepora08326	1	1	1	1	100	100	NA	NA	100	100
chr5	28290591	28297223	Amillepora08332	1	0	0	0	0	0	NA	NA	0	0
chr5	28298043	28305273	Amillepora08333	10	2	0.2	0.2	20	0	42.16370213557839	13.333333333333332	100	0
chr5	28496502	28497521	Amillepora08340	3	0	0	0	0	0	0	0	0	0
chr5	28551246	28562279	Amillepora08347	8	3	0.375	0.375	37.5	0	51.75491695067657	18.298126367784995	100	0
chr5	28568597	28576968	Amillepora08349	9	2	0.2222222222222222	0.2222222222222222	22.22222222222222	0	44.09585518440984	14.698618394803281	100	0
chr5	28519515	28527149	Amillepora08342	5	0	0	0	0	0	0	0	0	0
chr5	28493248	28494757	Amillepora08339	1	0	0	0	0	0	NA	NA	0	0
chr5	28528030	28545392	Amillepora08345	17	2	0.11764705882352941	0.11764705882352941	11.764705882352942	0	33.21055820775357	8.05474349272303	100	0
chr5	28562501	28568120	Amillepora08348	5	4	0.8	0.8	80	100	44.721359549995796	20	100	0
chr5	28583620	28590908	Amillepora08350	13	0	0	0	0	0	0	0	0	0
chr5	28592113	28598936	Amillepora08351	3	2	0.6666666666666666	0.6666666666666666	66.66666666666667	100	57.73502691896258	33.333333333333336	100	0
chr5	28616797	28622011	Amillepora08355	6	0	0	0	0	0	0	0	0	0
chr5	28610982	28615452	Amillepora08354	8	0	0	0	0	0	0	0	0	0
chr5	28600756	28610822	Amillepora08352	7	2	0.2857142857142857	0.2857142857142857	28.571428571428573	0	48.79500364742666	18.442777839082936	100	0
chr5	28718165	28720130	Amillepora08360	1	0	0	0	0	0	NA	NA	0	0
chr5	28746368	28760217	Amillepora08363	7	4	0.5714285714285714	0.5714285714285714	57.142857142857146	100	53.45224838248488	20.203050891044217	100	0
chr5	28687123	28694376	Amillepora08358	2	1	0.5	0.5	50	50	70.71067811865476	50	100	0
chr5	28723008	28741974	Amillepora08361	30	0	0	0	0	0	0	0	0	0
chr5	28762801	28770543	Amillepora08364	6	2	0.3333333333333333	0.3333333333333333	33.333333333333336	0	51.63977794943222	21.081851067789195	100	0
chr5	28804313	28827140	Amillepora08366	29	2	0.06896551724137931	0.06896551724137931	6.896551724137931	0	25.78807147775637	4.788724653995956	100	0
chr5	28775884	28799762	Amillepora08365	24	3	0.125	0.125	12.5	0	33.78319623460881	6.89596605459213	100	0
chr5	28856781	28867298	Amillepora08369	22	1	0.045454545454545456	0.045454545454545456	4.545454545454546	0	21.320071635561042	4.545454545454545	100	0
chr5	28836371	28855047	Amillepora08368	14	1	0.07142857142857142	0.07142857142857142	7.142857142857143	0	26.72612419124244	7.142857142857143	100	0
chr5	28903066	28914307	Amillepora08373	2	1	0.5	0.5	50	50	70.71067811865476	50	100	0
chr5	28895382	28900377	Amillepora08372	11	0	0	0	0	0	0	0	0	0
chr5	28935788	28944417	Amillepora08376	15	2	0.13333333333333333	0.13333333333333333	13.333333333333334	0	35.18657752744984	9.085135251589959	100	0
chr5	28915443	28927729	Amillepora08375	6	2	0.3333333333333333	0.3333333333333333	33.333333333333336	0	51.63977794943222	21.081851067789195	100	0
chr5	28868375	28889095	Amillepora08370	15	0	0	0	0	0	0	0	0	0
chr5	28946522	29008055	Amillepora08377	96	3	0.03125	0.03125	3.125	0	17.490598978639323	1.7851267830546231	100	0
chr5	29010983	29019523	Amillepora08379	5	2	0.4	0.4	40	0	54.772255750516614	24.49489742783178	100	0
chr5	29158942	29173064	Amillepora08387	19	1	0.05263157894736842	0.05263157894736842	5.2631578947368425	0	22.94157338705618	5.263157894736841	100	0
chr5	29085980	29094143	Amillepora08384	3	1	0.3333333333333333	0.3333333333333333	33.333333333333336	0	57.735026918962575	33.333333333333336	100	0
chr5	29074425	29079975	Amillepora08383	3	0	0	0	0	0	0	0	0	0
chr5	29142348	29158316	Amillepora08386	14	2	0.14285714285714285	0.14285714285714285	14.285714285714286	0	36.313651960128155	9.705231721239393	100	0
chr5	29230879	29239619	Amillepora08394	7	0	0	0	0	0	0	0	0	0
chr5	29267830	29283383	Amillepora08397	17	1	0.058823529411764705	0.058823529411764705	5.882352941176471	0	24.253562503633297	5.88235294117647	100	0
chr5	29207760	29213956	Amillepora08389	2	2	1	1	100	100	0	0	100	100
chr5	29217505	29221324	Amillepora08391	3	1	0.3333333333333333	0.3333333333333333	33.333333333333336	0	57.735026918962575	33.333333333333336	100	0
chr5	29240483	29248078	Amillepora08395	12	0	0	0	0	0	0	0	0	0
chr5	29170919	29193949	Amillepora08388	35	0	0	0	0	0	0	0	0	0
chr5	29258044	29271260	Amillepora08396	8	1	0.125	0.125	12.5	0	35.35533905932738	12.5	100	0
chr5	29379278	29384917	Amillepora08407	10	0	0	0	0	0	0	0	0	0
chr5	29371440	29375789	Amillepora08406	9	0	0	0	0	0	0	0	0	0
chr5	29352466	29360258	Amillepora08404	6	0	0	0	0	0	0	0	0	0
chr5	29313420	29320663	Amillepora08401	13	0	0	0	0	0	0	0	0	0
chr5	29287595	29304307	Amillepora08398	24	2	0.08333333333333333	0.08333333333333333	8.333333333333334	0	28.232985128664	5.763033956734373	100	0
chr5	29305909	29309888	Amillepora08400	2	0	0	0	0	0	0	0	0	0
chr5	29362565	29365432	Amillepora08405	6	0	0	0	0	0	0	0	0	0
chr5	29348254	29349698	Amillepora08403	2	0	0	0	0	0	0	0	0	0
chr5	29322270	29324621	Amillepora08402	8	0	0	0	0	0	0	0	0	0
chr5	29440498	29449409	Amillepora08412	7	0	0	0	0	0	0	0	0	0
chr5	29463574	29489171	Amillepora08416	24	5	0.20833333333333334	0.20833333333333334	20.833333333333332	0	41.485111699905346	8.468112965594381	100	0
chr5	29452859	29462759	Amillepora08413	4	0	0	0	0	0	0	0	0	0
chr5	29425360	29437382	Amillepora08411	10	1	0.1	0.1	10	0	31.622776601683793	10	100	0
chr5	29518662	29537223	Amillepora08419	20	1	0.05	0.05	5	0	22.360679774997898	5	100	0
chr5	29503938	29515639	Amillepora08417	16	7	0.4375	0.4117647058823529	40.625	0	49.053542175871456	12.263385543967864	100	0
chr5	29684628	29689577	Amillepora08435	6	1	0.16666666666666666	0.16666666666666666	16.666666666666668	0	40.8248290463863	16.66666666666667	100	0
chr5	29648762	29659443	Amillepora08432	10	0	0	0	0	0	0	0	0	0
chr5	29660301	29670328	Amillepora08433	19	0	0	0	0	0	0	0	0	0
chr5	29601971	29613047	Amillepora08428	3	1	0.3333333333333333	0.3333333333333333	33.333333333333336	0	57.735026918962575	33.333333333333336	100	0
chr5	29643235	29646050	Amillepora08431	3	1	0.3333333333333333	0.3333333333333333	33.333333333333336	0	57.735026918962575	33.333333333333336	100	0
chr5	29617995	29633897	Amillepora08430	14	0	0	0	0	0	0	0	0	0
chr5	29680256	29682670	Amillepora08434	8	0	0	0	0	0	0	0	0	0
chr5	29591479	29601871	Amillepora08427	8	0	0	0	0	0	0	0	0	0
chr5	29535996	29552291	Amillepora08420	8	0	0	0	0	0	0	0	0	0
chr5	29612489	29616460	Amillepora08429	5	0	0	0	0	0	0	0	0	0
chr5	29555312	29570849	Amillepora08423	20	0	0	0	0	0	0	0	0	0
chr5	29572604	29582774	Amillepora08425	10	0	0	0	0	0	0	0	0	0
chr5	29583876	29587458	Amillepora08426	7	0	0	0	0	0	0	0	0	0
chr5	29571528	29572569	Amillepora08424	5	0	0	0	0	0	0	0	0	0
chr5	29763390	29769663	Amillepora08437	1	0	0	0	0	0	NA	NA	0	0
chr5	29770286	29773540	Amillepora08439	3	0	0	0	0	0	0	0	0	0
chr5	29690403	29693262	Amillepora08436	4	0	0	0	0	0	0	0	0	0
chr5	29819178	29829215	Amillepora08449	1	1	1	1	100	100	NA	NA	100	100
chr5	29795713	29800339	Amillepora08444	6	3	0.5	0.5	50	50	54.772255750516614	22.3606797749979	100	0
chr5	29802501	29807314	Amillepora08446	1	0	0	0	0	0	NA	NA	0	0
chr5	29869700	29876782	Amillepora08454	2	1	0.5	0.5	50	50	70.71067811865476	50	100	0
chr5	29776600	29794179	Amillepora08441	11	3	0.2727272727272727	0.2727272727272727	27.272727272727273	0	46.70993664969137	14.083575804390607	100	0
chr5	29830788	29855457	Amillepora08450	23	10	0.43478260869565216	0.43478260869565216	43.47826086956522	0	50.68698018697019	10.568965974008648	100	0
chr5	29963178	29965739	Amillepora08464	1	0	0	0	0	0	NA	NA	0	0
chr5	29896596	29922640	Amillepora08456	23	0	0	0	0	0	0	0	0	0
chr5	29868877	29892539	Amillepora08453	7	4	0.5714285714285714	0.5714285714285714	57.142857142857146	100	53.45224838248488	20.203050891044217	100	0
chr5	29863933	29868694	Amillepora08452	11	2	0.18181818181818182	0.18181818181818182	18.181818181818183	0	40.45199174779453	12.196734422726125	100	0
chr5	29923446	29926984	Amillepora08457	4	0	0	0	0	0	0	0	0	0
chr5	30040480	30047488	Amillepora08470	16	0	0	0	0	0	0	0	0	0
chr5	30003817	30013474	Amillepora08468	19	1	0.05263157894736842	0.05263157894736842	5.2631578947368425	0	22.941573387056177	5.263157894736841	100	0
chr5	29993365	29996935	Amillepora08467	4	0	0	0	0	0	0	0	0	0
chr5	30058898	30078077	Amillepora08472	16	1	0.0625	0.0625	6.25	0	25	6.25	100	0
chr5	30024395	30037846	Amillepora08469	16	1	0.0625	0.0625	6.25	0	25	6.25	100	0
chr5	30048366	30057281	Amillepora08471	6	0	0	0	0	0	0	0	0	0
chr5	29976340	29993259	Amillepora08466	19	3	0.15789473684210525	0.15789473684210525	15.789473684210526	0	37.46343246326776	8.5947008518708	100	0
chr5	29942776	29953698	Amillepora08459	2	0	0	0	0	0	0	0	0	0
chr5	29956350	29962936	Amillepora08463	3	1	0.3333333333333333	0.3333333333333333	33.333333333333336	0	57.735026918962575	33.333333333333336	100	0
chr5	29928995	29940330	Amillepora08458	5	3	0.6	0.6	60	100	54.772255750516614	24.49489742783178	100	0
chr5	30078735	30081670	Amillepora08473	4	0	0	0	0	0	0	0	0	0
chr5	30135752	30149569	Amillepora08479	6	2	0.3333333333333333	0.3333333333333333	33.333333333333336	0	51.63977794943222	21.081851067789195	100	0
chr5	30097128	30131144	Amillepora08476	18	8	0.4444444444444444	0.4444444444444444	44.44444444444444	0	51.13099925649136	12.051692101036453	100	0
chr5	30084645	30096685	Amillepora08474	13	1	0.07692307692307693	0.07692307692307693	7.6923076923076925	0	27.735009811261456	7.6923076923076925	100	0
chr5	30273530	30279211	Amillepora08485	3	3	1	1	100	100	0	0	100	100
chr5	30281856	30283769	Amillepora08486	3	0	0	0	0	0	0	0	0	0
chr5	30194352	30198914	Amillepora08483	1	0	0	0	0	0	NA	NA	0	0
chr5	30190458	30192886	Amillepora08482	1	0	0	0	0	0	NA	NA	0	0
chr5	30208788	30243986	Amillepora08484	5	0	0	0	0	0	0	0	0	0
chr5	30347892	30350832	Amillepora08505	5	0	0	0	0	0	0	0	0	0
chr5	30287534	30289819	Amillepora08487	1	0	0	0	0	0	NA	NA	0	0
chr5	30303479	30309430	Amillepora08490	8	0	0	0	0	0	0	0	0	0
chr5	30361363	30384571	Amillepora08507	22	2	0.09090909090909091	0.08695652173913043	9.090909090909092	0	29.42449431682498	6.273323266748674	100	0
chr5	30326449	30339359	Amillepora08494	4	2	0.5	0.5	50	50	57.735026918962575	28.867513459481287	100	0
chr5	30321385	30325223	Amillepora08493	5	0	0	0	0	0	0	0	0	0
chr5	30350637	30361099	Amillepora08506	2	2	1	1	100	100	0	0	100	100
chr5	30317737	30321056	Amillepora08492	3	0	0	0	0	0	0	0	0	0
chr5	30438309	30444186	Amillepora08515	5	0	0	0	0	0	0	0	0	0
chr5	30447317	30454023	Amillepora08516	11	0	0	0	0	0	0	0	0	0
chr5	30387506	30401573	Amillepora08510	8	1	0.125	0.125	12.5	0	35.35533905932738	12.5	100	0
chr5	30468493	30472701	Amillepora08519	5	1	0.2	0.2	20	0	44.721359549995796	20	100	0
chr5	30426248	30428563	Amillepora08513	1	1	1	1	100	100	NA	NA	100	100
chr5	30478505	30486799	Amillepora08520	5	2	0.4	0.4	40	0	54.772255750516614	24.49489742783178	100	0
chr5	30428130	30434422	Amillepora08514	3	1	0.3333333333333333	0.3333333333333333	33.333333333333336	0	57.735026918962575	33.333333333333336	100	0
chr5	30399886	30423256	Amillepora08511	9	0	0	0	0	0	0	0	0	0
chr5	30459848	30463251	Amillepora08518	2	0	0	0	0	0	0	0	0	0
chr5	30574614	30585832	Amillepora08530	13	1	0.07692307692307693	0.07692307692307693	7.6923076923076925	0	27.735009811261456	7.6923076923076925	100	0
chr5	30563113	30572727	Amillepora08529	14	0	0	0	0	0	0	0	0	0
chr5	30489073	30493955	Amillepora08522	4	3	0.75	0.75	75	100	50	25	100	0
chr5	30508857	30520755	Amillepora08525	2	2	1	1	100	100	0	0	100	100
chr5	30538346	30557295	Amillepora08528	6	0	0	0	0	0	0	0	0	0
chr5	30521922	30537073	Amillepora08527	7	3	0.42857142857142855	0.42857142857142855	42.857142857142854	0	53.452248382484875	20.203050891044217	100	0
chr5	30488180	30503802	Amillepora08521	13	4	0.3076923076923077	0.3076923076923077	30.76923076923077	0	48.03844614152614	13.323467750529826	100	0
chr5	30589314	30617005	Amillepora08531	38	1	0.02631578947368421	0.02631578947368421	2.6315789473684212	0	16.222142113076245	2.631578947368421	100	0
chr5	30618075	30621784	Amillepora08533	8	3	0.375	0.375	37.5	0	51.75491695067657	18.298126367784995	100	0
chr5	30644408	30662853	Amillepora08536	23	6	0.2608695652173913	0.2916666666666667	26.08695652173913	0	44.89777585448795	9.361833424764438	100	0
chr5	30630516	30631475	Amillepora08535	2	0	0	0	0	0	0	0	0	0
chr5	30737023	30740487	Amillepora08543	2	0	0	0	0	0	0	0	0	0
chr5	30745704	30751140	Amillepora08544	11	1	0.09090909090909091	0.09090909090909091	9.090909090909092	0	30.151134457776354	9.09090909090909	100	0
chr5	30702803	30715891	Amillepora08540	10	2	0.2	0.2	20	0	42.16370213557839	13.333333333333332	100	0
chr5	30716248	30719816	Amillepora08541	4	1	0.25	0.25	25	0	50	25	100	0
chr5	30752481	30754968	Amillepora08545	2	0	0	0	0	0	0	0	0	0
chr5	30757547	30759464	Amillepora08546	1	0	0	0	0	0	NA	NA	0	0
chr5	30670390	30678642	Amillepora08537	7	1	0.14285714285714285	0.14285714285714285	14.285714285714286	0	37.79644730092272	14.285714285714285	100	0
chr5	30724236	30733802	Amillepora08542	11	0	0	0	0	0	0	0	0	0
chr5	30697231	30702681	Amillepora08539	1	1	1	1	100	100	NA	NA	100	100
chr5	30680806	30693218	Amillepora08538	10	3	0.3	0.3	30	0	48.3045891539648	15.275252316519467	100	0
chr5	30779151	30783490	Amillepora08550	3	2	0.6666666666666666	0.6666666666666666	66.66666666666667	100	57.735026918962575	33.333333333333336	100	0
chr5	30838611	30847444	Amillepora08560	6	1	0.16666666666666666	0.16666666666666666	16.666666666666668	0	40.8248290463863	16.66666666666667	100	0
chr5	30802862	30806501	Amillepora08555	1	1	1	1	100	100	NA	NA	100	100
chr5	30784360	30788461	Amillepora08551	3	1	0.3333333333333333	0.3333333333333333	33.333333333333336	0	57.735026918962575	33.333333333333336	100	0
chr5	30879870	30880598	Amillepora08564	3	0	0	0	0	0	0	0	0	0
chr5	30883709	30884434	Amillepora08565	3	0	0	0	0	0	0	0	0	0
chr5	30813292	30823524	Amillepora08557	12	4	0.3333333333333333	0.3333333333333333	33.333333333333336	0	49.23659639173309	14.213381090374028	100	0
chr5	30830853	30838472	Amillepora08559	3	2	0.6666666666666666	0.6666666666666666	66.66666666666667	100	57.73502691896258	33.333333333333336	100	0
chr5	30825477	30829902	Amillepora08558	4	4	1	1	100	100	0	0	100	100
chr5	30886182	30889024	Amillepora08566	1	0	0	0	0	0	NA	NA	0	0
chr5	30796173	30803158	Amillepora08554	3	1	0.3333333333333333	0.3333333333333333	33.333333333333336	0	57.735026918962575	33.333333333333336	100	0
chr5	30788896	30794793	Amillepora08552	3	1	0.3333333333333333	0.3333333333333333	33.333333333333336	0	57.735026918962575	33.333333333333336	100	0
chr5	30869703	30879617	Amillepora08563	3	0	0	0	0	0	0	0	0	0
chr5	30848568	30869104	Amillepora08561	37	0	0	0	0	0	0	0	0	0
chr5	30807049	30809456	Amillepora08556	2	0	0	0	0	0	0	0	0	0
chr5	30765881	30771289	Amillepora08548	6	2	0.3333333333333333	0.3333333333333333	33.333333333333336	0	51.63977794943222	21.081851067789195	100	0
chr5	30772635	30779075	Amillepora08549	11	0	0	0	0	0	0	0	0	0
chr5	30981869	30993145	Amillepora08577	13	2	0.15384615384615385	0.15384615384615385	15.384615384615385	0	37.553380809940535	10.415433852097385	100	0
chr5	31066915	31080903	Amillepora08587	23	0	0	0	0	0	0	0	0	0
chr5	30959115	30962965	Amillepora08574	1	1	1	1	100	100	NA	NA	100	100
chr5	31000542	31003569	Amillepora08578	1	0	0	0	0	0	NA	NA	0	0
chr5	30936153	30945980	Amillepora08571	9	0	0	0	0	0	0	0	0	0
chr5	30907994	30913925	Amillepora08568	13	0	0	0	0	0	0	0	0	0
chr5	30968668	30979487	Amillepora08576	19	0	0	0	0	0	0	0	0	0
chr5	31044699	31050067	Amillepora08584	4	1	0.25	0.25	25	0	50	25	100	0
chr5	31035037	31041442	Amillepora08582	5	0	0	0	0	0	0	0	0	0
chr5	30927392	30936140	Amillepora08570	1	0	0	0	0	0	NA	NA	0	0
chr5	31007640	31019393	Amillepora08579	14	0	0	0	0	0	0	0	0	0
chr5	30963238	30968552	Amillepora08575	1	1	1	1	100	100	NA	NA	100	100
chr5	31054336	31064812	Amillepora08585	4	1	0.25	0.25	25	0	50	25	100	0
chr5	30892536	30895843	Amillepora08567	2	0	0	0	0	0	0	0	0	0
chr5	30914712	30926923	Amillepora08569	6	1	0.16666666666666666	0.16666666666666666	16.666666666666668	0	40.82482904638629	16.66666666666667	100	0
chr5	31023165	31026793	Amillepora08580	8	1	0.125	0.125	12.5	0	35.35533905932738	12.5	100	0
chr6	29520	35155	Amillepora18679	3	0	0	0	0	0	0	0	0	0
chr6	49597	80119	Amillepora18680	38	3	0.07894736842105263	0.07894736842105263	7.894736842105263	0	27.32763127330938	4.433127181293719	100	0
chr6	10571	11488	Amillepora18677	2	0	0	0	0	0	0	0	0	0
chr6	12815	14449	Amillepora18678	2	1	0.5	0.5	50	50	70.71067811865476	50	100	0
chr6	83085	88012	Amillepora18681	1	0	0	0	0	0	NA	NA	0	0
chr6	172490	249690	Amillepora18692	139	5	0.03597122302158273	0.03597122302158273	3.5971223021582732	0	18.68918908782018	1.5851963288984772	100	0
chr6	125645	129596	Amillepora18685	8	1	0.125	0.125	12.5	0	35.35533905932738	12.5	100	0
chr6	129643	133992	Amillepora18686	5	0	0	0	0	0	0	0	0	0
chr6	140807	148172	Amillepora18688	13	1	0.07692307692307693	0.07692307692307693	7.6923076923076925	0	27.735009811261456	7.6923076923076925	100	0
chr6	148964	152646	Amillepora18690	11	0	0	0	0	0	0	0	0	0
chr6	107777	125192	Amillepora18684	21	0	0	0	0	0	0	0	0	0
chr6	250086	253650	Amillepora18695	1	1	1	1	100	100	NA	NA	100	100
chr6	363617	365617	Amillepora18699	1	0	0	0	0	0	NA	NA	0	0
chr6	371169	375232	Amillepora18700	1	0	0	0	0	0	NA	NA	0	0
chr6	337627	345446	Amillepora18698	7	0	0	0	0	0	0	0	0	0
chr6	324363	325248	Amillepora18696	3	1	0.3333333333333333	0.3333333333333333	33.333333333333336	0	57.735026918962575	33.333333333333336	100	0
chr6	404324	407717	Amillepora18704	1	0	0	0	0	0	NA	NA	0	0
chr6	425700	430417	Amillepora18706	1	0	0	0	0	0	NA	NA	0	0
chr6	449288	455186	Amillepora18709	2	0	0	0	0	0	0	0	0	0
chr6	394472	400939	Amillepora18702	1	0	0	0	0	0	NA	NA	0	0
chr6	483710	485756	Amillepora18710	1	0	0	0	0	0	NA	NA	0	0
chr6	510237	511948	Amillepora18712	1	0	0	0	0	0	NA	NA	0	0
chr6	516683	523291	Amillepora18713	4	0	0	0	0	0	0	0	0	0
chr6	488159	501367	Amillepora18711	1	0	0	0	0	0	NA	NA	0	0
chr6	632841	633638	Amillepora18726	1	0	0	0	0	0	NA	NA	0	0
chr6	598281	604706	Amillepora18722	7	0	0	0	0	0	0	0	0	0
chr6	584279	585886	Amillepora18721	7	0	0	0	0	0	0	0	0	0
chr6	605621	606418	Amillepora18723	5	0	0	0	0	0	0	0	0	0
chr6	638653	639429	Amillepora18727	2	0	0	0	0	0	0	0	0	0
chr6	671931	672827	Amillepora18729	2	1	0.5	0.5	50	50	70.71067811865476	50	100	0
chr6	695182	721714	Amillepora18732	13	1	0.07692307692307693	0.07692307692307693	7.6923076923076925	0	27.735009811261456	7.6923076923076925	100	0
chr6	756198	778885	Amillepora18736	18	3	0.16666666666666666	0.16666666666666666	16.666666666666668	0	38.34824944236852	9.03876907577734	100	0
chr6	746727	753991	Amillepora18735	11	0	0	0	0	0	0	0	0	0
chr6	677886	695050	Amillepora18731	9	5	0.5555555555555556	0.5555555555555556	55.55555555555556	100	52.70462766947299	17.568209223157663	100	0
chr6	723350	744313	Amillepora18733	12	4	0.3333333333333333	0.3076923076923077	33.333333333333336	0	49.23659639173309	14.213381090374028	100	0
chr6	793924	798947	Amillepora18738	15	0	0	0	0	0	0	0	0	0
chr6	857036	858097	Amillepora18744	2	0	0	0	0	0	0	0	0	0
chr6	814875	835566	Amillepora18742	21	1	0.047619047619047616	0.047619047619047616	4.761904761904762	0	21.82178902359924	4.761904761904762	100	0
chr6	802333	804479	Amillepora18740	5	0	0	0	0	0	0	0	0	0
chr6	799643	801481	Amillepora18739	1	0	0	0	0	0	NA	NA	0	0
chr6	862488	867920	Amillepora18746	10	0	0	0	0	0	0	0	0	0
chr6	869825	883300	Amillepora18747	17	3	0.17647058823529413	0.17647058823529413	17.647058823529413	0	39.295262399668786	9.530501027070382	100	0
chr6	806535	817915	Amillepora18741	4	0	0	0	0	0	0	0	0	0
chr6	842011	851249	Amillepora18743	3	0	0	0	0	0	0	0	0	0
chr6	892424	911264	Amillepora18749	44	3	0.06818181818181818	0.06818181818181818	6.818181818181818	0	25.497170592935262	3.843843094202264	100	0
chr6	883449	889466	Amillepora18748	3	0	0	0	0	0	0	0	0	0
chr6	927953	928993	Amillepora18750	3	0	0	0	0	0	0	0	0	0
chr6	953193	967813	Amillepora18752	4	0	0	0	0	0	0	0	0	0
chr6	971719	980430	Amillepora18753	1	0	0	0	0	0	NA	NA	0	0
chr6	985262	1012534	Amillepora18755	8	0	0	0	0	0	0	0	0	0
chr6	1022288	1043128	Amillepora18757	4	3	0.75	0.75	75	100	50	25	100	0
chr6	1178787	1189151	Amillepora18768	1	0	0	0	0	0	NA	NA	0	0
chr6	1072075	1077549	Amillepora18760	2	0	0	0	0	0	0	0	0	0
chr6	1093100	1094199	Amillepora18761	1	0	0	0	0	0	NA	NA	0	0
chr6	1146713	1174014	Amillepora18765	10	0	0	0	0	0	0	0	0	0
chr6	1109011	1136700	Amillepora18764	5	1	0.2	0.2	20	0	44.721359549995796	20	100	0
chr6	1217768	1223629	Amillepora18770	3	0	0	0	0	0	0	0	0	0
chr6	1194499	1209557	Amillepora18769	5	0	0	0	0	0	0	0	0	0
chr6	1238639	1246407	Amillepora18771	1	0	0	0	0	0	NA	NA	0	0
chr6	1269158	1276020	Amillepora18774	2	0	0	0	0	0	0	0	0	0
chr6	1251649	1257544	Amillepora18773	6	0	0	0	0	0	0	0	0	0
chr6	1296269	1298666	Amillepora18776	1	0	0	0	0	0	NA	NA	0	0
chr6	1292224	1296095	Amillepora18775	3	0	0	0	0	0	0	0	0	0
chr6	1365994	1373023	Amillepora18781	4	1	0.25	0.25	25	0	50	25	100	0
chr6	1308075	1317116	Amillepora18777	1	0	0	0	0	0	NA	NA	0	0
chr6	1322903	1330774	Amillepora18779	6	0	0	0	0	0	0	0	0	0
chr6	1410661	1417607	Amillepora18785	3	0	0	0	0	0	0	0	0	0
chr6	1396727	1399048	Amillepora18783	2	1	0.5	0.5	50	50	70.71067811865476	50	100	0
chr6	1436663	1439114	Amillepora18788	6	0	0	0	0	0	0	0	0	0
chr6	1423083	1424525	Amillepora18787	4	0	0	0	0	0	0	0	0	0
chr6	1419910	1421909	Amillepora18786	3	0	0	0	0	0	0	0	0	0
chr6	1439304	1483342	Amillepora18789	51	4	0.0784313725490196	0.0784313725490196	7.8431372549019605	0	27.152438232335317	3.802101848953983	100	0
chr6	1391914	1402833	Amillepora18782	12	1	0.08333333333333333	0.08333333333333333	8.333333333333334	0	28.867513459481298	8.333333333333334	100	0
chr6	1506302	1507816	Amillepora18793	9	0	0	0	0	0	0	0	0	0
chr6	1517145	1520653	Amillepora18795	5	0	0	0	0	0	0	0	0	0
chr6	1537562	1539105	Amillepora18798	2	0	0	0	0	0	0	0	0	0
chr6	1555156	1563756	Amillepora18800	8	2	0.25	0.25	25	0	46.29100498862757	16.366341767699428	100	0
chr6	1566439	1570381	Amillepora18801	2	0	0	0	0	0	0	0	0	0
chr6	1571410	1580200	Amillepora18802	3	3	1	1	100	100	0	0	100	100
chr6	1576642	1589457	Amillepora18804	12	5	0.4166666666666667	0.4166666666666667	41.666666666666664	0	51.49286505444371	14.864709750264078	100	0
chr6	1525712	1534291	Amillepora18797	3	1	0.3333333333333333	0.3333333333333333	33.333333333333336	0	57.735026918962575	33.333333333333336	100	0
chr6	1551731	1554789	Amillepora18799	2	0	0	0	0	0	0	0	0	0
chr6	1680800	1684719	Amillepora18809	4	0	0	0	0	0	0	0	0	0
chr6	1595591	1601270	Amillepora18806	12	0	0	0	0	0	0	0	0	0
chr6	1593932	1595022	Amillepora18805	1	0	0	0	0	0	NA	NA	0	0
chr6	1633800	1647915	Amillepora18807	15	1	0.06666666666666667	0.06666666666666667	6.666666666666667	0	25.81988897471612	6.666666666666666	100	0
chr6	1674450	1680294	Amillepora18808	10	1	0.1	0.1	10	0	31.622776601683793	10	100	0
chr6	1739789	1755487	Amillepora18815	11	2	0.18181818181818182	0.18181818181818182	18.181818181818183	0	40.45199174779453	12.196734422726125	100	0
chr6	1699707	1702842	Amillepora18811	3	0	0	0	0	0	0	0	0	0
chr6	1686777	1693930	Amillepora18810	10	0	0	0	0	0	0	0	0	0
chr6	1757534	1776110	Amillepora18816	20	1	0.05	0.05	5	0	22.360679774997898	5	100	0
chr6	1781070	1788663	Amillepora18818	3	3	1	1	100	100	0	0	100	100
chr6	1711064	1712430	Amillepora18812	2	0	0	0	0	0	0	0	0	0
chr6	1814661	1818649	Amillepora18821	10	1	0.1	0.1	10	0	31.622776601683793	10	100	0
chr6	1829874	1844662	Amillepora18822	15	2	0.13333333333333333	0.13333333333333333	13.333333333333334	0	35.18657752744984	9.085135251589959	100	0
chr6	1776469	1782830	Amillepora18817	1	0	0	0	0	0	NA	NA	0	0
chr6	1856546	1879833	Amillepora18825	29	7	0.2413793103448276	0.2413793103448276	24.137931034482758	0	43.54941703556927	8.0869237238335	100	0
chr6	1790291	1812304	Amillepora18820	10	4	0.4	0.4	40	0	51.63977794943222	16.329931618554518	100	0
chr6	1844774	1856431	Amillepora18824	8	1	0.125	0.125	12.5	0	35.35533905932738	12.5	100	0
chr6	1904198	1906701	Amillepora18828	3	1	0.3333333333333333	0.3333333333333333	33.333333333333336	0	57.735026918962575	33.333333333333336	100	0
chr6	1974448	1977657	Amillepora18838	8	0	0	0	0	0	0	0	0	0
chr6	1882899	1898956	Amillepora18826	13	5	0.38461538461538464	0.38461538461538464	38.46153846153846	0	50.63696835418333	14.044168141158107	100	0
chr6	1908611	1912506	Amillepora18829	4	1	0.25	0.25	25	0	50	25	100	0
chr6	1924526	1935995	Amillepora18832	13	0	0	0	0	0	0	0	0	0
chr6	1965454	1968961	Amillepora18835	2	1	0.5	0.5	50	50	70.71067811865476	50	100	0
chr6	1899699	1904115	Amillepora18827	3	1	0.3333333333333333	0.3333333333333333	33.333333333333336	0	57.735026918962575	33.333333333333336	100	0
chr6	1957036	1961385	Amillepora18834	15	0	0	0	0	0	0	0	0	0
chr6	1914747	1916735	Amillepora18830	2	0	0	0	0	0	0	0	0	0
chr6	1944374	1955423	Amillepora18833	13	0	0	0	0	0	0	0	0	0
chr6	2073133	2076965	Amillepora18851	2	0	0	0	0	0	0	0	0	0
chr6	2048606	2058416	Amillepora18847	9	0	0	0	0	0	0	0	0	0
chr6	2064415	2065932	Amillepora18849	2	0	0	0	0	0	0	0	0	0
chr6	2001583	2021162	Amillepora18843	26	0	0	0	0	0	0	0	0	0
chr6	1988657	1990819	Amillepora18840	4	0	0	0	0	0	0	0	0	0
chr6	1984864	1987218	Amillepora18839	4	0	0	0	0	0	0	0	0	0
chr6	2024621	2025846	Amillepora18844	1	0	0	0	0	0	NA	NA	0	0
chr6	1991937	1993804	Amillepora18841	1	0	0	0	0	0	NA	NA	0	0
chr6	2061819	2064353	Amillepora18848	7	0	0	0	0	0	0	0	0	0
chr6	1994639	2001422	Amillepora18842	8	0	0	0	0	0	0	0	0	0
chr6	2077263	2079144	Amillepora18852	4	0	0	0	0	0	0	0	0	0
chr6	2066355	2072724	Amillepora18850	6	2	0.3333333333333333	0.3333333333333333	33.333333333333336	0	51.63977794943222	21.081851067789195	100	0
chr6	2045083	2047038	Amillepora18846	2	2	1	1	100	100	0	0	100	100
chr6	2025933	2026430	Amillepora18845	1	0	0	0	0	0	NA	NA	0	0
chr6	2172891	2175201	Amillepora18864	4	0	0	0	0	0	0	0	0	0
chr6	2106163	2133399	Amillepora18856	9	4	0.4444444444444444	0.4444444444444444	44.44444444444444	0	52.70462766947299	17.568209223157663	100	0
chr6	2135968	2139706	Amillepora18859	1	1	1	1	100	100	NA	NA	100	100
chr6	2088040	2100040	Amillepora18854	2	1	0.5	0.5	50	50	70.71067811865476	50	100	0
chr6	2141197	2157075	Amillepora18861	11	1	0.09090909090909091	0.09090909090909091	9.090909090909092	0	30.151134457776358	9.09090909090909	100	0
chr6	2162146	2169296	Amillepora18863	3	0	0	0	0	0	0	0	0	0
chr6	2159123	2160666	Amillepora18862	1	0	0	0	0	0	NA	NA	0	0
chr6	2102302	2106250	Amillepora18855	3	2	0.6666666666666666	0.6666666666666666	66.66666666666667	100	57.73502691896258	33.333333333333336	100	0
chr6	2140361	2141071	Amillepora18860	2	0	0	0	0	0	0	0	0	0
chr6	2189950	2191987	Amillepora18869	2	0	0	0	0	0	0	0	0	0
chr6	2185709	2187592	Amillepora18868	2	0	0	0	0	0	0	0	0	0
chr6	2225274	2226317	Amillepora18873	3	0	0	0	0	0	0	0	0	0
chr6	2246278	2253692	Amillepora18875	1	1	1	1	100	100	NA	NA	100	100
chr6	2205851	2211439	Amillepora18871	6	0	0	0	0	0	0	0	0	0
chr6	2177918	2182131	Amillepora18866	3	0	0	0	0	0	0	0	0	0
chr6	2229940	2236381	Amillepora18874	2	0	0	0	0	0	0	0	0	0
chr6	2201258	2204147	Amillepora18870	1	0	0	0	0	0	NA	NA	0	0
chr6	2347078	2348784	Amillepora18883	1	1	1	1	100	100	NA	NA	100	100
chr6	2358741	2380761	Amillepora18885	11	3	0.2727272727272727	0.2727272727272727	27.272727272727273	0	46.70993664969137	14.083575804390607	100	0
chr6	2326727	2334597	Amillepora18881	3	0	0	0	0	0	0	0	0	0
chr6	2336591	2342488	Amillepora18882	6	0	0	0	0	0	0	0	0	0
chr6	2349498	2356913	Amillepora18884	2	1	0.5	0.5	50	50	70.71067811865476	50	100	0
chr6	2276316	2281732	Amillepora18878	12	0	0	0	0	0	0	0	0	0
chr6	2290477	2290839	Amillepora18879	1	0	0	0	0	0	NA	NA	0	0
chr6	2397564	2406424	Amillepora18889	1	1	1	1	100	100	NA	NA	100	100
chr6	2414898	2433653	Amillepora18892	5	4	0.8	0.8	80	100	44.721359549995796	20	100	0
chr6	2382571	2391280	Amillepora18886	4	4	1	1	100	100	0	0	100	100
chr6	2409261	2412442	Amillepora18891	1	0	0	0	0	0	NA	NA	0	0
chr6	2500268	2504861	Amillepora18895	5	0	0	0	0	0	0	0	0	0
chr6	2522751	2523263	Amillepora18896	1	0	0	0	0	0	NA	NA	0	0
chr6	2656948	2664650	Amillepora18902	1	0	0	0	0	0	NA	NA	0	0
chr6	2630929	2641814	Amillepora18900	3	2	0.6666666666666666	0.6666666666666666	66.66666666666667	100	57.73502691896258	33.333333333333336	100	0
chr6	2577264	2588938	Amillepora18897	2	1	0.5	0.5	50	50	70.71067811865476	50	100	0
chr6	2705944	2709759	Amillepora18906	1	0	0	0	0	0	NA	NA	0	0
chr6	2744683	2761713	Amillepora18907	14	3	0.21428571428571427	0.21428571428571427	21.428571428571427	0	42.581531362632006	11.380392954509878	100	0
chr6	2915357	2918468	Amillepora18919	1	0	0	0	0	0	NA	NA	0	0
chr6	3013590	3023351	Amillepora18923	8	0	0	0	0	0	0	0	0	0
chr6	3058629	3068446	Amillepora18926	5	1	0.2	0.2	20	0	44.721359549995796	20	100	0
chr6	3033363	3042183	Amillepora18924	8	0	0	0	0	0	0	0	0	0
chr6	2988524	3012807	Amillepora18922	17	1	0.058823529411764705	0.058823529411764705	5.882352941176471	0	24.253562503633297	5.88235294117647	100	0
chr6	3074475	3085138	Amillepora18927	8	1	0.125	0.125	12.5	0	35.35533905932738	12.5	100	0
chr6	3046097	3053865	Amillepora18925	16	0	0	0	0	0	0	0	0	0
chr6	3171779	3175334	Amillepora18938	1	0	0	0	0	0	NA	NA	0	0
chr6	3094996	3098472	Amillepora18930	3	0	0	0	0	0	0	0	0	0
chr6	3121537	3144375	Amillepora18935	25	0	0	0	0	0	0	0	0	0
chr6	3185302	3186048	Amillepora18940	2	0	0	0	0	0	0	0	0	0
chr6	3144754	3169268	Amillepora18937	23	1	0.043478260869565216	0.043478260869565216	4.3478260869565215	0	20.851441405707476	4.347826086956522	100	0
chr6	3098529	3099875	Amillepora18931	6	0	0	0	0	0	0	0	0	0
chr6	3116131	3121403	Amillepora18934	1	1	1	1	100	100	NA	NA	100	100
chr6	3101067	3103615	Amillepora18932	3	1	0.3333333333333333	0.3333333333333333	33.333333333333336	0	57.735026918962575	33.333333333333336	100	0
chr6	3194239	3205615	Amillepora18941	12	0	0	0	0	0	0	0	0	0
chr6	3266094	3268532	Amillepora18950	3	0	0	0	0	0	0	0	0	0
chr6	3240297	3245531	Amillepora18944	2	0	0	0	0	0	0	0	0	0
chr6	3255911	3258363	Amillepora18947	3	0	0	0	0	0	0	0	0	0
chr6	3223823	3236506	Amillepora18943	11	0	0	0	0	0	0	0	0	0
chr6	3208674	3214036	Amillepora18942	12	0	0	0	0	0	0	0	0	0
chr6	3251714	3252661	Amillepora18946	2	0	0	0	0	0	0	0	0	0
chr6	3272545	3276850	Amillepora18951	8	0	0	0	0	0	0	0	0	0
chr6	3263067	3265884	Amillepora18949	6	0	0	0	0	0	0	0	0	0
chr6	3307184	3322930	Amillepora18957	10	0	0	0	0	0	0	0	0	0
chr6	3330989	3349282	Amillepora18959	13	0	0	0	0	0	0	0	0	0
chr6	3356885	3368705	Amillepora18961	8	2	0.25	0.25	25	0	46.29100498862757	16.366341767699428	100	0
chr6	3322970	3330899	Amillepora18958	6	0	0	0	0	0	0	0	0	0
chr6	3348690	3355010	Amillepora18960	6	1	0.16666666666666666	0.16666666666666666	16.666666666666668	0	40.8248290463863	16.66666666666667	100	0
chr6	3287148	3292106	Amillepora18952	3	0	0	0	0	0	0	0	0	0
chr6	3399137	3412322	Amillepora18963	8	1	0.125	0.125	12.5	0	35.35533905932738	12.5	100	0
chr6	3456855	3463906	Amillepora18969	8	0	0	0	0	0	0	0	0	0
chr6	3435429	3441424	Amillepora18967	2	0	0	0	0	0	0	0	0	0
chr6	3452717	3454396	Amillepora18968	14	0	0	0	0	0	0	0	0	0
chr6	3572483	3576829	Amillepora18981	1	0	0	0	0	0	NA	NA	0	0
chr6	3479479	3486592	Amillepora18971	5	3	0.6	0.6	60	100	54.772255750516614	24.49489742783178	100	0
chr6	3492123	3499508	Amillepora18972	4	0	0	0	0	0	0	0	0	0
chr6	3561663	3569291	Amillepora18980	1	0	0	0	0	0	NA	NA	0	0
chr6	3530830	3537120	Amillepora18975	3	0	0	0	0	0	0	0	0	0
chr6	3550929	3560737	Amillepora18978	3	0	0	0	0	0	0	0	0	0
chr6	3644776	3646437	Amillepora18989	1	0	0	0	0	0	NA	NA	0	0
chr6	3785065	3787141	Amillepora19001	2	0	0	0	0	0	0	0	0	0
chr6	3756427	3777834	Amillepora18998	25	0	0	0	0	0	0	0	0	0
chr6	3736720	3740448	Amillepora18995	3	1	0.3333333333333333	0.3333333333333333	33.333333333333336	0	57.735026918962575	33.333333333333336	100	0
chr6	3741594	3742711	Amillepora18996	1	0	0	0	0	0	NA	NA	0	0
chr6	3657507	3659333	Amillepora18991	1	0	0	0	0	0	NA	NA	0	0
chr6	3877934	3880665	Amillepora19009	3	0	0	0	0	0	0	0	0	0
chr6	3871218	3876520	Amillepora19007	7	0	0	0	0	0	0	0	0	0
chr6	3868562	3870318	Amillepora19006	3	0	0	0	0	0	0	0	0	0
chr6	3857475	3865280	Amillepora19004	4	1	0.25	0.25	25	0	50	25	100	0
chr6	3865812	3867644	Amillepora19005	4	0	0	0	0	0	0	0	0	0
chr6	3881576	3884168	Amillepora19010	3	0	0	0	0	0	0	0	0	0
chr6	3795528	3843168	Amillepora19002	43	8	0.18604651162790697	0.18604651162790697	18.6046511627907	0	39.374961547907894	6.004625342957236	100	0
chr6	3884476	3887842	Amillepora19011	6	0	0	0	0	0	0	0	0	0
chr6	3923636	3928925	Amillepora19018	1	1	1	1	100	100	NA	NA	100	100
chr6	3934345	3956238	Amillepora19019	15	1	0.06666666666666667	0.06666666666666667	6.666666666666667	0	25.81988897471612	6.666666666666666	100	0
chr6	3889067	3907160	Amillepora19012	5	3	0.6	0.6	60	100	54.772255750516614	24.49489742783178	100	0
chr6	3916126	3918624	Amillepora19016	1	0	0	0	0	0	NA	NA	0	0
chr6	3956670	3961722	Amillepora19020	15	0	0	0	0	0	0	0	0	0
chr6	3890949	3907735	Amillepora19013	6	3	0.5	0.5	50	50	54.772255750516614	22.3606797749979	100	0
chr6	3993695	3996424	Amillepora19022	7	0	0	0	0	0	0	0	0	0
chr6	4030563	4036462	Amillepora19027	11	0	0	0	0	0	0	0	0	0
chr6	4020108	4030450	Amillepora19025	8	1	0.125	0.125	12.5	0	35.35533905932738	12.5	100	0
chr6	3968916	3982188	Amillepora19021	3	2	0.6666666666666666	0.6666666666666666	66.66666666666667	100	57.735026918962575	33.333333333333336	100	0
chr6	3996099	4016794	Amillepora19023	24	1	0.041666666666666664	0.041666666666666664	4.166666666666667	0	20.412414523193156	4.166666666666668	100	0
chr6	4041214	4056978	Amillepora19028	37	0	0	0	0	0	0	0	0	0
chr6	4095666	4099934	Amillepora19030	2	1	0.5	0.5	50	50	70.71067811865476	50	100	0
chr6	4184404	4186482	Amillepora19038	8	0	0	0	0	0	0	0	0	0
chr6	4107557	4128095	Amillepora19033	12	6	0.5	0.5	50	50	52.223296786709355	15.075567228888183	100	0
chr6	4136156	4140706	Amillepora19035	1	0	0	0	0	0	NA	NA	0	0
chr6	4132108	4135496	Amillepora19034	5	2	0.4	0.4	40	0	54.772255750516614	24.49489742783178	100	0
chr6	4180644	4182709	Amillepora19037	4	0	0	0	0	0	0	0	0	0
chr6	4059346	4095593	Amillepora19029	29	3	0.10344827586206896	0.10344827586206896	10.344827586206897	0	30.993404669460347	5.755330761353656	100	0
chr6	4145775	4171246	Amillepora19036	12	4	0.3333333333333333	0.3333333333333333	33.333333333333336	0	49.23659639173309	14.213381090374028	100	0
chr6	4255232	4274132	Amillepora19044	26	2	0.07692307692307693	0.07692307692307693	7.6923076923076925	0	27.1746488194703	5.329387100211931	100	0
chr6	4221611	4229547	Amillepora19042	7	4	0.5714285714285714	0.5714285714285714	57.142857142857146	100	53.45224838248488	20.203050891044217	100	0
chr6	4215571	4221616	Amillepora19041	1	0	0	0	0	0	NA	NA	0	0
chr6	4276342	4282796	Amillepora19045	1	0	0	0	0	0	NA	NA	0	0
chr6	4236209	4238562	Amillepora19043	5	0	0	0	0	0	0	0	0	0
chr6	4196556	4213498	Amillepora19040	24	3	0.125	0.125	12.5	0	33.78319623460881	6.89596605459213	100	0
chr6	4184902	4196462	Amillepora19039	12	3	0.25	0.25	25	0	45.22670168666454	13.055824196677337	100	0
chr6	4312876	4319653	Amillepora19051	12	0	0	0	0	0	0	0	0	0
chr6	4302612	4305689	Amillepora19049	5	0	0	0	0	0	0	0	0	0
chr6	4357733	4358308	Amillepora19055	2	0	0	0	0	0	0	0	0	0
chr6	4325701	4326384	Amillepora19052	3	0	0	0	0	0	0	0	0	0
chr6	4286531	4292044	Amillepora19048	2	0	0	0	0	0	0	0	0	0
chr6	4338933	4341017	Amillepora19053	5	0	0	0	0	0	0	0	0	0
chr6	4379636	4380243	Amillepora19057	1	0	0	0	0	0	NA	NA	0	0
chr6	4380567	4382017	Amillepora19058	1	0	0	0	0	0	NA	NA	0	0
chr6	4428282	4437048	Amillepora19062	18	0	0	0	0	0	0	0	0	0
chr6	4459852	4467230	Amillepora19063	7	0	0	0	0	0	0	0	0	0
chr6	4412682	4425920	Amillepora19061	16	0	0	0	0	0	0	0	0	0
chr6	4386499	4409056	Amillepora19059	17	0	0	0	0	0	0	0	0	0
chr6	4539265	4553471	Amillepora19066	11	1	0.09090909090909091	0.09090909090909091	9.090909090909092	0	30.151134457776358	9.09090909090909	100	0
chr6	4559693	4567874	Amillepora19067	12	1	0.08333333333333333	0.08333333333333333	8.333333333333334	0	28.86751345948129	8.333333333333334	100	0
chr6	4517581	4519171	Amillepora19065	4	2	0.5	0.5	50	50	57.735026918962575	28.867513459481287	100	0
chr6	4511161	4517379	Amillepora19064	9	0	0	0	0	0	0	0	0	0
chr6	4620457	4629096	Amillepora19073	1	0	0	0	0	0	NA	NA	0	0
chr6	4593374	4598042	Amillepora19068	2	0	0	0	0	0	0	0	0	0
chr6	4660774	4682923	Amillepora19074	7	1	0.14285714285714285	0.14285714285714285	14.285714285714286	0	37.79644730092272	14.285714285714285	100	0
chr6	4709321	4732458	Amillepora19075	10	1	0.1	0.1	10	0	31.622776601683793	10	100	0
chr6	4742115	4746414	Amillepora19076	3	0	0	0	0	0	0	0	0	0
chr6	4772792	4789544	Amillepora19077	13	0	0	0	0	0	0	0	0	0
chr6	4790598	4811317	Amillepora19079	14	1	0.07142857142857142	0.07142857142857142	7.142857142857143	0	26.72612419124244	7.142857142857143	100	0
chr6	4801655	4825511	Amillepora19081	16	0	0	0	0	0	0	0	0	0
chr6	4827220	4849029	Amillepora19082	22	1	0.045454545454545456	0.045454545454545456	4.545454545454546	0	21.320071635561042	4.545454545454545	100	0
chr6	4918414	4922859	Amillepora19088	1	1	1	1	100	100	NA	NA	100	100
chr6	4853313	4867971	Amillepora19083	23	0	0	0	0	0	0	0	0	0
chr6	4938335	4959029	Amillepora19092	7	3	0.42857142857142855	0.42857142857142855	42.857142857142854	0	53.452248382484875	20.203050891044217	100	0
chr6	4892158	4898437	Amillepora19085	4	0	0	0	0	0	0	0	0	0
chr6	4902934	4918293	Amillepora19087	12	2	0.16666666666666666	0.16666666666666666	16.666666666666668	0	38.92494720807615	11.236664374387368	100	0
chr6	4924950	4938288	Amillepora19089	8	4	0.5	0.5	50	50	53.45224838248488	18.89822365046136	100	0
chr6	4871240	4890205	Amillepora19084	9	1	0.1111111111111111	0.1111111111111111	11.11111111111111	0	33.333333333333336	11.111111111111112	100	0
chr6	4964688	4974252	Amillepora19095	12	0	0	0	0	0	0	0	0	0
chr6	4899477	4901225	Amillepora19086	1	0	0	0	0	0	NA	NA	0	0
chr6	5007745	5015537	Amillepora19099	7	3	0.42857142857142855	0.42857142857142855	42.857142857142854	0	53.452248382484875	20.203050891044217	100	0
chr6	5038735	5085212	Amillepora19104	27	6	0.2222222222222222	0.2222222222222222	22.22222222222222	0	42.36592728681617	8.153326507837141	100	0
chr6	4996263	4998271	Amillepora19098	2	0	0	0	0	0	0	0	0	0
chr6	4990828	4996259	Amillepora19097	3	0	0	0	0	0	0	0	0	0
chr6	5102668	5103756	Amillepora19110	1	0	0	0	0	0	NA	NA	0	0
chr6	5139079	5144214	Amillepora19122	2	0	0	0	0	0	0	0	0	0
chr6	5115720	5119642	Amillepora19113	1	0	0	0	0	0	NA	NA	0	0
chr6	5090078	5092366	Amillepora19109	43	0	0	0	0	0	0	0	0	0
chr6	5184217	5193126	Amillepora19132	9	0	0	0	0	0	0	0	0	0
chr6	5196735	5235531	Amillepora19135	23	9	0.391304347826087	0.391304347826087	39.130434782608695	0	49.90108793478454	10.405096111532162	100	0
chr6	5250105	5264932	Amillepora19140	7	3	0.42857142857142855	0.42857142857142855	42.857142857142854	0	53.452248382484875	20.203050891044217	100	0
chr6	5244278	5250047	Amillepora19139	10	1	0.1	0.1	10	0	31.622776601683793	10	100	0
chr6	5237319	5238146	Amillepora19137	5	0	0	0	0	0	0	0	0	0
chr6	5194068	5204464	Amillepora19134	19	7	0.3684210526315789	0.3684210526315789	36.8421052631579	0	49.55946277833521	11.369720523522561	100	0
chr6	5275794	5281240	Amillepora19143	5	0	0	0	0	0	0	0	0	0
chr6	5269758	5274192	Amillepora19142	4	0	0	0	0	0	0	0	0	0
chr6	5342378	5351234	Amillepora19146	14	0	0	0	0	0	0	0	0	0
chr6	5369356	5371384	Amillepora19147	1	0	0	0	0	0	NA	NA	0	0
chr6	5300903	5310027	Amillepora19144	14	0	0	0	0	0	0	0	0	0
chr6	5376254	5385187	Amillepora19149	13	0	0	0	0	0	0	0	0	0
chr6	5322721	5327400	Amillepora19145	2	0	0	0	0	0	0	0	0	0
chr6	5371399	5371855	Amillepora19148	2	0	0	0	0	0	0	0	0	0
chr6	5411184	5440601	Amillepora19152	23	3	0.13043478260869565	0.13043478260869565	13.043478260869565	0	34.4350221575091	7.180198468215396	100	0
chr6	5473191	5476505	Amillepora19156	3	0	0	0	0	0	0	0	0	0
chr6	5443060	5454517	Amillepora19154	3	0	0	0	0	0	0	0	0	0
chr6	5464289	5470371	Amillepora19155	6	0	0	0	0	0	0	0	0	0
chr6	5396648	5419949	Amillepora19151	22	2	0.09090909090909091	0.09090909090909091	9.090909090909092	0	29.42449431682498	6.273323266748674	100	0
chr6	5481082	5485452	Amillepora19157	7	0	0	0	0	0	0	0	0	0
chr6	5492304	5501310	Amillepora19158	8	0	0	0	0	0	0	0	0	0
chr6	5507896	5510781	Amillepora19160	1	0	0	0	0	0	NA	NA	0	0
chr6	5572370	5576138	Amillepora19161	2	0	0	0	0	0	0	0	0	0
chr6	5586553	5589855	Amillepora19162	6	0	0	0	0	0	0	0	0	0
chr6	5632102	5633067	Amillepora19164	2	0	0	0	0	0	0	0	0	0
chr6	5682320	5688461	Amillepora19169	1	0	0	0	0	0	NA	NA	0	0
chr6	5653365	5654078	Amillepora19167	1	0	0	0	0	0	NA	NA	0	0
chr6	5619610	5623869	Amillepora19163	1	0	0	0	0	0	NA	NA	0	0
chr6	5661086	5665663	Amillepora19168	4	1	0.25	0.25	25	0	50	25	100	0
chr6	5644192	5645429	Amillepora19165	4	0	0	0	0	0	0	0	0	0
chr6	5761748	5763664	Amillepora19178	6	3	0.5	0.5	50	50	54.772255750516614	22.3606797749979	100	0
chr6	5766468	5770673	Amillepora19179	11	0	0	0	0	0	0	0	0	0
chr6	5732949	5739890	Amillepora19175	5	2	0.4	0.4	40	0	54.772255750516614	24.49489742783178	100	0
chr6	5740514	5755467	Amillepora19176	16	1	0.0625	0.0625	6.25	0	25	6.25	100	0
chr6	5693451	5695505	Amillepora19170	1	0	0	0	0	0	NA	NA	0	0
chr6	5755539	5759053	Amillepora19177	2	2	1	1	100	100	0	0	100	100
chr6	5775646	5779078	Amillepora19180	5	0	0	0	0	0	0	0	0	0
chr6	5792636	5799896	Amillepora19183	3	0	0	0	0	0	0	0	0	0
chr6	5787744	5788332	Amillepora19182	3	0	0	0	0	0	0	0	0	0
chr6	5874157	5879615	Amillepora19189	5	0	0	0	0	0	0	0	0	0
chr6	5973697	5984696	Amillepora19195	4	1	0.25	0.25	25	0	50	25	100	0
chr6	5833965	5844128	Amillepora19184	11	0	0	0	0	0	0	0	0	0
chr6	5845640	5852170	Amillepora19185	3	0	0	0	0	0	0	0	0	0
chr6	5852333	5861683	Amillepora19187	7	0	0	0	0	0	0	0	0	0
chr6	5887903	5914746	Amillepora19190	25	2	0.08	0.08	8	0	27.688746209726915	5.537749241945383	100	0
chr6	6076909	6082901	Amillepora19203	6	3	0.5	0.5	50	50	54.772255750516614	22.3606797749979	100	0
chr6	6049647	6051806	Amillepora19202	2	0	0	0	0	0	0	0	0	0
chr6	6019182	6021179	Amillepora19200	5	1	0.2	0.2	20	0	44.721359549995796	20	100	0
chr6	6004452	6012480	Amillepora19199	3	2	0.6666666666666666	0.6666666666666666	66.66666666666667	100	57.73502691896258	33.333333333333336	100	0
chr6	6000775	6001315	Amillepora19197	1	1	1	1	100	100	NA	NA	100	100
chr6	6144388	6170666	Amillepora19205	29	3	0.10344827586206896	0.10344827586206896	10.344827586206897	0	30.99340466946035	5.755330761353656	100	0
chr6	6119264	6124126	Amillepora19204	3	2	0.6666666666666666	0.6666666666666666	66.66666666666667	100	57.73502691896258	33.333333333333336	100	0
chr6	6192204	6215159	Amillepora19208	26	1	0.038461538461538464	0.038461538461538464	3.8461538461538463	0	19.611613513818384	3.8461538461538467	100	0
chr6	6228908	6252930	Amillepora19209	28	0	0	0	0	0	0	0	0	0
chr6	6254345	6279887	Amillepora19213	36	0	0	0	0	0	0	0	0	0
chr6	6327600	6337117	Amillepora19217	16	0	0	0	0	0	0	0	0	0
chr6	6348164	6354008	Amillepora19219	4	0	0	0	0	0	0	0	0	0
chr6	6301728	6302159	Amillepora19216	1	0	0	0	0	0	NA	NA	0	0
chr6	6337788	6347895	Amillepora19218	13	1	0.07692307692307693	0.07692307692307693	7.6923076923076925	0	27.735009811261456	7.6923076923076925	100	0
chr6	6361284	6367614	Amillepora19223	9	0	0	0	0	0	0	0	0	0
chr6	6290185	6290627	Amillepora19215	2	0	0	0	0	0	0	0	0	0
chr6	6412562	6431922	Amillepora19225	21	1	0.047619047619047616	0.047619047619047616	4.761904761904762	0	21.821789023599244	4.761904761904762	100	0
chr6	6383726	6390279	Amillepora19224	4	1	0.25	0.25	25	0	50	25	100	0
chr6	6442055	6456728	Amillepora19228	2	2	1	1	100	100	0	0	100	100
chr6	6534798	6537371	Amillepora19235	1	1	1	1	100	100	NA	NA	100	100
chr6	6572493	6577246	Amillepora19239	9	0	0	0	0	0	0	0	0	0
chr6	6556248	6560385	Amillepora19237	3	2	0.6666666666666666	0.6666666666666666	66.66666666666667	100	57.73502691896258	33.333333333333336	100	0
chr6	6517898	6521405	Amillepora19233	2	0	0	0	0	0	0	0	0	0
chr6	6538215	6548900	Amillepora19236	4	3	0.75	0.75	75	100	50	25	100	0
chr6	6432051	6464017	Amillepora19227	27	2	0.07407407407407407	0.07407407407407407	7.407407407407407	0	26.688025634181187	5.13611292801138	100	0
chr6	6464225	6489787	Amillepora19229	28	1	0.03571428571428571	0.03571428571428571	3.5714285714285716	0	18.898223650461343	3.571428571428571	100	0
chr6	6530055	6530714	Amillepora19234	1	0	0	0	0	0	NA	NA	0	0
chr6	6589523	6608566	Amillepora19241	6	2	0.3333333333333333	0.3333333333333333	33.333333333333336	0	51.63977794943222	21.081851067789195	100	0
chr6	6639945	6640514	Amillepora19248	1	0	0	0	0	0	NA	NA	0	0
chr6	6610205	6615494	Amillepora19244	3	1	0.3333333333333333	0.3333333333333333	33.333333333333336	0	57.735026918962575	33.333333333333336	100	0
chr6	6628240	6633704	Amillepora19246	2	0	0	0	0	0	0	0	0	0
chr6	6664273	6671542	Amillepora19249	9	2	0.2222222222222222	0.2222222222222222	22.22222222222222	0	44.09585518440984	14.698618394803281	100	0
chr6	6609081	6609485	Amillepora19243	1	0	0	0	0	0	NA	NA	0	0
chr6	6616176	6623059	Amillepora19245	10	3	0.3	0.3	30	0	48.3045891539648	15.275252316519467	100	0
chr6	6634579	6657308	Amillepora19247	28	5	0.17857142857142858	0.17857142857142858	17.857142857142858	0	39.002102778747975	7.3707046115105985	100	0
chr6	6577961	6589485	Amillepora19240	8	1	0.125	0.125	12.5	0	35.35533905932738	12.5	100	0
chr6	6682498	6752412	Amillepora19250	74	1	0.013513513513513514	0.013513513513513514	1.3513513513513513	0	11.624763874381925	1.3513513513513513	100	0
chr6	6753281	6775105	Amillepora19252	20	0	0	0	0	0	0	0	0	0
chr6	6802311	6807698	Amillepora19257	3	0	0	0	0	0	0	0	0	0
chr6	6822920	6830252	Amillepora19258	8	0	0	0	0	0	0	0	0	0
chr6	6794044	6797699	Amillepora19256	1	0	0	0	0	0	NA	NA	0	0
chr6	6897406	6898572	Amillepora19261	2	1	0.5	0.5	50	50	70.71067811865476	50	100	0
chr6	6979252	6986272	Amillepora19269	10	2	0.2	0.2	20	0	42.16370213557839	13.333333333333332	100	0
chr6	6932777	6942286	Amillepora19265	3	2	0.6666666666666666	0.6666666666666666	66.66666666666667	100	57.73502691896258	33.333333333333336	100	0
chr6	6964900	6966072	Amillepora19267	1	0	0	0	0	0	NA	NA	0	0
chr6	6966551	6972475	Amillepora19268	3	0	0	0	0	0	0	0	0	0
chr6	6913017	6926985	Amillepora19262	12	1	0.08333333333333333	0.08333333333333333	8.333333333333334	0	28.867513459481298	8.333333333333334	100	0
chr6	7044627	7053983	Amillepora19272	10	0	0	0	0	0	0	0	0	0
chr6	6990271	7000260	Amillepora19270	13	0	0	0	0	0	0	0	0	0
chr6	7058690	7065286	Amillepora19273	12	0	0	0	0	0	0	0	0	0
chr6	7017291	7031177	Amillepora19271	12	0	0	0	0	0	0	0	0	0
chr6	7154766	7160822	Amillepora19282	9	2	0.2222222222222222	0.2222222222222222	22.22222222222222	0	44.09585518440984	14.698618394803281	100	0
chr6	7092423	7097874	Amillepora19275	4	0	0	0	0	0	0	0	0	0
chr6	7171854	7182011	Amillepora19283	13	0	0	0	0	0	0	0	0	0
chr6	7130297	7134071	Amillepora19280	2	1	0.5	0.5	50	50	70.71067811865476	50	100	0
chr6	7135684	7141902	Amillepora19281	5	0	0	0	0	0	0	0	0	0
chr6	7125561	7127967	Amillepora19279	7	0	0	0	0	0	0	0	0	0
chr6	7210745	7211089	Amillepora19288	3	0	0	0	0	0	0	0	0	0
chr6	7249091	7250769	Amillepora19290	1	0	0	0	0	0	NA	NA	0	0
chr6	7254245	7257397	Amillepora19291	1	0	0	0	0	0	NA	NA	0	0
chr6	7186287	7200328	Amillepora19284	14	0	0	0	0	0	0	0	0	0
chr6	7236616	7239185	Amillepora19289	3	0	0	0	0	0	0	0	0	0
chr6	7356789	7358146	Amillepora19296	2	1	0.5	0.5	50	50	70.71067811865476	50	100	0
chr6	7358176	7360075	Amillepora19297	2	0	0	0	0	0	0	0	0	0
chr6	7303486	7304133	Amillepora19293	1	0	0	0	0	0	NA	NA	0	0
chr6	7416194	7417648	Amillepora19301	2	0	0	0	0	0	0	0	0	0
chr6	7386816	7391918	Amillepora19300	9	3	0.3333333333333333	0.3333333333333333	33.333333333333336	0	50	16.666666666666668	100	0
chr6	7507753	7512632	Amillepora19310	2	0	0	0	0	0	0	0	0	0
chr6	7535809	7536898	Amillepora19312	2	0	0	0	0	0	0	0	0	0
chr6	7557645	7560220	Amillepora19313	2	0	0	0	0	0	0	0	0	0
chr6	7652570	7662196	Amillepora19324	11	1	0.09090909090909091	0.09090909090909091	9.090909090909092	0	30.15113445777636	9.09090909090909	100	0
chr6	7642806	7647380	Amillepora19322	4	0	0	0	0	0	0	0	0	0
chr6	7601624	7611458	Amillepora19319	5	1	0.2	0.2	20	0	44.721359549995796	20	100	0
chr6	7635213	7637416	Amillepora19321	1	0	0	0	0	0	NA	NA	0	0
chr6	7649703	7650737	Amillepora19323	2	0	0	0	0	0	0	0	0	0
chr6	7612228	7623769	Amillepora19320	12	0	0	0	0	0	0	0	0	0
chr6	7585491	7600210	Amillepora19316	16	0	0	0	0	0	0	0	0	0
chr6	7662275	7674198	Amillepora19325	20	1	0.05	0.05	5	0	22.360679774997898	5	100	0
chr6	7704322	7723033	Amillepora19329	32	2	0.0625	0.0625	6.25	0	24.593468841898236	4.3475521477515775	100	0
chr6	7726988	7736455	Amillepora19331	4	0	0	0	0	0	0	0	0	0
chr6	7750430	7751293	Amillepora19334	3	0	0	0	0	0	0	0	0	0
chr6	7675369	7691463	Amillepora19327	11	2	0.18181818181818182	0.18181818181818182	18.181818181818183	0	40.45199174779453	12.196734422726125	100	0
chr6	7754786	7769618	Amillepora19335	24	3	0.125	0.125	12.5	0	33.78319623460881	6.89596605459213	100	0
chr6	7806499	7809844	Amillepora19340	9	0	0	0	0	0	0	0	0	0
chr6	7802097	7804611	Amillepora19339	5	0	0	0	0	0	0	0	0	0
chr6	7836533	7864638	Amillepora19343	20	2	0.1	0.1	10	0	30.779350562554622	6.882472016116853	100	0
chr6	7779308	7793480	Amillepora19338	11	1	0.09090909090909091	0.09090909090909091	9.090909090909092	0	30.15113445777636	9.09090909090909	100	0
chr6	7866112	7870466	Amillepora19344	4	0	0	0	0	0	0	0	0	0
chr6	7819532	7832872	Amillepora19342	16	1	0.0625	0.0625	6.25	0	25	6.25	100	0
chr6	7817121	7818897	Amillepora19341	3	0	0	0	0	0	0	0	0	0
chr6	7880158	7896935	Amillepora19345	8	7	0.875	0.875	87.5	100	35.35533905932738	12.5	100	0
chr6	7903761	7916275	Amillepora19347	5	2	0.4	0.4	40	0	54.772255750516614	24.49489742783178	100	0
chr6	7898504	7900743	Amillepora19346	1	1	1	1	100	100	NA	NA	100	100
chr6	7936579	7938681	Amillepora19350	1	1	1	1	100	100	NA	NA	100	100
chr6	8023349	8043931	Amillepora19359	11	2	0.18181818181818182	0.18181818181818182	18.181818181818183	0	40.45199174779453	12.196734422726125	100	0
chr6	7959332	7959770	Amillepora19355	1	1	1	1	100	100	NA	NA	100	100
chr6	8101099	8105078	Amillepora19363	1	0	0	0	0	0	NA	NA	0	0
chr6	8099021	8100371	Amillepora19362	4	0	0	0	0	0	0	0	0	0
chr6	8113330	8117801	Amillepora19365	7	1	0.14285714285714285	0.14285714285714285	14.285714285714286	0	37.79644730092272	14.285714285714285	100	0
chr6	8083701	8087055	Amillepora19361	4	1	0.25	0.25	25	0	50	25	100	0
chr6	8046272	8082331	Amillepora19360	35	5	0.14285714285714285	0.14285714285714285	14.285714285714286	0	35.50358012483632	6.001200360120041	100	0
chr6	8119086	8133677	Amillepora19366	7	2	0.2857142857142857	0.2857142857142857	28.571428571428573	0	48.79500364742666	18.442777839082936	100	0
chr6	8135920	8160087	Amillepora19368	19	1	0.05263157894736842	0.05263157894736842	5.2631578947368425	0	22.941573387056184	5.263157894736841	100	0
chr6	8105662	8111858	Amillepora19364	2	0	0	0	0	0	0	0	0	0
chr6	8201758	8208537	Amillepora19375	1	1	1	1	100	100	NA	NA	100	100
chr6	8182896	8184839	Amillepora19372	3	2	0.6666666666666666	0.6666666666666666	66.66666666666667	100	57.73502691896258	33.333333333333336	100	0
chr6	8213754	8231993	Amillepora19377	9	6	0.6666666666666666	0.6666666666666666	66.66666666666667	100	50	16.666666666666668	100	0
chr6	8277787	8281515	Amillepora19382	8	0	0	0	0	0	0	0	0	0
chr6	8254466	8261455	Amillepora19379	17	1	0.058823529411764705	0.058823529411764705	5.882352941176471	0	24.253562503633294	5.88235294117647	100	0
chr6	8193015	8200254	Amillepora19373	7	1	0.14285714285714285	0.14285714285714285	14.285714285714286	0	37.79644730092272	14.285714285714285	100	0
chr6	8208543	8213582	Amillepora19376	2	2	1	1	100	100	0	0	100	100
chr6	8235730	8245149	Amillepora19378	10	0	0	0	0	0	0	0	0	0
chr6	8265503	8272440	Amillepora19380	17	0	0	0	0	0	0	0	0	0
chr6	8176772	8188907	Amillepora19371	10	5	0.5	0.5	50	50	52.70462766947299	16.666666666666668	100	0
chr6	8161114	8168663	Amillepora19370	11	1	0.09090909090909091	0.09090909090909091	9.090909090909092	0	30.151134457776358	9.09090909090909	100	0
chr6	8286772	8297156	Amillepora19383	10	1	0.1	0.1	10	0	31.622776601683793	10	100	0
chr6	8300231	8300797	Amillepora19384	3	0	0	0	0	0	0	0	0	0
chr6	8320586	8324107	Amillepora19386	4	0	0	0	0	0	0	0	0	0
chr6	8342584	8348113	Amillepora19387	6	2	0.3333333333333333	0.3333333333333333	33.333333333333336	0	51.63977794943222	21.081851067789195	100	0
chr6	8302939	8313731	Amillepora19385	8	0	0	0	0	0	0	0	0	0
chr6	8349716	8422782	Amillepora19388	67	9	0.13432835820895522	0.13432835820895522	13.432835820895523	0	34.35784233206533	4.197478506989964	100	0
chr6	8440320	8452968	Amillepora19392	8	3	0.375	0.375	37.5	0	51.75491695067657	18.298126367784995	100	0
chr6	8424368	8435808	Amillepora19391	17	1	0.058823529411764705	0.058823529411764705	5.882352941176471	0	24.2535625036333	5.88235294117647	100	0
chr6	8623754	8625480	Amillepora19406	1	0	0	0	0	0	NA	NA	0	0
chr6	8638953	8640404	Amillepora19409	1	0	0	0	0	0	NA	NA	0	0
chr6	8611228	8616464	Amillepora19405	2	0	0	0	0	0	0	0	0	0
chr6	8566673	8567817	Amillepora19395	1	0	0	0	0	0	NA	NA	0	0
chr6	8756951	8770689	Amillepora19418	4	2	0.5	0.5	50	50	57.735026918962575	28.867513459481287	100	0
chr6	8719400	8724333	Amillepora19417	2	0	0	0	0	0	0	0	0	0
chr6	8712229	8714113	Amillepora19413	3	0	0	0	0	0	0	0	0	0
chr6	8848503	8853372	Amillepora19424	11	0	0	0	0	0	0	0	0	0
chr6	8867740	8870353	Amillepora19425	3	0	0	0	0	0	0	0	0	0
chr6	8805356	8809586	Amillepora19422	3	0	0	0	0	0	0	0	0	0
chr6	8886774	8888134	Amillepora19427	2	0	0	0	0	0	0	0	0	0
chr6	8793167	8801869	Amillepora19420	3	0	0	0	0	0	0	0	0	0
chr6	8873500	8881614	Amillepora19426	8	2	0.25	0.25	25	0	46.29100498862757	16.366341767699428	100	0
chr6	8892192	8894275	Amillepora19428	3	2	0.6666666666666666	0.6666666666666666	66.66666666666667	100	57.735026918962575	33.333333333333336	100	0
chr6	8950133	8956228	Amillepora19435	5	0	0	0	0	0	0	0	0	0
chr6	8892192	8902554	Amillepora19429	5	3	0.6	0.6	60	100	54.772255750516614	24.49489742783178	100	0
chr6	8923477	8932441	Amillepora19433	1	1	1	1	100	100	NA	NA	100	100
chr6	8998279	9003158	Amillepora19436	2	0	0	0	0	0	0	0	0	0
chr6	9043763	9054964	Amillepora19440	18	2	0.1111111111111111	0.1111111111111111	11.11111111111111	0	32.33808333817771	7.622159339667059	100	0
chr6	9125695	9134417	Amillepora19448	3	0	0	0	0	0	0	0	0	0
chr6	9089793	9095522	Amillepora19444	8	0	0	0	0	0	0	0	0	0
chr6	9138307	9141735	Amillepora19449	2	0	0	0	0	0	0	0	0	0
chr6	9111625	9125732	Amillepora19447	8	3	0.375	0.375	37.5	0	51.75491695067657	18.298126367784995	100	0
chr6	9097398	9104609	Amillepora19445	11	0	0	0	0	0	0	0	0	0
chr6	9076059	9088369	Amillepora19443	12	0	0	0	0	0	0	0	0	0
chr6	9184640	9200813	Amillepora19452	16	0	0	0	0	0	0	0	0	0
chr6	9216767	9230051	Amillepora19453	13	1	0.07692307692307693	0.07692307692307693	7.6923076923076925	0	27.735009811261456	7.6923076923076925	100	0
chr6	9237761	9256693	Amillepora19454	20	0	0	0	0	0	0	0	0	0
chr6	9259986	9287107	Amillepora19455	24	3	0.125	0.125	12.5	0	33.78319623460881	6.89596605459213	100	0
chr6	9380821	9385837	Amillepora19467	2	0	0	0	0	0	0	0	0	0
chr6	9360323	9366099	Amillepora19464	11	0	0	0	0	0	0	0	0	0
chr6	9336265	9341333	Amillepora19460	11	0	0	0	0	0	0	0	0	0
chr6	9374067	9375786	Amillepora19466	2	0	0	0	0	0	0	0	0	0
chr6	9322020	9335930	Amillepora19458	8	1	0.125	0.125	12.5	0	35.35533905932738	12.5	100	0
chr6	9367208	9380742	Amillepora19465	8	1	0.125	0.125	12.5	0	35.35533905932738	12.5	100	0
chr6	9310135	9318898	Amillepora19457	4	2	0.5	0.5	50	50	57.735026918962575	28.867513459481287	100	0
chr6	9344584	9355458	Amillepora19461	12	0	0	0	0	0	0	0	0	0
chr6	9287783	9292556	Amillepora19456	4	1	0.25	0.25	25	0	50	25	100	0
chr6	9400083	9421512	Amillepora19469	20	0	0	0	0	0	0	0	0	0
chr6	9472732	9477367	Amillepora19475	5	0	0	0	0	0	0	0	0	0
chr6	9456514	9461095	Amillepora19472	3	0	0	0	0	0	0	0	0	0
chr6	9451387	9454815	Amillepora19471	3	0	0	0	0	0	0	0	0	0
chr6	9481332	9483960	Amillepora19477	2	0	0	0	0	0	0	0	0	0
chr6	9421652	9423412	Amillepora19470	5	0	0	0	0	0	0	0	0	0
chr6	9387294	9399861	Amillepora19468	8	0	0	0	0	0	0	0	0	0
chr6	9502646	9509743	Amillepora19480	6	0	0	0	0	0	0	0	0	0
chr6	9513872	9535458	Amillepora19482	18	0	0	0	0	0	0	0	0	0
chr6	9498162	9502622	Amillepora19479	3	0	0	0	0	0	0	0	0	0
chr6	9510077	9512006	Amillepora19481	2	0	0	0	0	0	0	0	0	0
chr6	9566415	9569088	Amillepora19488	2	0	0	0	0	0	0	0	0	0
chr6	9553746	9559366	Amillepora19487	4	0	0	0	0	0	0	0	0	0
chr6	9539877	9550110	Amillepora19484	6	0	0	0	0	0	0	0	0	0
chr6	9536305	9539231	Amillepora19483	2	1	0.5	0.5	50	50	70.71067811865476	50	100	0
chr6	9606767	9609453	Amillepora19493	4	0	0	0	0	0	0	0	0	0
chr6	9615550	9616415	Amillepora19494	2	0	0	0	0	0	0	0	0	0
chr6	9664004	9677417	Amillepora19496	11	2	0.18181818181818182	0.16666666666666666	18.181818181818183	0	40.45199174779453	12.196734422726125	100	0
chr6	9714788	9716022	Amillepora19501	3	0	0	0	0	0	0	0	0	0
chr6	9731976	9756855	Amillepora19504	12	0	0	0	0	0	0	0	0	0
chr6	9681926	9689831	Amillepora19497	2	0	0	0	0	0	0	0	0	0
chr6	9705670	9714717	Amillepora19500	5	2	0.4	0.4	40	0	54.772255750516614	24.49489742783178	100	0
chr6	9868696	9871055	Amillepora19517	4	0	0	0	0	0	0	0	0	0
chr6	9827589	9836779	Amillepora19512	7	2	0.2857142857142857	0.2857142857142857	28.571428571428573	0	48.79500364742666	18.442777839082936	100	0
chr6	9783517	9789136	Amillepora19508	3	1	0.3333333333333333	0.3333333333333333	33.333333333333336	0	57.735026918962575	33.333333333333336	100	0
chr6	9762956	9778532	Amillepora19505	10	1	0.1	0.1	10	0	31.622776601683793	10	100	0
chr6	9780062	9783334	Amillepora19507	1	1	1	1	100	100	NA	NA	100	100
chr6	9809984	9819276	Amillepora19511	2	0	0	0	0	0	0	0	0	0
chr6	9839558	9853053	Amillepora19514	13	1	0.07692307692307693	0.07692307692307693	7.6923076923076925	0	27.735009811261456	7.6923076923076925	100	0
chr6	9789289	9792454	Amillepora19509	1	1	1	1	100	100	NA	NA	100	100
chr6	9934159	9949510	Amillepora19525	9	3	0.3333333333333333	0.3333333333333333	33.333333333333336	0	50	16.666666666666668	100	0
chr6	9908711	9915819	Amillepora19521	1	0	0	0	0	0	NA	NA	0	0
chr6	9963558	9978521	Amillepora19527	8	0	0	0	0	0	0	0	0	0
chr6	9951624	9962177	Amillepora19526	10	2	0.2	0.2	20	0	42.16370213557839	13.333333333333332	100	0
chr6	9904750	9906316	Amillepora19519	1	0	0	0	0	0	NA	NA	0	0
chr6	9871437	9878970	Amillepora19518	1	0	0	0	0	0	NA	NA	0	0
chr6	9857637	9868624	Amillepora19515	9	1	0.1111111111111111	0.1111111111111111	11.11111111111111	0	33.333333333333336	11.111111111111112	100	0
chr6	9928720	9930018	Amillepora19524	3	0	0	0	0	0	0	0	0	0
chr6	9923307	9926508	Amillepora19523	5	0	0	0	0	0	0	0	0	0
chr6	10046565	10053847	Amillepora19533	4	3	0.75	0.75	75	100	50	25	100	0
chr6	9979285	10016363	Amillepora19528	58	1	0.017241379310344827	0.017241379310344827	1.7241379310344827	0	13.130643285972257	1.7241379310344829	100	0
chr6	10043998	10046425	Amillepora19532	1	0	0	0	0	0	NA	NA	0	0
chr6	10068235	10073257	Amillepora19538	4	3	0.75	0.75	75	100	50	25	100	0
chr6	10055176	10064127	Amillepora19537	1	1	1	1	100	100	NA	NA	100	100
chr6	10019364	10021736	Amillepora19529	4	1	0.25	0.25	25	0	50	25	100	0
chr6	10030512	10042736	Amillepora19531	10	4	0.4	0.4	40	0	51.63977794943222	16.329931618554518	100	0
chr6	10164174	10174275	Amillepora19546	15	0	0	0	0	0	0	0	0	0
chr6	10111057	10116272	Amillepora19541	4	0	0	0	0	0	0	0	0	0
chr6	10139026	10142147	Amillepora19545	1	0	0	0	0	0	NA	NA	0	0
chr6	10133996	10136384	Amillepora19544	4	0	0	0	0	0	0	0	0	0
chr6	10075934	10096209	Amillepora19539	14	2	0.14285714285714285	0.14285714285714285	14.285714285714286	0	36.31365196012815	9.705231721239393	100	0
chr6	10187949	10195096	Amillepora19548	1	0	0	0	0	0	NA	NA	0	0
chr6	10258989	10260159	Amillepora19559	1	1	1	1	100	100	NA	NA	100	100
chr6	10262754	10265494	Amillepora19560	4	0	0	0	0	0	0	0	0	0
chr6	10242887	10248550	Amillepora19557	2	1	0.5	0.5	50	50	70.71067811865476	50	100	0
chr6	10266553	10281080	Amillepora19561	13	0	0	0	0	0	0	0	0	0
chr6	10215717	10239752	Amillepora19555	21	3	0.14285714285714285	0.14285714285714285	14.285714285714286	0	35.856858280031815	7.824607964359516	100	0
chr6	10197891	10206855	Amillepora19550	2	0	0	0	0	0	0	0	0	0
chr6	10196984	10197553	Amillepora19549	1	0	0	0	0	0	NA	NA	0	0
chr6	10211002	10215241	Amillepora19553	7	0	0	0	0	0	0	0	0	0
chr6	10336158	10341520	Amillepora19569	4	1	0.25	0.25	25	0	50	25	100	0
chr6	10310857	10327926	Amillepora19564	13	0	0	0	0	0	0	0	0	0
chr6	10329175	10336023	Amillepora19565	3	0	0	0	0	0	0	0	0	0
chr6	10354522	10371925	Amillepora19572	27	2	0.07407407407407407	0.07407407407407407	7.407407407407407	0	26.688025634181184	5.13611292801138	100	0
chr6	10293449	10294432	Amillepora19563	1	0	0	0	0	0	NA	NA	0	0
chr6	10348197	10351062	Amillepora19570	6	0	0	0	0	0	0	0	0	0
chr6	10474427	10483004	Amillepora19585	1	0	0	0	0	0	NA	NA	0	0
chr6	10456493	10464723	Amillepora19584	18	1	0.05555555555555555	0.05555555555555555	5.555555555555555	0	23.570226039551578	5.555555555555556	100	0
chr6	10429042	10440712	Amillepora19581	13	3	0.23076923076923078	0.23076923076923078	23.076923076923077	0	43.85290096535146	12.162606385262997	100	0
chr6	10381179	10393923	Amillepora19574	10	1	0.1	0.1	10	0	31.622776601683793	10	100	0
chr6	10445923	10448284	Amillepora19582	1	0	0	0	0	0	NA	NA	0	0
chr6	10396203	10399522	Amillepora19575	5	0	0	0	0	0	0	0	0	0
chr6	10399627	10403001	Amillepora19576	7	0	0	0	0	0	0	0	0	0
chr6	10407902	10410143	Amillepora19578	3	1	0.3333333333333333	0.3333333333333333	33.333333333333336	0	57.735026918962575	33.333333333333336	100	0
chr6	10543544	10545013	Amillepora19592	11	1	0.09090909090909091	0.09090909090909091	9.090909090909092	0	30.15113445777636	9.09090909090909	100	0
chr6	10526704	10538487	Amillepora19590	21	0	0	0	0	0	0	0	0	0
chr6	10496505	10503381	Amillepora19587	6	0	0	0	0	0	0	0	0	0
chr6	10503666	10507941	Amillepora19588	5	0	0	0	0	0	0	0	0	0
chr6	10505396	10521423	Amillepora19589	14	1	0.07142857142857142	0.06666666666666667	7.142857142857143	0	26.72612419124244	7.142857142857143	100	0
chr6	10584210	10585844	Amillepora19596	1	0	0	0	0	0	NA	NA	0	0
chr6	10580318	10581429	Amillepora19595	4	0	0	0	0	0	0	0	0	0
chr6	10610182	10621404	Amillepora19598	6	0	0	0	0	0	0	0	0	0
chr6	10659986	10667534	Amillepora19601	7	1	0.14285714285714285	0.125	14.285714285714286	0	37.79644730092272	14.285714285714285	100	0
chr6	10669931	10697868	Amillepora19602	25	1	0.04	0.04	4	0	20	4	100	0
chr6	10796804	10802207	Amillepora19612	1	0	0	0	0	0	NA	NA	0	0
chr6	10827518	10829197	Amillepora19613	7	0	0	0	0	0	0	0	0	0
chr6	10840634	10850375	Amillepora19616	10	0	0	0	0	0	0	0	0	0
chr6	10789921	10790523	Amillepora19610	3	0	0	0	0	0	0	0	0	0
chr6	10790598	10791609	Amillepora19611	2	0	0	0	0	0	0	0	0	0
chr6	10839512	10840384	Amillepora19615	4	0	0	0	0	0	0	0	0	0
chr6	10849875	10880749	Amillepora19617	21	4	0.19047619047619047	0.19047619047619047	19.047619047619047	0	40.23739080814783	8.780518530755131	100	0
chr6	10926514	10976924	Amillepora19622	52	10	0.19230769230769232	0.19230769230769232	19.23076923076923	0	39.795859172027164	5.518692722918765	100	0
chr6	10885643	10890878	Amillepora19619	5	0	0	0	0	0	0	0	0	0
chr6	10892913	10902924	Amillepora19620	15	0	0	0	0	0	0	0	0	0
chr6	10915710	10918819	Amillepora19621	6	0	0	0	0	0	0	0	0	0
chr6	11061361	11070262	Amillepora19636	6	3	0.5	0.5	50	50	54.772255750516614	22.3606797749979	100	0
chr6	11146312	11169130	Amillepora19648	13	4	0.3076923076923077	0.3076923076923077	30.76923076923077	0	48.03844614152614	13.323467750529826	100	0
chr6	11116474	11138806	Amillepora19644	7	1	0.14285714285714285	0.14285714285714285	14.285714285714286	0	37.79644730092272	14.285714285714285	100	0
chr6	11099128	11109862	Amillepora19640	3	1	0.3333333333333333	0.3333333333333333	33.333333333333336	0	57.735026918962575	33.333333333333336	100	0
chr6	11110240	11114311	Amillepora19641	1	0	0	0	0	0	NA	NA	0	0
chr6	11141711	11146222	Amillepora19647	3	1	0.3333333333333333	0.3333333333333333	33.333333333333336	0	57.735026918962575	33.333333333333336	100	0
chr6	11231247	11278677	Amillepora19657	30	7	0.23333333333333334	0.23333333333333334	23.333333333333332	0	43.01830671520764	7.85403232453173	100	0
chr6	11226847	11228499	Amillepora19656	3	0	0	0	0	0	0	0	0	0
chr6	11178253	11222244	Amillepora19653	42	2	0.047619047619047616	0.047619047619047616	4.761904761904762	0	21.554026870452116	3.3258585512837056	100	0
chr6	11295216	11299049	Amillepora19659	12	0	0	0	0	0	0	0	0	0
chr6	11320634	11325111	Amillepora19661	3	0	0	0	0	0	0	0	0	0
chr6	11317268	11319147	Amillepora19660	1	0	0	0	0	0	NA	NA	0	0
chr6	11346039	11351457	Amillepora19663	2	0	0	0	0	0	0	0	0	0
chr6	11428501	11433965	Amillepora19666	8	0	0	0	0	0	0	0	0	0
chr6	11388658	11394159	Amillepora19665	3	0	0	0	0	0	0	0	0	0
chr6	11442519	11445243	Amillepora19669	2	0	0	0	0	0	0	0	0	0
chr6	11434038	11435284	Amillepora19667	3	0	0	0	0	0	0	0	0	0
chr6	11435783	11436219	Amillepora19668	1	0	0	0	0	0	NA	NA	0	0
chr6	11523896	11525013	Amillepora19674	1	0	0	0	0	0	NA	NA	0	0
chr6	11475809	11493059	Amillepora19672	21	1	0.047619047619047616	0.047619047619047616	4.761904761904762	0	21.82178902359924	4.761904761904762	100	0
chr6	11493418	11496454	Amillepora19673	5	0	0	0	0	0	0	0	0	0
chr6	11555000	11555784	Amillepora19678	8	0	0	0	0	0	0	0	0	0
chr6	11553298	11554983	Amillepora19677	5	0	0	0	0	0	0	0	0	0
chr6	11589547	11592646	Amillepora19682	7	0	0	0	0	0	0	0	0	0
chr6	11574874	11576528	Amillepora19680	3	0	0	0	0	0	0	0	0	0
chr6	11618255	11625780	Amillepora19684	4	0	0	0	0	0	0	0	0	0
chr6	11598175	11615291	Amillepora19683	19	2	0.10526315789473684	0.10526315789473684	10.526315789473685	0	31.53017676423059	7.233518641434491	100	0
chr6	11564137	11570606	Amillepora19679	8	0	0	0	0	0	0	0	0	0
chr6	11782254	11783524	Amillepora19690	3	0	0	0	0	0	0	0	0	0
chr6	11712649	11715279	Amillepora19686	9	0	0	0	0	0	0	0	0	0
chr6	11767194	11770367	Amillepora19689	5	0	0	0	0	0	0	0	0	0
chr6	11732148	11755182	Amillepora19687	24	0	0	0	0	0	0	0	0	0
chr6	11824549	11829725	Amillepora19693	3	0	0	0	0	0	0	0	0	0
chr6	11844809	11853687	Amillepora19695	4	1	0.25	0.4	25	0	50	25	100	0
chr6	11863085	11865972	Amillepora19696	2	0	0	0	0	0	0	0	0	0
chr6	11798014	11811191	Amillepora19691	6	1	0.16666666666666666	0.16666666666666666	16.666666666666668	0	40.8248290463863	16.66666666666667	100	0
chr6	11831433	11844744	Amillepora19694	4	3	0.75	0.75	75	100	50	25	100	0
chr6	11817952	11824529	Amillepora19692	1	0	0	0	0	0	NA	NA	0	0
chr6	11871067	11875151	Amillepora19697	5	3	0.6	0.6	60	100	54.772255750516614	24.49489742783178	100	0
chr6	11903361	11910094	Amillepora19699	4	3	0.75	0.75	75	100	50	25	100	0
chr6	11961200	11966895	Amillepora19705	6	0	0	0	0	0	0	0	0	0
chr6	11933611	11934636	Amillepora19702	1	0	0	0	0	0	NA	NA	0	0
chr6	11948734	11957720	Amillepora19704	17	0	0	0	0	0	0	0	0	0
chr6	11877663	11894221	Amillepora19698	11	4	0.36363636363636365	0.36363636363636365	36.36363636363637	0	50.4524979109513	15.212000482437738	100	0
chr6	11937148	11941031	Amillepora19703	4	0	0	0	0	0	0	0	0	0
chr6	12041720	12064396	Amillepora19713	18	3	0.16666666666666666	0.16666666666666666	16.666666666666668	0	38.34824944236851	9.03876907577734	100	0
chr6	11981733	12017880	Amillepora19707	41	1	0.024390243902439025	0.024390243902439025	2.4390243902439024	0	15.617376188860607	2.439024390243903	100	0
chr6	12156216	12159624	Amillepora19724	5	0	0	0	0	0	0	0	0	0
chr6	12180151	12189589	Amillepora19726	6	1	0.16666666666666666	0.16666666666666666	16.666666666666668	0	40.8248290463863	16.66666666666667	100	0
chr6	12092492	12109004	Amillepora19715	12	0	0	0	0	0	0	0	0	0
chr6	12151248	12173356	Amillepora19723	23	4	0.17391304347826086	0.17391304347826086	17.391304347826086	0	38.75533878815897	8.081046758996393	100	0
chr6	12225358	12234341	Amillepora19732	6	0	0	0	0	0	0	0	0	0
chr6	12206950	12212369	Amillepora19728	3	0	0	0	0	0	0	0	0	0
chr6	12275453	12281566	Amillepora19735	6	0	0	0	0	0	0	0	0	0
chr6	12258797	12266558	Amillepora19733	9	1	0.1111111111111111	0.1111111111111111	11.11111111111111	0	33.333333333333336	11.111111111111112	100	0
chr6	12281710	12285743	Amillepora19736	1	0	0	0	0	0	NA	NA	0	0
chr6	12267027	12271056	Amillepora19734	1	1	1	1	100	100	NA	NA	100	100
chr6	12219965	12225327	Amillepora19729	3	0	0	0	0	0	0	0	0	0
chr6	12192569	12206965	Amillepora19727	23	0	0	0	0	0	0	0	0	0
chr6	12288332	12292183	Amillepora19737	6	0	0	0	0	0	0	0	0	0
chr6	12293439	12295954	Amillepora19738	3	0	0	0	0	0	0	0	0	0
chr6	12296784	12302273	Amillepora19739	9	1	0.1111111111111111	0.1111111111111111	11.11111111111111	0	33.333333333333336	11.111111111111112	100	0
chr6	12334404	12345597	Amillepora19743	7	1	0.14285714285714285	0.14285714285714285	14.285714285714286	0	37.79644730092272	14.285714285714285	100	0
chr6	12320574	12321591	Amillepora19741	1	0	0	0	0	0	NA	NA	0	0
chr6	12383957	12388010	Amillepora19747	2	1	0.5	0.5	50	50	70.71067811865476	50	100	0
chr6	12324707	12326672	Amillepora19742	4	0	0	0	0	0	0	0	0	0
chr6	12302608	12316353	Amillepora19740	25	1	0.04	0.04	4	0	20	4	100	0
chr6	12391319	12395443	Amillepora19749	2	2	1	1	100	100	0	0	100	100
chr6	12391306	12425668	Amillepora19748	21	13	0.6190476190476191	0.6190476190476191	61.904761904761905	100	49.761335152811924	10.858813572372744	100	0
chr6	12426687	12429853	Amillepora19752	9	0	0	0	0	0	0	0	0	0
chr6	12435844	12439371	Amillepora19753	7	1	0.14285714285714285	0.14285714285714285	14.285714285714286	0	37.79644730092272	14.285714285714285	100	0
chr6	12453211	12470464	Amillepora19755	22	1	0.045454545454545456	0.045454545454545456	4.545454545454546	0	21.320071635561042	4.545454545454545	100	0
chr6	12441300	12452906	Amillepora19754	8	4	0.5	0.5	50	50	53.45224838248488	18.89822365046136	100	0
chr6	12511676	12545003	Amillepora19759	46	4	0.08695652173913043	0.08695652173913043	8.695652173913043	0	28.48849246447678	4.200399056866504	100	0
chr6	12545924	12552726	Amillepora19760	10	3	0.3	0.3	30	0	48.3045891539648	15.275252316519467	100	0
chr6	12553046	12558861	Amillepora19761	18	0	0	0	0	0	0	0	0	0
chr6	12476647	12498412	Amillepora19756	14	3	0.21428571428571427	0.21428571428571427	21.428571428571427	0	42.581531362632	11.380392954509878	100	0
chr6	12498415	12500103	Amillepora19758	9	0	0	0	0	0	0	0	0	0
chr6	12641775	12651633	Amillepora19770	3	0	0	0	0	0	0	0	0	0
chr6	12584797	12585923	Amillepora19766	3	0	0	0	0	0	0	0	0	0
chr6	12588807	12595812	Amillepora19767	5	0	0	0	0	0	0	0	0	0
chr6	12569982	12579422	Amillepora19764	8	1	0.125	0.125	12.5	0	35.35533905932738	12.5	100	0
chr6	12666033	12680099	Amillepora19771	9	0	0	0	0	0	0	0	0	0
chr6	12596809	12610191	Amillepora19768	8	5	0.625	0.625	62.5	100	51.75491695067657	18.298126367784995	100	0
chr6	12611081	12620912	Amillepora19769	11	0	0	0	0	0	0	0	0	0
chr6	12680892	12686145	Amillepora19773	5	1	0.2	0.2	20	0	44.721359549995796	20	100	0
chr6	12761177	12773113	Amillepora19781	14	4	0.2857142857142857	0.2857142857142857	28.571428571428573	0	46.88072309384955	12.529400275814705	100	0
chr6	12750239	12759005	Amillepora19780	7	0	0	0	0	0	0	0	0	0
chr6	12738658	12742266	Amillepora19779	4	0	0	0	0	0	0	0	0	0
chr6	12707262	12715477	Amillepora19776	19	1	0.05263157894736842	0.05263157894736842	5.2631578947368425	0	22.941573387056174	5.263157894736841	100	0
chr6	12696779	12703835	Amillepora19775	4	0	0	0	0	0	0	0	0	0
chr6	12687767	12691732	Amillepora19774	1	1	1	1	100	100	NA	NA	100	100
chr6	12729095	12732957	Amillepora19778	2	0	0	0	0	0	0	0	0	0
chr6	12720363	12724537	Amillepora19777	2	0	0	0	0	0	0	0	0	0
chr6	12828329	12841353	Amillepora19786	9	3	0.3333333333333333	0.3333333333333333	33.333333333333336	0	50	16.666666666666668	100	0
chr6	12804082	12811526	Amillepora19783	4	0	0	0	0	0	0	0	0	0
chr6	12855761	12860150	Amillepora19787	1	1	1	1	100	100	NA	NA	100	100
chr6	12812660	12828352	Amillepora19784	9	0	0	0	0	0	0	0	0	0
chr6	12862150	12870789	Amillepora19788	4	2	0.5	0.5	50	50	57.735026918962575	28.867513459481287	100	0
chr6	12784506	12789810	Amillepora19782	12	0	0	0	0	0	0	0	0	0
chr6	12903134	12925044	Amillepora19790	17	0	0	0	0	0	0	0	0	0
chr6	12870921	12897773	Amillepora19789	23	4	0.17391304347826086	0.20833333333333334	17.391304347826086	0	38.75533878815898	8.081046758996393	100	0
chr6	13050038	13055919	Amillepora19800	14	0	0	0	0	0	0	0	0	0
chr6	13008242	13030133	Amillepora19798	15	1	0.06666666666666667	0.06666666666666667	6.666666666666667	0	25.819888974716115	6.666666666666666	100	0
chr6	12997236	13000684	Amillepora19797	4	0	0	0	0	0	0	0	0	0
chr6	13032578	13037737	Amillepora19799	4	4	1	1	100	100	0	0	100	100
chr6	12958102	12974148	Amillepora19794	23	1	0.043478260869565216	0.043478260869565216	4.3478260869565215	0	20.851441405707472	4.347826086956522	100	0
chr6	12975526	12986947	Amillepora19795	1	0	0	0	0	0	NA	NA	0	0
chr6	13179409	13183864	Amillepora19804	1	0	0	0	0	0	NA	NA	0	0
chr6	13133739	13151175	Amillepora19801	13	2	0.15384615384615385	0.15384615384615385	15.384615384615385	0	37.553380809940535	10.415433852097385	100	0
chr6	13221353	13235605	Amillepora19808	17	3	0.17647058823529413	0.17647058823529413	17.647058823529413	0	39.295262399668786	9.530501027070382	100	0
chr6	13258999	13276974	Amillepora19813	6	1	0.16666666666666666	0.16666666666666666	16.666666666666668	0	40.82482904638629	16.66666666666667	100	0
chr6	13252504	13257408	Amillepora19812	4	1	0.25	0.25	25	0	50	25	100	0
chr6	13237945	13250999	Amillepora19811	27	2	0.07407407407407407	0.07407407407407407	7.407407407407407	0	26.688025634181184	5.13611292801138	100	0
chr6	13187796	13194940	Amillepora19805	1	0	0	0	0	0	NA	NA	0	0
chr6	13283456	13299995	Amillepora19814	20	5	0.25	0.25	25	0	44.426165831931925	9.933992677987828	100	0
chr6	13318590	13343908	Amillepora19818	30	1	0.03333333333333333	0.03333333333333333	3.3333333333333335	0	18.25741858350554	3.333333333333333	100	0
chr6	13476619	13483945	Amillepora19830	7	1	0.14285714285714285	0.14285714285714285	14.285714285714286	0	37.79644730092272	14.285714285714285	100	0
chr6	13456147	13474498	Amillepora19828	25	1	0.04	0.04	4	0	20	4	100	0
chr6	13368530	13379302	Amillepora19820	14	0	0	0	0	0	0	0	0	0
chr6	13411712	13427792	Amillepora19825	1	0	0	0	0	0	NA	NA	0	0
chr6	13399881	13404494	Amillepora19822	3	0	0	0	0	0	0	0	0	0
chr6	13380143	13395795	Amillepora19821	11	1	0.09090909090909091	0.09090909090909091	9.090909090909092	0	30.151134457776354	9.09090909090909	100	0
chr6	13404515	13407130	Amillepora19823	1	0	0	0	0	0	NA	NA	0	0
chr6	13533077	13537908	Amillepora19837	2	1	0.5	0.5	50	50	70.71067811865476	50	100	0
chr6	13483794	13494328	Amillepora19831	6	3	0.5	0.5	50	50	54.772255750516614	22.3606797749979	100	0
chr6	13538235	13543005	Amillepora19838	1	0	0	0	0	0	NA	NA	0	0
chr6	13495711	13502129	Amillepora19832	1	1	1	1	100	100	NA	NA	100	100
chr6	13625182	13660769	Amillepora19843	71	2	0.028169014084507043	0.028169014084507043	2.816901408450704	0	16.663312875171503	1.9775714084998979	100	0
chr6	13584682	13590781	Amillepora19840	5	1	0.2	0.2	20	0	44.721359549995796	20	100	0
chr6	13633207	13637847	Amillepora19844	19	0	0	0	0	0	0	0	0	0
chr6	13595924	13610152	Amillepora19841	19	2	0.10526315789473684	0.10526315789473684	10.526315789473685	0	31.53017676423059	7.233518641434491	100	0
chr6	13558901	13585093	Amillepora19839	40	3	0.075	0.075	7.5	0	26.67467828369185	4.217636961434867	100	0
chr6	13667606	13678093	Amillepora19847	15	0	0	0	0	0	0	0	0	0
chr6	13662639	13665202	Amillepora19846	3	0	0	0	0	0	0	0	0	0
chr6	13754041	13759698	Amillepora19853	7	0	0	0	0	0	0	0	0	0
chr6	13764445	13787525	Amillepora19854	11	1	0.09090909090909091	0.09090909090909091	9.090909090909092	0	30.151134457776358	9.09090909090909	100	0
chr6	13701067	13713375	Amillepora19848	13	0	0	0	0	0	0	0	0	0
chr6	13715558	13724160	Amillepora19849	5	0	0	0	0	0	0	0	0	0
chr6	13741305	13753555	Amillepora19852	8	1	0.125	0.125	12.5	0	35.35533905932738	12.5	100	0
chr6	13730302	13737189	Amillepora19851	2	0	0	0	0	0	0	0	0	0
chr6	13842577	13844811	Amillepora19857	3	1	0.3333333333333333	0.3333333333333333	33.333333333333336	0	57.735026918962575	33.333333333333336	100	0
chr6	13856801	13867531	Amillepora19859	7	0	0	0	0	0	0	0	0	0
chr6	13868895	13884539	Amillepora19861	20	1	0.05	0.05	5	0	22.360679774997898	5	100	0
chr6	13848843	13853278	Amillepora19858	13	1	0.07692307692307693	0.07692307692307693	7.6923076923076925	0	27.735009811261456	7.6923076923076925	100	0
chr6	13818425	13833344	Amillepora19856	23	3	0.13043478260869565	0.13043478260869565	13.043478260869565	0	34.43502215750909	7.180198468215396	100	0
chr6	13803054	13818312	Amillepora19855	16	0	0	0	0	0	0	0	0	0
chr6	13954724	13963577	Amillepora19868	11	2	0.18181818181818182	0.18181818181818182	18.181818181818183	0	40.45199174779453	12.196734422726125	100	0
chr6	13944136	13948778	Amillepora19866	4	4	1	1	100	100	0	0	100	100
chr6	13885926	13901056	Amillepora19862	14	3	0.21428571428571427	0.21428571428571427	21.428571428571427	0	42.581531362632	11.380392954509878	100	0
chr6	13907107	13915381	Amillepora19863	2	1	0.5	0.5	50	50	70.71067811865476	50	100	0
chr6	13950266	13954594	Amillepora19867	2	0	0	0	0	0	0	0	0	0
chr6	13966579	13968318	Amillepora19870	3	0	0	0	0	0	0	0	0	0
chr6	13916157	13924814	Amillepora19864	3	3	1	1	100	100	0	0	100	100
chr6	13928440	13943862	Amillepora19865	6	3	0.5	0.5	50	50	54.772255750516614	22.3606797749979	100	0
chr6	14040783	14049115	Amillepora19876	13	0	0	0	0	0	0	0	0	0
chr6	13979936	13988798	Amillepora19872	9	0	0	0	0	0	0	0	0	0
chr6	14002114	14011677	Amillepora19873	14	0	0	0	0	0	0	0	0	0
chr6	14031581	14037088	Amillepora19875	15	0	0	0	0	0	0	0	0	0
chr6	14025972	14029955	Amillepora19874	3	0	0	0	0	0	0	0	0	0
chr6	14102003	14116271	Amillepora19881	11	2	0.18181818181818182	0.18181818181818182	18.181818181818183	0	40.45199174779453	12.196734422726125	100	0
chr6	14094920	14099127	Amillepora19880	2	1	0.5	0.5	50	50	70.71067811865476	50	100	0
chr6	14118200	14125043	Amillepora19885	6	0	0	0	0	0	0	0	0	0
chr6	14142298	14162848	Amillepora19887	2	1	0.5	0.5	50	50	70.71067811865476	50	100	0
chr6	14140949	14143963	Amillepora19886	1	1	1	1	100	100	NA	NA	100	100
chr6	14052216	14094541	Amillepora19877	43	1	0.023255813953488372	0.023255813953488372	2.3255813953488373	0	15.249857033260454	2.3255813953488373	100	0
chr6	14251111	14259932	Amillepora19901	2	1	0.5	0.5	50	50	70.71067811865476	50	100	0
chr6	14269949	14276068	Amillepora19905	14	0	0	0	0	0	0	0	0	0
chr6	14241366	14246175	Amillepora19900	6	0	0	0	0	0	0	0	0	0
chr6	14176297	14212614	Amillepora19894	24	0	0	0	0	0	0	0	0	0
chr6	14218420	14222290	Amillepora19895	2	0	0	0	0	0	0	0	0	0
chr6	14225074	14228192	Amillepora19897	3	0	0	0	0	0	0	0	0	0
chr6	14235380	14238285	Amillepora19899	5	0	0	0	0	0	0	0	0	0
chr6	14310090	14315801	Amillepora19908	2	0	0	0	0	0	0	0	0	0
chr6	14279120	14294545	Amillepora19906	16	0	0	0	0	0	0	0	0	0
chr6	14364349	14369996	Amillepora19912	2	1	0.5	0.5	50	50	70.71067811865476	50	100	0
chr6	14296714	14309318	Amillepora19907	27	1	0.037037037037037035	0.037037037037037035	3.7037037037037037	0	19.24500897298754	3.703703703703704	100	0
chr6	14433975	14435211	Amillepora19917	1	0	0	0	0	0	NA	NA	0	0
chr6	14425144	14432842	Amillepora19916	19	0	0	0	0	0	0	0	0	0
chr6	14437847	14441372	Amillepora19918	5	0	0	0	0	0	0	0	0	0
chr6	14419988	14423554	Amillepora19915	1	0	0	0	0	0	NA	NA	0	0
chr6	14463396	14471955	Amillepora19921	1	0	0	0	0	0	NA	NA	0	0
chr6	14442517	14454453	Amillepora19919	8	2	0.25	0.25	25	0	46.29100498862757	16.366341767699428	100	0
chr6	14353872	14362736	Amillepora19911	3	0	0	0	0	0	0	0	0	0
chr6	14376354	14419256	Amillepora19913	48	1	0.020833333333333332	0.020833333333333332	2.0833333333333335	0	14.433756729740633	2.0833333333333335	100	0
chr6	14329697	14344609	Amillepora19910	17	0	0	0	0	0	0	0	0	0
chr6	14319182	14322206	Amillepora19909	5	0	0	0	0	0	0	0	0	0
chr6	14528529	14529290	Amillepora19927	1	0	0	0	0	0	NA	NA	0	0
chr6	14499608	14531080	Amillepora19924	6	0	0	0	0	0	0	0	0	0
chr6	14568350	14569561	Amillepora19933	6	0	0	0	0	0	0	0	0	0
chr6	14569624	14572013	Amillepora19934	9	1	0.1111111111111111	0.1111111111111111	11.11111111111111	0	33.333333333333336	11.111111111111112	100	0
chr6	14664476	14667590	Amillepora19937	1	0	0	0	0	0	NA	NA	0	0
chr6	14815166	14832377	Amillepora19941	6	0	0	0	0	0	0	0	0	0
chr6	14867797	14877457	Amillepora19943	13	1	0.07692307692307693	0.07692307692307693	7.6923076923076925	0	27.735009811261456	7.6923076923076925	100	0
chr6	14878163	14886415	Amillepora19944	11	0	0	0	0	0	0	0	0	0
chr6	14723647	14811972	Amillepora19940	121	5	0.04132231404958678	0.04132231404958678	4.132231404958677	0	19.98622114889835	1.8169291953543967	100	0
chr6	14855904	14862365	Amillepora19942	9	0	0	0	0	0	0	0	0	0
chr6	14930983	14942527	Amillepora19950	5	1	0.2	0.2	20	0	44.721359549995796	20	100	0
chr6	14910242	14917706	Amillepora19948	10	3	0.3	0.3	30	0	48.3045891539648	15.275252316519467	100	0
chr6	14890759	14910013	Amillepora19945	30	0	0	0	0	0	0	0	0	0
chr6	14924908	14936108	Amillepora19949	17	1	0.058823529411764705	0.058823529411764705	5.882352941176471	0	24.2535625036333	5.88235294117647	100	0
chr6	14943014	14952922	Amillepora19952	16	1	0.0625	0.0625	6.25	0	25	6.25	100	0
chr6	15057509	15071223	Amillepora19959	7	0	0	0	0	0	0	0	0	0
chr6	15029980	15033483	Amillepora19957	2	0	0	0	0	0	0	0	0	0
chr6	15014409	15025972	Amillepora19956	3	0	0	0	0	0	0	0	0	0
chr6	14962799	14987850	Amillepora19953	39	0	0	0	0	0	0	0	0	0
chr6	14997952	15011215	Amillepora19955	12	3	0.25	0.25	25	0	45.22670168666454	13.055824196677337	100	0
chr6	15041083	15046127	Amillepora19958	2	1	0.5	0.5	50	50	70.71067811865476	50	100	0
chr6	15142835	15149396	Amillepora19965	3	0	0	0	0	0	0	0	0	0
chr6	15156542	15167237	Amillepora19967	4	0	0	0	0	0	0	0	0	0
chr6	15102192	15105058	Amillepora19962	1	0	0	0	0	0	NA	NA	0	0
chr6	15105046	15114980	Amillepora19963	5	1	0.2	0.2	20	0	44.721359549995796	20	100	0
chr6	15143465	15155628	Amillepora19966	11	1	0.09090909090909091	0.09090909090909091	9.090909090909092	0	30.151134457776358	9.09090909090909	100	0
chr6	15119642	15134696	Amillepora19964	8	2	0.25	0.25	25	0	46.29100498862757	16.366341767699428	100	0
chr6	15084034	15101951	Amillepora19961	15	0	0	0	0	0	0	0	0	0
chr6	15211334	15215703	Amillepora19970	5	0	0	0	0	0	0	0	0	0
chr6	15168541	15190276	Amillepora19968	13	8	0.6153846153846154	0.6153846153846154	61.53846153846154	100	50.63696835418333	14.044168141158107	100	0
chr6	15219963	15251786	Amillepora19971	36	1	0.027777777777777776	0.027777777777777776	2.7777777777777777	0	16.666666666666664	2.777777777777778	100	0
chr6	15202895	15205141	Amillepora19969	6	0	0	0	0	0	0	0	0	0
chr6	15302093	15306406	Amillepora19976	3	0	0	0	0	0	0	0	0	0
chr6	15295817	15300663	Amillepora19975	2	0	0	0	0	0	0	0	0	0
chr6	15252714	15260740	Amillepora19972	7	0	0	0	0	0	0	0	0	0
chr6	15287117	15293373	Amillepora19974	3	0	0	0	0	0	0	0	0	0
chr6	15270283	15283441	Amillepora19973	5	0	0	0	0	0	0	0	0	0
chr6	15309325	15354079	Amillepora19977	50	3	0.06	0.06	6	0	23.98979374820952	3.3926691677251193	100	0
chr6	15363763	15376396	Amillepora19980	14	0	0	0	0	0	0	0	0	0
chr6	15466335	15487477	Amillepora19986	15	1	0.06666666666666667	0.06666666666666667	6.666666666666667	0	25.819888974716115	6.666666666666666	100	0
chr6	15456574	15466188	Amillepora19985	14	2	0.14285714285714285	0.14285714285714285	14.285714285714286	0	36.31365196012815	9.705231721239393	100	0
chr6	15393194	15401486	Amillepora19982	12	0	0	0	0	0	0	0	0	0
chr6	15428563	15448920	Amillepora19984	13	4	0.3076923076923077	0.3076923076923077	30.76923076923077	0	48.03844614152614	13.323467750529826	100	0
chr6	15406648	15423485	Amillepora19983	23	1	0.043478260869565216	0.043478260869565216	4.3478260869565215	0	20.851441405707476	4.347826086956522	100	0
chr6	15545468	15551098	Amillepora19994	8	0	0	0	0	0	0	0	0	0
chr6	15555324	15559412	Amillepora19995	4	1	0.25	0.25	25	0	50	25	100	0
chr6	15537181	15541219	Amillepora19993	6	0	0	0	0	0	0	0	0	0
chr6	15525321	15527697	Amillepora19991	1	1	1	1	100	100	NA	NA	100	100
chr6	15512677	15523913	Amillepora19990	22	1	0.045454545454545456	0.045454545454545456	4.545454545454546	0	21.320071635561042	4.545454545454545	100	0
chr6	15498537	15500183	Amillepora19988	1	0	0	0	0	0	NA	NA	0	0
chr6	15503219	15505995	Amillepora19989	5	0	0	0	0	0	0	0	0	0
chr6	15631442	15639452	Amillepora20002	20	0	0	0	0	0	0	0	0	0
chr6	15608281	15616043	Amillepora20000	4	0	0	0	0	0	0	0	0	0
chr6	15571826	15594648	Amillepora19996	32	3	0.09375	0.09090909090909091	9.375	0	29.614458108029904	5.23514603733822	100	0
chr6	15658043	15678557	Amillepora20004	17	1	0.058823529411764705	0.058823529411764705	5.882352941176471	0	24.253562503633294	5.88235294117647	100	0
chr6	15595981	15598268	Amillepora19997	2	1	0.5	0.5	50	50	70.71067811865476	50	100	0
chr6	15601242	15602584	Amillepora19998	1	0	0	0	0	0	NA	NA	0	0
chr6	15619934	15631012	Amillepora20001	13	0	0	0	0	0	0	0	0	0
chr6	15641360	15657865	Amillepora20003	13	2	0.15384615384615385	0.15384615384615385	15.384615384615385	0	37.553380809940535	10.415433852097385	100	0
chr6	15721293	15727052	Amillepora20009	2	0	0	0	0	0	0	0	0	0
chr6	15679107	15683462	Amillepora20005	3	0	0	0	0	0	0	0	0	0
chr6	15686308	15698917	Amillepora20007	6	0	0	0	0	0	0	0	0	0
chr6	15829934	15834248	Amillepora20024	1	0	0	0	0	0	NA	NA	0	0
chr6	15860831	15875238	Amillepora20028	25	0	0	0	0	0	0	0	0	0
chr6	15842020	15846851	Amillepora20026	2	0	0	0	0	0	0	0	0	0
chr6	15788997	15795352	Amillepora20017	4	0	0	0	0	0	0	0	0	0
chr6	15796575	15801262	Amillepora20020	3	0	0	0	0	0	0	0	0	0
chr6	15876149	15887770	Amillepora20029	19	1	0.05263157894736842	0.05263157894736842	5.2631578947368425	0	22.941573387056177	5.263157894736841	100	0
chr6	15847185	15860260	Amillepora20027	27	1	0.037037037037037035	0.037037037037037035	3.7037037037037037	0	19.24500897298754	3.703703703703704	100	0
chr6	15809570	15825296	Amillepora20022	8	2	0.25	0.25	25	0	46.29100498862757	16.366341767699428	100	0
chr6	15827075	15829657	Amillepora20023	1	1	1	1	100	100	NA	NA	100	100
chr6	15888317	15896312	Amillepora20031	17	0	0	0	0	0	0	0	0	0
chr6	15955311	15967762	Amillepora20035	19	1	0.05263157894736842	0.05263157894736842	5.2631578947368425	0	22.941573387056184	5.263157894736841	100	0
chr6	15901916	15912387	Amillepora20033	13	1	0.07692307692307693	0.07692307692307693	7.6923076923076925	0	27.735009811261456	7.6923076923076925	100	0
chr6	16074346	16088186	Amillepora20049	24	2	0.08333333333333333	0.08333333333333333	8.333333333333334	0	28.23298512866401	5.763033956734373	100	0
chr6	16055267	16059718	Amillepora20045	2	0	0	0	0	0	0	0	0	0
chr6	16022754	16033523	Amillepora20043	8	0	0	0	0	0	0	0	0	0
chr6	16034146	16046380	Amillepora20044	24	0	0	0	0	0	0	0	0	0
chr6	16060231	16072645	Amillepora20046	8	6	0.75	0.75	75	100	46.29100498862757	16.366341767699428	100	0
chr6	16008621	16021051	Amillepora20041	15	0	0	0	0	0	0	0	0	0
chr6	15971950	15984455	Amillepora20036	8	0	0	0	0	0	0	0	0	0
chr6	15991641	16001206	Amillepora20039	19	2	0.10526315789473684	0.10526315789473684	10.526315789473685	0	31.53017676423058	7.233518641434491	100	0
chr6	16090219	16107279	Amillepora20050	32	0	0	0	0	0	0	0	0	0
chr6	16109687	16112581	Amillepora20051	4	0	0	0	0	0	0	0	0	0
chr6	16125944	16128484	Amillepora20052	5	0	0	0	0	0	0	0	0	0
chr6	16135097	16137005	Amillepora20053	1	0	0	0	0	0	NA	NA	0	0
chr6	16269075	16272450	Amillepora20064	2	0	0	0	0	0	0	0	0	0
chr6	16261952	16262687	Amillepora20062	1	0	0	0	0	0	NA	NA	0	0
chr6	16166412	16195443	Amillepora20055	32	6	0.1875	0.1875	18.75	0	39.6557769456266	7.01021719786843	100	0
chr6	16231844	16234540	Amillepora20060	8	0	0	0	0	0	0	0	0	0
chr6	16203295	16212210	Amillepora20058	3	0	0	0	0	0	0	0	0	0
chr6	16251283	16256652	Amillepora20061	1	1	1	1	100	100	NA	NA	100	100
chr6	16159178	16183375	Amillepora20054	22	2	0.09090909090909091	0.09090909090909091	9.090909090909092	0	29.42449431682498	6.273323266748674	100	0
chr6	16222541	16225290	Amillepora20059	8	0	0	0	0	0	0	0	0	0
chr6	16317681	16322131	Amillepora20067	17	0	0	0	0	0	0	0	0	0
chr6	16354952	16360154	Amillepora20072	1	1	1	1	100	100	NA	NA	100	100
chr6	16324420	16339311	Amillepora20069	14	0	0	0	0	0	0	0	0	0
chr6	16340250	16354584	Amillepora20071	22	1	0.045454545454545456	0.045454545454545456	4.545454545454546	0	21.320071635561042	4.545454545454545	100	0
chr6	16358667	16362037	Amillepora20073	1	1	1	1	100	100	NA	NA	100	100
chr6	16293838	16310480	Amillepora20066	6	1	0.16666666666666666	0.16666666666666666	16.666666666666668	0	40.8248290463863	16.66666666666667	100	0
chr6	16278861	16291167	Amillepora20065	11	5	0.45454545454545453	0.45454545454545453	45.45454545454545	0	52.22329678670935	15.745916432444341	100	0
chr6	16461638	16469726	Amillepora20081	4	4	1	1	100	100	0	0	100	100
chr6	16430532	16447664	Amillepora20079	6	1	0.16666666666666666	0.16666666666666666	16.666666666666668	0	40.8248290463863	16.66666666666667	100	0
chr6	16388300	16428923	Amillepora20077	50	2	0.04	0.04	4	0	19.79486637221574	2.7994168488950604	100	0
chr6	16377767	16388047	Amillepora20076	7	0	0	0	0	0	0	0	0	0
chr6	16548132	16560570	Amillepora20087	13	0	0	0	0	0	0	0	0	0
chr6	16497314	16505052	Amillepora20084	2	2	1	1	100	100	0	0	100	100
chr6	16561808	16573756	Amillepora20089	10	0	0	0	0	0	0	0	0	0
chr6	16509207	16533259	Amillepora20085	33	2	0.06060606060606061	0.06060606060606061	6.0606060606060606	0	24.230584229877998	4.21800330517426	100	0
chr6	16476458	16484357	Amillepora20082	3	1	0.3333333333333333	0.3333333333333333	33.333333333333336	0	57.735026918962575	33.333333333333336	100	0
chr6	16485621	16493704	Amillepora20083	4	1	0.25	0.25	25	0	50	25	100	0
chr6	16667345	16675641	Amillepora20100	8	5	0.625	0.625	62.5	100	51.75491695067657	18.298126367784995	100	0
chr6	16606704	16616415	Amillepora20093	12	1	0.08333333333333333	0.08333333333333333	8.333333333333334	0	28.8675134594813	8.333333333333334	100	0
chr6	16620806	16653822	Amillepora20095	57	4	0.07017543859649122	0.07017543859649122	7.017543859649122	0	25.771309648570536	3.4134933513474275	100	0
chr6	16677275	16681445	Amillepora20101	2	0	0	0	0	0	0	0	0	0
chr6	16613380	16617264	Amillepora20094	3	1	0.3333333333333333	0.3333333333333333	33.333333333333336	0	57.735026918962575	33.333333333333336	100	0
chr6	16660232	16667234	Amillepora20096	2	2	1	1	100	100	0	0	100	100
chr6	16600329	16602015	Amillepora20092	3	0	0	0	0	0	0	0	0	0
chr6	16580519	16585546	Amillepora20090	13	0	0	0	0	0	0	0	0	0
chr6	16586487	16596967	Amillepora20091	11	1	0.09090909090909091	0.09090909090909091	9.090909090909092	0	30.15113445777636	9.09090909090909	100	0
chr6	16690641	16692771	Amillepora20103	6	1	0.16666666666666666	0.16666666666666666	16.666666666666668	0	40.82482904638629	16.66666666666667	100	0
chr6	16699972	16716578	Amillepora20104	4	3	0.75	0.75	75	100	50	25	100	0
chr6	16729868	16746551	Amillepora20105	4	1	0.25	0.25	25	0	50	25	100	0
chr6	16759115	16765609	Amillepora20108	7	0	0	0	0	0	0	0	0	0
chr6	16751590	16756648	Amillepora20107	9	0	0	0	0	0	0	0	0	0
chr6	16749374	16751277	Amillepora20106	2	0	0	0	0	0	0	0	0	0
chr6	16774665	16821394	Amillepora20109	38	3	0.07894736842105263	0.07894736842105263	7.894736842105263	0	27.327631273309382	4.433127181293719	100	0
chr6	16841235	16859096	Amillepora20113	13	0	0	0	0	0	0	0	0	0
chr6	16859507	16864720	Amillepora20117	4	0	0	0	0	0	0	0	0	0
chr6	16868476	16871700	Amillepora20118	4	0	0	0	0	0	0	0	0	0
chr6	16823111	16832431	Amillepora20110	3	2	0.6666666666666666	0.6666666666666666	66.66666666666667	100	57.73502691896258	33.333333333333336	100	0
chr6	16875173	16889413	Amillepora20119	17	2	0.11764705882352941	0.11764705882352941	11.764705882352942	0	33.21055820775357	8.05474349272303	100	0
chr6	16915240	16922900	Amillepora20120	3	0	0	0	0	0	0	0	0	0
chr6	16976782	16981888	Amillepora20123	1	0	0	0	0	0	NA	NA	0	0
chr6	16985225	16995717	Amillepora20124	9	0	0	0	0	0	0	0	0	0
chr6	17027996	17034766	Amillepora20126	1	0	0	0	0	0	NA	NA	0	0
chr6	17035591	17045311	Amillepora20127	1	0	0	0	0	0	NA	NA	0	0
chr6	16996549	17003341	Amillepora20125	2	0	0	0	0	0	0	0	0	0
chr6	17050966	17054101	Amillepora20129	2	0	0	0	0	0	0	0	0	0
chr6	17179711	17187464	Amillepora20138	5	0	0	0	0	0	0	0	0	0
chr6	17136125	17161422	Amillepora20136	47	2	0.0425531914893617	0.0425531914893617	4.25531914893617	0	20.402970888857872	2.9760791752350437	100	0
chr6	17100567	17109647	Amillepora20131	1	0	0	0	0	0	NA	NA	0	0
chr6	17126723	17127619	Amillepora20135	3	0	0	0	0	0	0	0	0	0
chr6	17164234	17179690	Amillepora20137	3	3	1	1	100	100	0	0	100	100
chr6	17125671	17126711	Amillepora20134	4	0	0	0	0	0	0	0	0	0
chr6	17235990	17241901	Amillepora20141	4	1	0.25	0.25	25	0	50	25	100	0
chr6	17201629	17216592	Amillepora20139	17	1	0.058823529411764705	0.058823529411764705	5.882352941176471	0	24.253562503633294	5.88235294117647	100	0
chr6	17216870	17235919	Amillepora20140	29	4	0.13793103448275862	0.13793103448275862	13.793103448275861	0	35.09312031717981	6.516628844986676	100	0
chr6	17256773	17268851	Amillepora20143	17	1	0.058823529411764705	0.058823529411764705	5.882352941176471	0	24.253562503633297	5.88235294117647	100	0
chr6	17245739	17253606	Amillepora20142	9	0	0	0	0	0	0	0	0	0
chr6	17366027	17375565	Amillepora20152	2	0	0	0	0	0	0	0	0	0
chr6	17349685	17364758	Amillepora20150	24	2	0.08333333333333333	0.08333333333333333	8.333333333333334	0	28.232985128664012	5.763033956734373	100	0
chr6	17303449	17342942	Amillepora20148	45	3	0.06666666666666667	0.06666666666666667	6.666666666666667	0	25.22624895547566	3.7605071654517745	100	0
chr6	17283920	17299680	Amillepora20147	22	1	0.045454545454545456	0.045454545454545456	4.545454545454546	0	21.320071635561042	4.545454545454545	100	0
chr6	17276808	17277778	Amillepora20146	3	0	0	0	0	0	0	0	0	0
chr6	17275734	17276653	Amillepora20145	6	0	0	0	0	0	0	0	0	0
chr6	17271778	17275315	Amillepora20144	8	0	0	0	0	0	0	0	0	0
chr6	17379907	17387342	Amillepora20153	14	0	0	0	0	0	0	0	0	0
chr6	17443062	17449983	Amillepora20157	9	0	0	0	0	0	0	0	0	0
chr6	17450335	17468395	Amillepora20158	31	2	0.06451612903225806	0.0625	6.451612903225806	0	24.973103811470743	4.485301852605207	100	0
chr6	17403510	17426360	Amillepora20154	41	1	0.024390243902439025	0.024390243902439025	2.4390243902439024	0	15.61737618886061	2.439024390243903	100	0
chr6	17475383	17480710	Amillepora20161	4	0	0	0	0	0	0	0	0	0
chr6	17432672	17435900	Amillepora20156	3	0	0	0	0	0	0	0	0	0
chr6	17518306	17520222	Amillepora20162	6	0	0	0	0	0	0	0	0	0
chr6	17522759	17533767	Amillepora20163	11	1	0.09090909090909091	0.09090909090909091	9.090909090909092	0	30.151134457776354	9.09090909090909	100	0
chr6	17540923	17543158	Amillepora20164	2	0	0	0	0	0	0	0	0	0
chr6	17577269	17583762	Amillepora20165	6	2	0.3333333333333333	0.3333333333333333	33.333333333333336	0	51.63977794943222	21.081851067789195	100	0
chr6	17625265	17636003	Amillepora20170	15	0	0	0	0	0	0	0	0	0
chr6	17636867	17648488	Amillepora20171	10	0	0	0	0	0	0	0	0	0
chr6	17598822	17615559	Amillepora20168	19	3	0.15789473684210525	0.15789473684210525	15.789473684210526	0	37.46343246326776	8.5947008518708	100	0
chr6	17623298	17626898	Amillepora20169	3	1	0.3333333333333333	0.3333333333333333	33.333333333333336	0	57.735026918962575	33.333333333333336	100	0
chr6	17735681	17743422	Amillepora20183	6	3	0.5	0.5	50	50	54.772255750516614	22.3606797749979	100	0
chr6	17713364	17726068	Amillepora20180	6	1	0.16666666666666666	0.16666666666666666	16.666666666666668	0	40.8248290463863	16.66666666666667	100	0
chr6	17701395	17711828	Amillepora20176	5	2	0.4	0.4	40	0	54.772255750516614	24.49489742783178	100	0
chr6	17692546	17701166	Amillepora20175	2	0	0	0	0	0	0	0	0	0
chr6	17732625	17735535	Amillepora20182	2	1	0.5	0.5	50	50	70.71067811865476	50	100	0
chr6	17727419	17731725	Amillepora20181	4	2	0.5	0.5	50	50	57.735026918962575	28.867513459481287	100	0
chr6	17763401	17764942	Amillepora20185	1	0	0	0	0	0	NA	NA	0	0
chr6	17754936	17756487	Amillepora20184	2	0	0	0	0	0	0	0	0	0
chr6	17883950	17886261	Amillepora20194	2	1	0.5	0.5	50	50	70.71067811865476	50	100	0
chr6	17802069	17818052	Amillepora20187	15	3	0.2	0.2	20	0	41.403933560541255	10.690449676496975	100	0
chr6	17848668	17872340	Amillepora20190	29	0	0	0	0	0	0	0	0	0
chr6	17873497	17886319	Amillepora20193	10	2	0.2	0.2	20	0	42.16370213557839	13.333333333333332	100	0
chr6	17781934	17793090	Amillepora20186	11	1	0.09090909090909091	0.09090909090909091	9.090909090909092	0	30.15113445777636	9.09090909090909	100	0
chr6	17841379	17846508	Amillepora20189	8	0	0	0	0	0	0	0	0	0
chr6	17900051	17904300	Amillepora20196	3	0	0	0	0	0	0	0	0	0
chr6	17889489	17899119	Amillepora20195	10	0	0	0	0	0	0	0	0	0
chr6	17924507	17927694	Amillepora20199	4	0	0	0	0	0	0	0	0	0
chr6	17971549	17978397	Amillepora20206	2	0	0	0	0	0	0	0	0	0
chr6	17932779	17941991	Amillepora20200	9	2	0.2222222222222222	0.2222222222222222	22.22222222222222	0	44.09585518440984	14.698618394803281	100	0
chr6	17912576	17920788	Amillepora20198	15	0	0	0	0	0	0	0	0	0
chr6	17907782	17911211	Amillepora20197	1	0	0	0	0	0	NA	NA	0	0
chr6	18029729	18032524	Amillepora20213	4	0	0	0	0	0	0	0	0	0
chr6	17991464	17992502	Amillepora20208	1	0	0	0	0	0	NA	NA	0	0
chr6	18009276	18022187	Amillepora20211	15	2	0.13333333333333333	0.13333333333333333	13.333333333333334	0	35.18657752744984	9.085135251589959	100	0
chr6	18005579	18008051	Amillepora20210	1	1	1	1	100	100	NA	NA	100	100
chr6	18063950	18068300	Amillepora20216	1	0	0	0	0	0	NA	NA	0	0
chr6	18071260	18106453	Amillepora20218	38	3	0.07894736842105263	0.07692307692307693	7.894736842105263	0	27.327631273309382	4.433127181293719	100	0
chr6	18042014	18061933	Amillepora20215	43	0	0	0	0	0	0	0	0	0
chr6	18137426	18149127	Amillepora20224	2	0	0	0	0	0	0	0	0	0
chr6	18032657	18040879	Amillepora20214	14	0	0	0	0	0	0	0	0	0
chr6	18166330	18175556	Amillepora20226	1	0	0	0	0	0	NA	NA	0	0
chr6	18105316	18119369	Amillepora20221	13	0	0	0	0	0	0	0	0	0
chr6	18203757	18268051	Amillepora20229	36	2	0.05555555555555555	0.05555555555555555	5.555555555555555	0	23.231068414572313	3.8718447357620533	100	0
chr6	18268110	18278865	Amillepora20230	9	0	0	0	0	0	0	0	0	0
chr6	18198223	18203584	Amillepora20228	1	0	0	0	0	0	NA	NA	0	0
chr6	18281350	18300000	Amillepora20231	2	1	0.5	0.5	50	50	70.71067811865476	50	100	0
chr6	18470765	18482604	Amillepora20246	2	0	0	0	0	0	0	0	0	0
chr6	18450883	18453408	Amillepora20245	3	0	0	0	0	0	0	0	0	0
chr6	18574068	18585030	Amillepora20256	3	2	0.6666666666666666	0.6666666666666666	66.66666666666667	100	57.73502691896258	33.333333333333336	100	0
chr6	18494810	18501854	Amillepora20248	2	0	0	0	0	0	0	0	0	0
chr6	18567090	18571651	Amillepora20255	3	0	0	0	0	0	0	0	0	0
chr6	18504790	18507726	Amillepora20249	2	0	0	0	0	0	0	0	0	0
chr6	18552814	18555576	Amillepora20254	1	0	0	0	0	0	NA	NA	0	0
chr6	18523841	18526851	Amillepora20250	1	1	1	1	100	100	NA	NA	100	100
chr6	18585090	18648314	Amillepora20257	25	1	0.04	0.04	4	0	20	4	100	0
chr6	18653708	18675939	Amillepora20259	1	1	1	1	100	100	NA	NA	100	100
chr6	18752463	18772623	Amillepora20268	36	5	0.1388888888888889	0.1388888888888889	13.88888888888889	0	35.07361872061007	5.845603120101681	100	0
chr6	18741921	18749548	Amillepora20267	9	1	0.1111111111111111	0.1111111111111111	11.11111111111111	0	33.333333333333336	11.111111111111112	100	0
chr6	18731507	18740246	Amillepora20266	8	0	0	0	0	0	0	0	0	0
chr6	18774226	18778155	Amillepora20269	6	0	0	0	0	0	0	0	0	0
chr6	18708860	18714882	Amillepora20263	2	0	0	0	0	0	0	0	0	0
chr6	18699249	18701675	Amillepora20261	1	0	0	0	0	0	NA	NA	0	0
chr6	18868890	18876024	Amillepora20276	12	0	0	0	0	0	0	0	0	0
chr6	18792951	18798190	Amillepora20271	1	0	0	0	0	0	NA	NA	0	0
chr6	18819897	18830790	Amillepora20274	6	1	0.16666666666666666	0.16666666666666666	16.666666666666668	0	40.8248290463863	16.66666666666667	100	0
chr6	18812537	18815572	Amillepora20273	3	0	0	0	0	0	0	0	0	0
chr6	18845798	18867368	Amillepora20275	19	0	0	0	0	0	0	0	0	0
chr6	18792951	18819783	Amillepora20272	19	9	0.47368421052631576	0.47368421052631576	47.36842105263158	0	51.29891760425769	11.768778828946262	100	0
chr6	18781863	18791510	Amillepora20270	13	0	0	0	0	0	0	0	0	0
chr6	18976455	18981933	Amillepora20282	4	3	0.75	0.75	75	100	50	25	100	0
chr6	18988486	18989265	Amillepora20283	1	0	0	0	0	0	NA	NA	0	0
chr6	19069906	19074301	Amillepora20290	1	1	1	1	100	100	NA	NA	100	100
chr6	19039293	19051346	Amillepora20288	20	0	0	0	0	0	0	0	0	0
chr6	19022179	19025933	Amillepora20287	3	0	0	0	0	0	0	0	0	0
chr6	18995582	19008958	Amillepora20284	19	0	0	0	0	0	0	0	0	0
chr6	19013455	19021016	Amillepora20286	4	0	0	0	0	0	0	0	0	0
chr6	18902567	18963475	Amillepora20277	97	2	0.020618556701030927	0.02040816326530612	1.5463917525773196	0	11.30451662920316	1.1477997608150676	100	0
chr6	19053853	19076095	Amillepora20289	16	3	0.1875	0.1875	18.75	0	40.311288741492746	10.077822185373186	100	0
chr6	18970900	18973463	Amillepora20281	1	1	1	1	100	100	NA	NA	100	100
chr6	18967004	18968922	Amillepora20280	4	0	0	0	0	0	0	0	0	0
chr6	19118358	19122585	Amillepora20293	3	1	0.3333333333333333	0.3333333333333333	33.333333333333336	0	57.735026918962575	33.333333333333336	100	0
chr6	19150173	19161266	Amillepora20297	11	1	0.09090909090909091	0.09090909090909091	9.090909090909092	0	30.151134457776358	9.09090909090909	100	0
chr6	19135732	19147609	Amillepora20296	17	0	0	0	0	0	0	0	0	0
chr6	19097964	19105633	Amillepora20291	10	0	0	0	0	0	0	0	0	0
chr6	19125192	19131336	Amillepora20294	8	0	0	0	0	0	0	0	0	0
chr6	19132557	19133369	Amillepora20295	1	0	0	0	0	0	NA	NA	0	0
chr6	19106697	19116392	Amillepora20292	20	3	0.15	0.14285714285714285	15	0	36.634754853252325	8.191780219091253	100	0
chr6	19263176	19280663	Amillepora20302	10	1	0.1	0.1	10	0	31.622776601683793	10	100	0
chr6	19163335	19177512	Amillepora20298	24	3	0.125	0.125	12.5	0	33.78319623460881	6.89596605459213	100	0
chr6	19181067	19206389	Amillepora20299	27	3	0.1111111111111111	0.1111111111111111	11.11111111111111	0	32.02563076101741	6.1633355136136565	100	0
chr6	19212943	19218629	Amillepora20300	2	2	1	1	100	100	0	0	100	100
chr6	19225360	19276728	Amillepora20301	10	4	0.4	0.4	40	0	51.63977794943222	16.329931618554518	100	0
chr6	19324946	19335914	Amillepora20306	10	1	0.1	0.1	10	0	31.622776601683793	10	100	0
chr6	19287431	19309451	Amillepora20303	29	3	0.10344827586206896	0.10344827586206896	10.344827586206897	0	30.99340466946035	5.755330761353656	100	0
chr6	19355211	19362745	Amillepora20309	8	0	0	0	0	0	0	0	0	0
chr6	19349303	19355166	Amillepora20308	6	1	0.16666666666666666	0.16666666666666666	16.666666666666668	0	40.8248290463863	16.66666666666667	100	0
chr6	19336977	19349156	Amillepora20307	19	0	0	0	0	0	0	0	0	0
chr6	19310641	19320667	Amillepora20305	8	0	0	0	0	0	0	0	0	0
chr6	19443644	19450533	Amillepora20315	10	0	0	0	0	0	0	0	0	0
chr6	19406684	19418082	Amillepora20314	7	1	0.14285714285714285	0.14285714285714285	14.285714285714286	0	37.79644730092272	14.285714285714285	100	0
chr6	19478342	19487500	Amillepora20317	10	0	0	0	0	0	0	0	0	0
chr6	19453768	19476113	Amillepora20316	11	3	0.2727272727272727	0.2727272727272727	27.272727272727273	0	46.70993664969137	14.083575804390607	100	0
chr6	19560332	19567177	Amillepora20323	3	1	0.3333333333333333	0.3333333333333333	33.333333333333336	0	57.735026918962575	33.333333333333336	100	0
chr6	19522311	19527478	Amillepora20320	10	3	0.3	0.3	30	0	48.3045891539648	15.275252316519467	100	0
chr6	19572403	19577799	Amillepora20324	5	2	0.4	0.4	40	0	54.772255750516614	24.49489742783178	100	0
chr6	19548677	19557549	Amillepora20322	2	1	0.5	0.5	50	50	70.71067811865476	50	100	0
chr6	19493664	19503191	Amillepora20318	7	1	0.14285714285714285	0.14285714285714285	14.285714285714286	0	37.79644730092272	14.285714285714285	100	0
chr6	19538330	19547855	Amillepora20321	12	1	0.08333333333333333	0.08333333333333333	8.333333333333334	0	28.867513459481298	8.333333333333334	100	0
chr6	19671687	19684818	Amillepora20330	19	2	0.10526315789473684	0.10526315789473684	10.526315789473685	0	31.53017676423058	7.233518641434491	100	0
chr6	19615151	19633095	Amillepora20326	30	1	0.03333333333333333	0.03333333333333333	3.3333333333333335	0	18.25741858350554	3.333333333333333	100	0
chr6	19634123	19649199	Amillepora20327	24	0	0	0	0	0	0	0	0	0
chr6	19656761	19671636	Amillepora20329	6	4	0.6666666666666666	0.6666666666666666	66.66666666666667	100	51.63977794943223	21.081851067789195	100	0
chr6	19603871	19623397	Amillepora20325	3	0	0	0	0	0	0	0	0	0
chr6	19729785	19732448	Amillepora20336	5	0	0	0	0	0	0	0	0	0
chr6	19687042	19697179	Amillepora20331	11	0	0	0	0	0	0	0	0	0
chr6	19700244	19702717	Amillepora20332	2	0	0	0	0	0	0	0	0	0
chr6	19719897	19726889	Amillepora20335	3	0	0	0	0	0	0	0	0	0
chr6	19787071	19806565	Amillepora20343	11	2	0.18181818181818182	0.18181818181818182	18.181818181818183	0	40.45199174779452	12.196734422726125	100	0
chr6	19762369	19786612	Amillepora20340	20	4	0.2	0.2	20	0	41.03913408340616	9.17662935482247	100	0
chr6	19812658	19813164	Amillepora20344	1	0	0	0	0	0	NA	NA	0	0
chr6	19732461	19744454	Amillepora20337	8	1	0.125	0.125	12.5	0	35.35533905932738	12.5	100	0
chr6	19745479	19750188	Amillepora20338	5	0	0	0	0	0	0	0	0	0
chr6	19706711	19714199	Amillepora20333	14	0	0	0	0	0	0	0	0	0
chr6	19750251	19758263	Amillepora20339	9	1	0.1111111111111111	0.1111111111111111	11.11111111111111	0	33.333333333333336	11.111111111111112	100	0
chr7	16101	60761	Amillepora10918	73	0	0	0	0	0	0	0	0	0
chr7	10653	14369	Amillepora10917	9	0	0	0	0	0	0	0	0	0
chr7	65925	73406	Amillepora10919	10	1	0.1	0.1	10	0	31.622776601683793	10	100	0
chr7	157997	198648	Amillepora10922	55	1	0.01818181818181818	0.01818181818181818	1.8181818181818181	0	13.48399724926484	1.8181818181818181	100	0
chr7	199862	234768	Amillepora10936	44	5	0.11363636363636363	0.11363636363636363	11.363636363636363	0	32.10382206405505	4.839833278309255	100	0
chr7	241715	244559	Amillepora10940	7	0	0	0	0	0	0	0	0	0
chr7	87641	109381	Amillepora10920	29	0	0	0	0	0	0	0	0	0
chr7	112213	155498	Amillepora10921	56	2	0.03571428571428571	0.03508771929824561	3.5714285714285716	0	18.72563351797078	2.5023180348048952	100	0
chr7	235155	241335	Amillepora10939	5	1	0.2	0.2	20	0	44.721359549995796	20	100	0
chr7	245182	284201	Amillepora10941	59	0	0	0	0	0	0	0	0	0
chr7	300948	319746	Amillepora10944	7	2	0.2857142857142857	0.2857142857142857	28.571428571428573	0	48.79500364742666	18.442777839082936	100	0
chr7	355893	423722	Amillepora10945	72	4	0.05555555555555555	0.0547945205479452	5.555555555555555	0	23.06688919537698	2.718458961821629	100	0
chr7	562071	567780	Amillepora10952	7	0	0	0	0	0	0	0	0	0
chr7	553370	557574	Amillepora10951	3	0	0	0	0	0	0	0	0	0
chr7	573548	577789	Amillepora10953	9	0	0	0	0	0	0	0	0	0
chr7	523821	538556	Amillepora10949	17	0	0	0	0	0	0	0	0	0
chr7	450132	518073	Amillepora10946	85	2	0.023529411764705882	0.023529411764705882	2.3529411764705883	0	15.247721049352895	1.6538475539636426	100	0
chr7	663973	676943	Amillepora10964	7	0	0	0	0	0	0	0	0	0
chr7	643749	659511	Amillepora10963	11	1	0.09090909090909091	0.09090909090909091	9.090909090909092	0	30.15113445777636	9.09090909090909	100	0
chr7	603975	613282	Amillepora10959	6	1	0.16666666666666666	0.16666666666666666	16.666666666666668	0	40.82482904638629	16.66666666666667	100	0
chr7	581010	593324	Amillepora10954	14	0	0	0	0	0	0	0	0	0
chr7	613855	643863	Amillepora10960	38	3	0.07894736842105263	0.07894736842105263	7.894736842105263	0	27.327631273309372	4.433127181293719	100	0
chr7	600179	602559	Amillepora10958	1	0	0	0	0	0	NA	NA	0	0
chr7	587451	589525	Amillepora10956	2	0	0	0	0	0	0	0	0	0
chr7	878518	881494	Amillepora10978	1	0	0	0	0	0	NA	NA	0	0
chr7	862601	864365	Amillepora10975	1	0	0	0	0	0	NA	NA	0	0
chr7	827663	846445	Amillepora10972	21	2	0.09523809523809523	0.09523809523809523	9.523809523809524	0	30.079260375911925	6.563832739090582	100	0
chr7	811543	815211	Amillepora10970	5	0	0	0	0	0	0	0	0	0
chr7	815231	827812	Amillepora10971	5	3	0.6	0.6	60	100	54.772255750516614	24.49489742783178	100	0
chr7	787266	802157	Amillepora10969	12	0	0	0	0	0	0	0	0	0
chr7	842739	848195	Amillepora10973	10	0	0	0	0	0	0	0	0	0
chr7	931719	946549	Amillepora10983	13	1	0.07692307692307693	0.07692307692307693	7.6923076923076925	0	27.735009811261456	7.6923076923076925	100	0
chr7	972451	979053	Amillepora10987	4	1	0.25	0.2	25	0	50	25	100	0
chr7	888652	894818	Amillepora10979	4	0	0	0	0	0	0	0	0	0
chr7	967156	972378	Amillepora10986	5	2	0.4	0.4	40	0	54.772255750516614	24.49489742783178	100	0
chr7	893054	893419	Amillepora10980	1	0	0	0	0	0	NA	NA	0	0
chr7	960909	965668	Amillepora10985	11	2	0.18181818181818182	0.18181818181818182	18.181818181818183	0	40.45199174779453	12.196734422726125	100	0
chr7	947308	958927	Amillepora10984	18	0	0	0	0	0	0	0	0	0
chr7	1045228	1051845	Amillepora10994	1	1	1	1	100	100	NA	NA	100	100
chr7	1036424	1044946	Amillepora10993	2	1	0.5	0.5	50	50	70.71067811865476	50	100	0
chr7	1023401	1035588	Amillepora10992	3	1	0.3333333333333333	0.3333333333333333	33.333333333333336	0	57.735026918962575	33.333333333333336	100	0
chr7	980458	1014192	Amillepora10990	17	2	0.11764705882352941	0.11764705882352941	11.764705882352942	0	33.21055820775358	8.05474349272303	100	0
chr7	1125324	1129793	Amillepora11002	1	0	0	0	0	0	NA	NA	0	0
chr7	1130164	1131726	Amillepora11003	1	0	0	0	0	0	NA	NA	0	0
chr7	1640365	1641609	Amillepora11024	6	0	0	0	0	0	0	0	0	0
chr7	1750623	1752853	Amillepora11033	8	0	0	0	0	0	0	0	0	0
chr7	1730629	1748907	Amillepora11032	16	4	0.25	0.23529411764705882	25	0	44.721359549995796	11.180339887498949	100	0
chr7	1758549	1786445	Amillepora11035	23	2	0.08695652173913043	0.08695652173913043	8.695652173913043	0	28.810406552003034	6.007385040937022	100	0
chr7	1705499	1728730	Amillepora11030	36	1	0.027777777777777776	0.027777777777777776	2.7777777777777777	0	16.666666666666664	2.777777777777778	100	0
chr7	1683728	1685048	Amillepora11028	2	0	0	0	0	0	0	0	0	0
chr7	1691029	1702929	Amillepora11029	1	0	0	0	0	0	NA	NA	0	0
chr7	1847707	1849647	Amillepora11044	8	0	0	0	0	0	0	0	0	0
chr7	1791835	1795156	Amillepora11036	2	2	1	1	100	100	0	0	100	100
chr7	1864678	1877370	Amillepora11045	12	1	0.08333333333333333	0.08333333333333333	8.333333333333334	0	28.867513459481295	8.333333333333334	100	0
chr7	1819847	1845696	Amillepora11042	23	2	0.08695652173913043	0.08695652173913043	8.695652173913043	0	28.810406552003034	6.007385040937022	100	0
chr7	1802436	1806258	Amillepora11038	6	0	0	0	0	0	0	0	0	0
chr7	1810004	1812752	Amillepora11040	9	1	0.1111111111111111	0.1111111111111111	11.11111111111111	0	33.333333333333336	11.111111111111112	100	0
chr7	1815660	1818293	Amillepora11041	13	0	0	0	0	0	0	0	0	0
chr7	1797631	1800702	Amillepora11037	9	0	0	0	0	0	0	0	0	0
chr7	1807372	1808830	Amillepora11039	2	1	0.5	0.5	50	50	70.71067811865476	50	100	0
chr7	1961904	1972189	Amillepora11051	16	0	0	0	0	0	0	0	0	0
chr7	1900663	1944039	Amillepora11047	50	2	0.04	0.0392156862745098	4	0	19.79486637221574	2.7994168488950604	100	0
chr7	1958473	1961251	Amillepora11050	8	1	0.125	0.125	12.5	0	35.35533905932738	12.5	100	0
chr7	1946098	1951841	Amillepora11049	4	1	0.25	0.25	25	0	50	25	100	0
chr7	1887846	1899429	Amillepora11046	5	0	0	0	0	0	0	0	0	0
chr7	2142346	2157228	Amillepora11055	1	0	0	0	0	0	NA	NA	0	0
chr7	2113508	2119291	Amillepora11054	5	0	0	0	0	0	0	0	0	0
chr7	2097033	2107308	Amillepora11053	14	0	0	0	0	0	0	0	0	0
chr7	2246153	2258806	Amillepora11063	12	0	0	0	0	0	0	0	0	0
chr7	2270030	2279268	Amillepora11065	5	2	0.4	0.4	40	0	54.772255750516614	24.49489742783178	100	0
chr7	2222514	2246002	Amillepora11062	25	0	0	0	0	0	0	0	0	0
chr7	2197994	2219961	Amillepora11061	36	0	0	0	0	0	0	0	0	0
chr7	2160327	2172365	Amillepora11056	7	0	0	0	0	0	0	0	0	0
chr7	2175501	2185079	Amillepora11058	11	0	0	0	0	0	0	0	0	0
chr7	2331373	2349217	Amillepora11067	10	3	0.3	0.3	30	0	48.3045891539648	15.275252316519467	100	0
chr7	2305205	2330680	Amillepora11066	18	2	0.1111111111111111	0.1111111111111111	11.11111111111111	0	32.33808333817772	7.622159339667059	100	0
chr7	2350214	2360283	Amillepora11069	9	1	0.1111111111111111	0.1111111111111111	11.11111111111111	0	33.333333333333336	11.111111111111112	100	0
chr7	2380781	2385784	Amillepora11074	2	1	0.5	0.5	50	50	70.71067811865476	50	100	0
chr7	2366610	2372078	Amillepora11073	1	0	0	0	0	0	NA	NA	0	0
chr7	2361437	2366010	Amillepora11072	5	0	0	0	0	0	0	0	0	0
chr7	2441699	2450522	Amillepora11084	1	0	0	0	0	0	NA	NA	0	0
chr7	2413753	2415519	Amillepora11078	6	0	0	0	0	0	0	0	0	0
chr7	2455451	2480168	Amillepora11086	23	1	0.043478260869565216	0.043478260869565216	4.3478260869565215	0	20.851441405707472	4.347826086956522	100	0
chr7	2389926	2391071	Amillepora11075	4	0	0	0	0	0	0	0	0	0
chr7	2404999	2406144	Amillepora11077	1	0	0	0	0	0	NA	NA	0	0
chr7	2392490	2393626	Amillepora11076	1	0	0	0	0	0	NA	NA	0	0
chr7	2419141	2420916	Amillepora11079	5	0	0	0	0	0	0	0	0	0
chr7	2474187	2486534	Amillepora11087	3	1	0.3333333333333333	0.3333333333333333	33.333333333333336	0	57.735026918962575	33.333333333333336	100	0
chr7	2427259	2435323	Amillepora11080	1	1	1	1	100	100	NA	NA	100	100
chr7	2506871	2521507	Amillepora11089	26	0	0	0	0	0	0	0	0	0
chr7	2530465	2533734	Amillepora11090	7	0	0	0	0	0	0	0	0	0
chr7	2564123	2573323	Amillepora11097	2	0	0	0	0	0	0	0	0	0
chr7	2537483	2542370	Amillepora11092	8	0	0	0	0	0	0	0	0	0
chr7	2530966	2534096	Amillepora11091	9	0	0	0	0	0	0	0	0	0
chr7	2541197	2560560	Amillepora11093	9	0	0	0	0	0	0	0	0	0
chr7	2670725	2673139	Amillepora11104	7	0	0	0	0	0	0	0	0	0
chr7	2645745	2664036	Amillepora11102	5	1	0.2	0.2	20	0	44.721359549995796	20	100	0
chr7	2601470	2634426	Amillepora11099	12	1	0.08333333333333333	0.08333333333333333	8.333333333333334	0	28.867513459481305	8.333333333333334	100	0
chr7	2713545	2717699	Amillepora11107	5	1	0.2	0.2	20	0	44.721359549995796	20	100	0
chr7	2674869	2693303	Amillepora11105	15	1	0.06666666666666667	0.06666666666666667	6.666666666666667	0	25.81988897471611	6.666666666666666	100	0
chr7	2732185	2734317	Amillepora11109	3	0	0	0	0	0	0	0	0	0
chr7	2695953	2713243	Amillepora11106	3	1	0.3333333333333333	0.3333333333333333	33.333333333333336	0	57.735026918962575	33.333333333333336	100	0
chr7	2737070	2738084	Amillepora11110	2	0	0	0	0	0	0	0	0	0
chr7	2773538	2776578	Amillepora11114	3	0	0	0	0	0	0	0	0	0
chr7	2738494	2739073	Amillepora11112	1	0	0	0	0	0	NA	NA	0	0
chr7	2766881	2772278	Amillepora11113	6	0	0	0	0	0	0	0	0	0
chr7	2847677	2852706	Amillepora11122	7	1	0.14285714285714285	0.125	14.285714285714286	0	37.79644730092272	14.285714285714285	100	0
chr7	2792079	2797049	Amillepora11119	1	0	0	0	0	0	NA	NA	0	0
chr7	2840982	2847218	Amillepora11121	1	1	1	1	100	100	NA	NA	100	100
chr7	2797125	2825739	Amillepora11120	5	3	0.6	0.6	60	100	54.772255750516614	24.49489742783178	100	0
chr7	2910935	2926758	Amillepora11126	38	0	0	0	0	0	0	0	0	0
chr7	2875984	2891910	Amillepora11124	31	1	0.03225806451612903	0.029411764705882353	3.225806451612903	0	17.9605302026775	3.2258064516129035	100	0
chr7	2854085	2874167	Amillepora11123	37	1	0.02702702702702703	0.02702702702702703	2.7027027027027026	0	16.43989873053574	2.7027027027027026	100	0
chr7	2909173	2910464	Amillepora11125	1	0	0	0	0	0	NA	NA	0	0
chr7	3054542	3070452	Amillepora11129	33	0	0	0	0	0	0	0	0	0
chr7	2947099	2995429	Amillepora11127	75	0	0	0	0	0	0	0	0	0
chr7	2996865	3047144	Amillepora11128	94	1	0.010638297872340425	0.010638297872340425	1.0638297872340425	0	10.314212462587923	1.0638297872340425	100	0
chr7	3090201	3094043	Amillepora11131	9	0	0	0	0	0	0	0	0	0
chr7	3086017	3087587	Amillepora11130	1	1	1	1	100	100	NA	NA	100	100
chr7	3166615	3186550	Amillepora11136	5	2	0.4	0.4	40	0	54.772255750516614	24.49489742783178	100	0
chr7	3236088	3246829	Amillepora11139	3	1	0.3333333333333333	0.3333333333333333	33.333333333333336	0	57.735026918962575	33.333333333333336	100	0
chr7	3325401	3334445	Amillepora11142	1	0	0	0	0	0	NA	NA	0	0
chr7	3357765	3376697	Amillepora11145	3	0	0	0	0	0	0	0	0	0
chr7	3302477	3312715	Amillepora11141	3	1	0.3333333333333333	0.3333333333333333	33.333333333333336	0	57.735026918962575	33.333333333333336	100	0
chr7	3426488	3444613	Amillepora11150	6	0	0	0	0	0	0	0	0	0
chr7	3401613	3412667	Amillepora11149	4	0	0	0	0	0	0	0	0	0
chr7	3544304	3544855	Amillepora11155	1	0	0	0	0	0	NA	NA	0	0
chr7	3501342	3523157	Amillepora11154	4	1	0.25	0.25	25	0	50	25	100	0
chr7	3575999	3588696	Amillepora11159	15	1	0.06666666666666667	0.06666666666666667	6.666666666666667	0	25.81988897471611	6.666666666666666	100	0
chr7	3773727	3775071	Amillepora11173	1	0	0	0	0	0	NA	NA	0	0
chr7	3918286	3923457	Amillepora11181	5	0	0	0	0	0	0	0	0	0
chr7	3950493	3951475	Amillepora11182	1	0	0	0	0	0	NA	NA	0	0
chr7	4135684	4146412	Amillepora11186	7	1	0.14285714285714285	0.14285714285714285	14.285714285714286	0	37.79644730092272	14.285714285714285	100	0
chr7	4147269	4151859	Amillepora11187	3	2	0.6666666666666666	0.6666666666666666	66.66666666666667	100	57.73502691896258	33.333333333333336	100	0
chr7	4168132	4174759	Amillepora11188	7	0	0	0	0	0	0	0	0	0
chr7	4123671	4125131	Amillepora11185	3	0	0	0	0	0	0	0	0	0
chr7	4218234	4225659	Amillepora11194	2	0	0	0	0	0	0	0	0	0
chr7	4197437	4200268	Amillepora11191	8	2	0.25	0.25	25	0	46.29100498862757	16.366341767699428	100	0
chr7	4228253	4246832	Amillepora11195	19	3	0.15789473684210525	0.15789473684210525	15.789473684210526	0	37.46343246326775	8.5947008518708	100	0
chr7	4439021	4444770	Amillepora11201	3	0	0	0	0	0	0	0	0	0
chr7	4475909	4486948	Amillepora11204	4	0	0	0	0	0	0	0	0	0
chr7	4514547	4541770	Amillepora11206	18	0	0	0	0	0	0	0	0	0
chr7	4646397	4649749	Amillepora11216	1	1	1	1	100	100	NA	NA	100	100
chr7	4664032	4677176	Amillepora11221	12	0	0	0	0	0	0	0	0	0
chr7	4655117	4659154	Amillepora11218	1	0	0	0	0	0	NA	NA	0	0
chr7	4561526	4607665	Amillepora11209	6	1	0.16666666666666666	0.16666666666666666	16.666666666666668	0	40.82482904638629	16.66666666666667	100	0
chr7	4648720	4654911	Amillepora11217	1	1	1	1	100	100	NA	NA	100	100
chr7	4612870	4617069	Amillepora11211	3	0	0	0	0	0	0	0	0	0
chr7	4702045	4702899	Amillepora11226	1	0	0	0	0	0	NA	NA	0	0
chr7	4736342	4745400	Amillepora11229	26	1	0.038461538461538464	0.038461538461538464	3.8461538461538463	0	19.61161351381839	3.8461538461538467	100	0
chr7	4706681	4708829	Amillepora11227	4	1	0.25	0.25	25	0	50	25	100	0
chr7	4712065	4731964	Amillepora11228	23	0	0	0	0	0	0	0	0	0
chr7	4679897	4689218	Amillepora11223	19	0	0	0	0	0	0	0	0	0
chr7	4756660	4762665	Amillepora11230	1	0	0	0	0	0	NA	NA	0	0
chr7	4690177	4698446	Amillepora11225	13	0	0	0	0	0	0	0	0	0
chr7	4864050	4874316	Amillepora11239	4	0	0	0	0	0	0	0	0	0
chr7	4801766	4814344	Amillepora11235	16	0	0	0	0	0	0	0	0	0
chr7	4799974	4801674	Amillepora11234	1	0	0	0	0	0	NA	NA	0	0
chr7	4906963	4920857	Amillepora11240	2	0	0	0	0	0	0	0	0	0
chr7	4985119	4986375	Amillepora11242	1	0	0	0	0	0	NA	NA	0	0
chr7	5033630	5046623	Amillepora11245	2	0	0	0	0	0	0	0	0	0
chr7	5027443	5032408	Amillepora11244	4	0	0	0	0	0	0	0	0	0
chr7	5122774	5124550	Amillepora11248	3	0	0	0	0	0	0	0	0	0
chr7	5076517	5088319	Amillepora11246	1	1	1	1	100	100	NA	NA	100	100
chr7	5160408	5169310	Amillepora11250	7	1	0.14285714285714285	0.14285714285714285	14.285714285714286	0	37.79644730092272	14.285714285714285	100	0
chr7	5173732	5177473	Amillepora11252	5	0	0	0	0	0	0	0	0	0
chr7	5241901	5247479	Amillepora11256	5	2	0.4	0.4	40	0	54.772255750516614	24.49489742783178	100	0
chr7	5216437	5226602	Amillepora11254	16	0	0	0	0	0	0	0	0	0
chr7	5250357	5260882	Amillepora11257	5	1	0.2	0.2	20	0	44.721359549995796	20	100	0
chr7	5232101	5236182	Amillepora11255	2	1	0.5	0.5	50	50	70.71067811865476	50	100	0
chr7	5310965	5335689	Amillepora11262	6	2	0.3333333333333333	0.3333333333333333	33.333333333333336	0	51.63977794943222	21.081851067789195	100	0
chr7	5360501	5365463	Amillepora11267	1	1	1	1	100	100	NA	NA	100	100
chr7	5337851	5339296	Amillepora11264	7	1	0.14285714285714285	0.14285714285714285	14.285714285714286	0	37.79644730092272	14.285714285714285	100	0
chr7	5351156	5352598	Amillepora11265	5	0	0	0	0	0	0	0	0	0
chr7	5316529	5335698	Amillepora11263	2	0	0	0	0	0	0	0	0	0
chr7	5281646	5310790	Amillepora11260	11	10	0.9090909090909091	0.9090909090909091	90.9090909090909	100	30.151134457776358	9.09090909090909	100	0
chr7	5353820	5358075	Amillepora11266	4	1	0.25	0.25	25	0	50	25	100	0
chr7	5454129	5457424	Amillepora11281	2	2	1	1	100	100	0	0	100	100
chr7	5389285	5403293	Amillepora11271	3	2	0.6666666666666666	0.6666666666666666	66.66666666666667	100	57.735026918962575	33.333333333333336	100	0
chr7	5425482	5452247	Amillepora11278	29	6	0.20689655172413793	0.20689655172413793	20.689655172413794	0	41.225082039488555	7.655305550699534	100	0
chr7	5412303	5416426	Amillepora11276	2	1	0.5	0.5	50	50	70.71067811865476	50	100	0
chr7	5410819	5411334	Amillepora11275	2	0	0	0	0	0	0	0	0	0
chr7	5403149	5408271	Amillepora11272	2	0	0	0	0	0	0	0	0	0
chr7	5374819	5387627	Amillepora11268	8	3	0.375	0.375	37.5	0	51.75491695067657	18.298126367784995	100	0
chr7	5457741	5462356	Amillepora11282	4	2	0.5	0.5	50	50	57.735026918962575	28.867513459481287	100	0
chr7	5463688	5465301	Amillepora11283	8	0	0	0	0	0	0	0	0	0
chr7	5524642	5539651	Amillepora11289	41	0	0	0	0	0	0	0	0	0
chr7	5510221	5511834	Amillepora11287	4	0	0	0	0	0	0	0	0	0
chr7	5472215	5506090	Amillepora11284	40	2	0.05	0.05	5	0	22.072142786315226	3.489912202260564	100	0
chr7	5559956	5582332	Amillepora11291	32	1	0.03125	0.03125	3.125	0	17.67766952966369	3.125	100	0
chr7	5515336	5516056	Amillepora11288	2	0	0	0	0	0	0	0	0	0
chr7	5638911	5655827	Amillepora11295	10	0	0	0	0	0	0	0	0	0
chr7	5593932	5610365	Amillepora11293	2	0	0	0	0	0	0	0	0	0
chr7	5735514	5740457	Amillepora11308	6	0	0	0	0	0	0	0	0	0
chr7	5664471	5684974	Amillepora11296	5	0	0	0	0	0	0	0	0	0
chr7	5698547	5709570	Amillepora11299	5	0	0	0	0	0	0	0	0	0
chr7	5718720	5724650	Amillepora11305	5	0	0	0	0	0	0	0	0	0
chr7	5742234	5752019	Amillepora11309	7	0	0	0	0	0	0	0	0	0
chr7	5762005	5764327	Amillepora11311	2	0	0	0	0	0	0	0	0	0
chr7	5731642	5732875	Amillepora11306	2	0	0	0	0	0	0	0	0	0
chr7	5685200	5686090	Amillepora11297	4	0	0	0	0	0	0	0	0	0
chr7	5688913	5691286	Amillepora11298	2	0	0	0	0	0	0	0	0	0
chr7	5847522	5849962	Amillepora11318	4	0	0	0	0	0	0	0	0	0
chr7	5786268	5795397	Amillepora11314	7	0	0	0	0	0	0	0	0	0
chr7	5806417	5811153	Amillepora11315	4	0	0	0	0	0	0	0	0	0
chr7	5774391	5785267	Amillepora11312	9	0	0	0	0	0	0	0	0	0
chr7	5851383	5864995	Amillepora11319	21	0	0	0	0	0	0	0	0	0
chr7	5823946	5844216	Amillepora11317	23	0	0	0	0	0	0	0	0	0
chr7	5887103	5888077	Amillepora11321	1	0	0	0	0	0	NA	NA	0	0
chr7	5869022	5882501	Amillepora11320	4	0	0	0	0	0	0	0	0	0
chr7	5906156	5912551	Amillepora11322	1	0	0	0	0	0	NA	NA	0	0
chr7	6050003	6051295	Amillepora11327	1	0	0	0	0	0	NA	NA	0	0
chr7	6042047	6048744	Amillepora11326	2	0	0	0	0	0	0	0	0	0
chr7	6131211	6142247	Amillepora11333	13	0	0	0	0	0	0	0	0	0
chr7	6169564	6179947	Amillepora11335	17	0	0	0	0	0	0	0	0	0
chr7	6103423	6104826	Amillepora11330	1	0	0	0	0	0	NA	NA	0	0
chr7	6142598	6153792	Amillepora11334	5	0	0	0	0	0	0	0	0	0
chr7	6079110	6085549	Amillepora11328	13	0	0	0	0	0	0	0	0	0
chr7	6114546	6117390	Amillepora11332	1	1	1	1	100	100	NA	NA	100	100
chr7	6202499	6208665	Amillepora11338	8	0	0	0	0	0	0	0	0	0
chr7	6262650	6267525	Amillepora11346	13	1	0.07692307692307693	0.07692307692307693	7.6923076923076925	0	27.735009811261456	7.6923076923076925	100	0
chr7	6188951	6199655	Amillepora11337	9	0	0	0	0	0	0	0	0	0
chr7	6180484	6188841	Amillepora11336	6	1	0.16666666666666666	0.16666666666666666	16.666666666666668	0	40.8248290463863	16.66666666666667	100	0
chr7	6319350	6324881	Amillepora11353	10	1	0.1	0.1	10	0	31.622776601683793	10	100	0
chr7	6289582	6302563	Amillepora11349	5	2	0.4	0.4	40	0	54.772255750516614	24.49489742783178	100	0
chr7	6359011	6360294	Amillepora11356	2	0	0	0	0	0	0	0	0	0
chr7	6297775	6302158	Amillepora11351	1	0	0	0	0	0	NA	NA	0	0
chr7	6327473	6336911	Amillepora11354	10	0	0	0	0	0	0	0	0	0
chr7	6303074	6318647	Amillepora11352	21	2	0.09523809523809523	0.09523809523809523	9.523809523809524	0	30.079260375911936	6.563832739090582	100	0
chr7	6275538	6289627	Amillepora11348	6	2	0.3333333333333333	0.3333333333333333	33.333333333333336	0	51.63977794943222	21.081851067789195	100	0
chr7	6374300	6386686	Amillepora11357	5	0	0	0	0	0	0	0	0	0
chr7	6467601	6469950	Amillepora11366	6	0	0	0	0	0	0	0	0	0
chr7	6423334	6458348	Amillepora11363	30	1	0.03333333333333333	0.03333333333333333	3.3333333333333335	0	18.25741858350554	3.333333333333333	100	0
chr7	6387888	6407773	Amillepora11359	18	0	0	0	0	0	0	0	0	0
chr7	6392633	6393091	Amillepora11360	2	0	0	0	0	0	0	0	0	0
chr7	6447455	6453954	Amillepora11365	3	1	0.3333333333333333	0.3333333333333333	33.333333333333336	0	57.735026918962575	33.333333333333336	100	0
chr7	6397029	6401107	Amillepora11361	2	0	0	0	0	0	0	0	0	0
chr7	6402187	6415720	Amillepora11362	14	0	0	0	0	0	0	0	0	0
chr7	6492098	6519891	Amillepora11368	29	1	0.034482758620689655	0.034482758620689655	3.4482758620689653	0	18.569533817705192	3.4482758620689653	100	0
chr7	6484939	6487919	Amillepora11367	5	0	0	0	0	0	0	0	0	0
chr7	6521984	6528282	Amillepora11370	10	0	0	0	0	0	0	0	0	0
chr7	6583375	6587561	Amillepora11375	6	0	0	0	0	0	0	0	0	0
chr7	6568648	6569617	Amillepora11373	5	0	0	0	0	0	0	0	0	0
chr7	6553299	6554045	Amillepora11371	4	0	0	0	0	0	0	0	0	0
chr7	6640115	6651051	Amillepora11383	14	0	0	0	0	0	0	0	0	0
chr7	6578122	6593040	Amillepora11374	12	1	0.08333333333333333	0.08333333333333333	8.333333333333334	0	28.867513459481295	8.333333333333334	100	0
chr7	6629435	6630384	Amillepora11382	6	0	0	0	0	0	0	0	0	0
chr7	6660958	6667301	Amillepora11384	10	0	0	0	0	0	0	0	0	0
chr7	6599890	6606499	Amillepora11377	10	0	0	0	0	0	0	0	0	0
chr7	6614571	6619910	Amillepora11381	5	0	0	0	0	0	0	0	0	0
chr7	6610524	6613455	Amillepora11380	2	0	0	0	0	0	0	0	0	0
chr7	6681356	6746969	Amillepora11385	73	1	0.0136986301369863	0.0136986301369863	1.36986301369863	0	11.70411471961306	1.3698630136986303	100	0
chr7	6787093	6831044	Amillepora11387	36	1	0.027777777777777776	0.027777777777777776	2.7777777777777777	0	16.666666666666668	2.777777777777778	100	0
chr7	6846198	6863932	Amillepora11390	5	0	0	0	0	0	0	0	0	0
chr7	6961094	6963759	Amillepora11399	1	0	0	0	0	0	NA	NA	0	0
chr7	7069502	7075173	Amillepora11406	1	1	1	1	100	100	NA	NA	100	100
chr7	7009713	7011624	Amillepora11403	2	0	0	0	0	0	0	0	0	0
chr7	7011663	7012229	Amillepora11404	1	0	0	0	0	0	NA	NA	0	0
chr7	6936591	6939245	Amillepora11397	3	0	0	0	0	0	0	0	0	0
chr7	6882143	6903774	Amillepora11392	3	0	0	0	0	0	0	0	0	0
chr7	6986026	6995145	Amillepora11402	2	1	0.5	0.3333333333333333	25	25	35.35533905932738	25	50	0
chr7	7102294	7103088	Amillepora11407	1	0	0	0	0	0	NA	NA	0	0
chr7	7159368	7163267	Amillepora11412	1	0	0	0	0	0	NA	NA	0	0
chr7	7163271	7164707	Amillepora11413	2	0	0	0	0	0	0	0	0	0
chr7	7244779	7247019	Amillepora11415	2	0	0	0	0	0	0	0	0	0
chr7	7199638	7201545	Amillepora11414	2	0	0	0	0	0	0	0	0	0
chr7	7374979	7376721	Amillepora11426	2	0	0	0	0	0	0	0	0	0
chr7	7338569	7339738	Amillepora11425	1	0	0	0	0	0	NA	NA	0	0
chr7	7412915	7414170	Amillepora11430	1	0	0	0	0	0	NA	NA	0	0
chr7	7442391	7444756	Amillepora11432	4	0	0	0	0	0	0	0	0	0
chr7	7400769	7401476	Amillepora11428	1	0	0	0	0	0	NA	NA	0	0
chr7	7541188	7543422	Amillepora11441	1	0	0	0	0	0	NA	NA	0	0
chr7	7587217	7593589	Amillepora11443	1	0	0	0	0	0	NA	NA	0	0
chr7	7636267	7637331	Amillepora11445	1	0	0	0	0	0	NA	NA	0	0
chr7	7580801	7582480	Amillepora11442	2	0	0	0	0	0	0	0	0	0
chr7	7641437	7642697	Amillepora11449	4	1	0.25	0.25	25	0	50	25	100	0
chr7	7644779	7680195	Amillepora11450	26	0	0	0	0	0	0	0	0	0
chr7	7741427	7748193	Amillepora11459	3	0	0	0	0	0	0	0	0	0
chr7	7701016	7705525	Amillepora11456	5	0	0	0	0	0	0	0	0	0
chr7	7776211	7783129	Amillepora11461	1	0	0	0	0	0	NA	NA	0	0
chr7	7721227	7730793	Amillepora11457	1	0	0	0	0	0	NA	NA	0	0
chr7	7692719	7697766	Amillepora11455	8	0	0	0	0	0	0	0	0	0
chr7	7680964	7681655	Amillepora11453	1	0	0	0	0	0	NA	NA	0	0
chr7	7755860	7756705	Amillepora11460	1	0	0	0	0	0	NA	NA	0	0
chr7	7908254	7909081	Amillepora11479	1	0	0	0	0	0	NA	NA	0	0
chr7	8067689	8070016	Amillepora11485	1	0	0	0	0	0	NA	NA	0	0
chr7	8003873	8007784	Amillepora11481	1	1	1	1	100	100	NA	NA	100	100
chr7	8008637	8027788	Amillepora11483	2	0	0	0	0	0	0	0	0	0
chr7	8127906	8130233	Amillepora11489	1	1	1	1	100	100	NA	NA	100	100
chr7	8134682	8138160	Amillepora11490	1	0	0	0	0	0	NA	NA	0	0
chr7	8118257	8121775	Amillepora11487	2	0	0	0	0	0	0	0	0	0
chr7	8229991	8234131	Amillepora11495	4	0	0	0	0	0	0	0	0	0
chr7	8207653	8213905	Amillepora11494	3	1	0.3333333333333333	0.3333333333333333	33.333333333333336	0	57.735026918962575	33.333333333333336	100	0
chr7	8267064	8271980	Amillepora11497	2	0	0	0	0	0	0	0	0	0
chr7	8248772	8249946	Amillepora11496	3	0	0	0	0	0	0	0	0	0
chr7	8365432	8365932	Amillepora11501	1	0	0	0	0	0	NA	NA	0	0
chr7	8311764	8313525	Amillepora11498	3	0	0	0	0	0	0	0	0	0
chr7	8457119	8459003	Amillepora11504	1	0	0	0	0	0	NA	NA	0	0
chr7	8518890	8525422	Amillepora11510	1	0	0	0	0	0	NA	NA	0	0
chr7	8472936	8483440	Amillepora11506	5	3	0.6	0.6	60	100	54.772255750516614	24.49489742783178	100	0
chr7	8483626	8487057	Amillepora11507	2	1	0.5	0.5	50	50	70.71067811865476	50	100	0
chr7	8623637	8625359	Amillepora11520	1	0	0	0	0	0	NA	NA	0	0
chr7	8575379	8579094	Amillepora11516	1	0	0	0	0	0	NA	NA	0	0
chr7	8621843	8622451	Amillepora11519	2	1	0.5	0.5	50	50	70.71067811865476	50	100	0
chr7	8591012	8592559	Amillepora11517	3	1	0.3333333333333333	0.3333333333333333	33.333333333333336	0	57.735026918962575	33.333333333333336	100	0
chr7	8742924	8744028	Amillepora11529	1	1	1	1	100	100	NA	NA	100	100
chr7	8768227	8769583	Amillepora11530	1	0	0	0	0	0	NA	NA	0	0
chr7	8868556	8872741	Amillepora11588	4	0	0	0	0	0	0	0	0	0
chr7	8861182	8861839	Amillepora11586	1	1	1	1	100	100	NA	NA	100	100
chr7	8873900	8883800	Amillepora11589	6	4	0.6666666666666666	0.6666666666666666	66.66666666666667	100	51.63977794943223	21.081851067789195	100	0
chr7	8843790	8851262	Amillepora11585	5	0	0	0	0	0	0	0	0	0
chr7	8968176	8979426	Amillepora11597	16	1	0.0625	0.0625	6.25	0	25	6.25	100	0
chr7	8931283	8932854	Amillepora11596	4	0	0	0	0	0	0	0	0	0
chr7	8902281	8928278	Amillepora11593	21	2	0.09523809523809523	0.09523809523809523	9.523809523809524	0	30.079260375911925	6.563832739090582	100	0
chr7	8888261	8918252	Amillepora11590	21	2	0.09523809523809523	0.09523809523809523	9.523809523809524	0	30.07926037591192	6.563832739090582	100	0
chr7	8986293	9013789	Amillepora11598	25	1	0.04	0.04	4	0	20	4	100	0
chr7	9016481	9035664	Amillepora11599	10	2	0.2	0.2	20	0	42.16370213557839	13.333333333333332	100	0
chr7	9036650	9057844	Amillepora11601	35	0	0	0	0	0	0	0	0	0
chr7	9071473	9098247	Amillepora11602	15	7	0.4666666666666667	0.4666666666666667	46.666666666666664	0	51.63977794943223	13.333333333333332	100	0
chr7	9143279	9145027	Amillepora11609	1	0	0	0	0	0	NA	NA	0	0
chr7	9166820	9171028	Amillepora11611	2	2	1	1	100	100	0	0	100	100
chr7	9095116	9098176	Amillepora11604	2	1	0.5	0.5	50	50	70.71067811865476	50	100	0
chr7	9241859	9245432	Amillepora11616	2	1	0.5	0.5	50	50	70.71067811865476	50	100	0
chr7	9202737	9203048	Amillepora11614	1	0	0	0	0	0	NA	NA	0	0
chr7	9198263	9202268	Amillepora11613	1	1	1	1	100	100	NA	NA	100	100
chr7	9302573	9303505	Amillepora11618	1	1	1	1	100	100	NA	NA	100	100
chr7	9379961	9380971	Amillepora11625	2	1	0.5	0.5	50	50	70.71067811865476	50	100	0
chr7	9324279	9328556	Amillepora11623	1	1	1	1	100	100	NA	NA	100	100
chr7	9253673	9255694	Amillepora11617	1	0	0	0	0	0	NA	NA	0	0
chr7	9461227	9462822	Amillepora11635	1	0	0	0	0	0	NA	NA	0	0
chr7	9394195	9395343	Amillepora11628	3	0	0	0	0	0	0	0	0	0
chr7	9440525	9441172	Amillepora11633	1	1	1	1	100	100	NA	NA	100	100
chr7	9437322	9438365	Amillepora11632	4	2	0.5	0.5	50	50	57.735026918962575	28.867513459481287	100	0
chr7	9479183	9480991	Amillepora11637	1	1	1	1	100	100	NA	NA	100	100
chr7	9414340	9416265	Amillepora11630	2	1	0.5	0.5	50	50	70.71067811865476	50	100	0
chr7	9413196	9414266	Amillepora11629	1	1	1	1	100	100	NA	NA	100	100
chr7	9390534	9391126	Amillepora11627	4	0	0	0	0	0	0	0	0	0
chr7	9554109	9556712	Amillepora11650	1	0	0	0	0	0	NA	NA	0	0
chr7	9506517	9511512	Amillepora11639	2	0	0	0	0	0	0	0	0	0
chr7	9539463	9543838	Amillepora11647	2	1	0.5	0.3333333333333333	25	25	35.35533905932738	25	50	0
chr7	9566331	9568477	Amillepora11652	1	1	1	1	100	100	NA	NA	100	100
chr7	9551921	9553292	Amillepora11649	2	2	1	1	100	100	0	0	100	100
chr7	9490218	9506478	Amillepora11638	4	1	0.25	0.25	25	0	50	25	100	0
chr7	9525487	9533038	Amillepora11642	1	0	0	0	0	0	NA	NA	0	0
chr7	9543949	9549737	Amillepora11648	1	1	1	1	100	100	NA	NA	100	100
chr7	9575420	9580825	Amillepora11653	15	5	0.3333333333333333	0.3333333333333333	33.333333333333336	0	48.795003647426654	12.598815766974239	100	0
chr7	9644953	9654452	Amillepora11661	10	0	0	0	0	0	0	0	0	0
chr7	9682332	9709251	Amillepora11662	20	1	0.05	0.05	5	0	22.360679774997898	5	100	0
chr7	9737179	9750111	Amillepora11663	6	0	0	0	0	0	0	0	0	0
chr7	9872305	9888303	Amillepora11669	20	0	0	0	0	0	0	0	0	0
chr7	9794656	9795201	Amillepora11666	1	0	0	0	0	0	NA	NA	0	0
chr7	9795480	9797392	Amillepora11667	2	0	0	0	0	0	0	0	0	0
chr7	9956202	9977435	Amillepora11672	10	6	0.6	0.6	60	100	51.63977794943222	16.329931618554518	100	0
chr7	10007897	10009081	Amillepora11675	3	1	0.3333333333333333	0.3333333333333333	33.333333333333336	0	57.735026918962575	33.333333333333336	100	0
chr7	10077306	10079615	Amillepora11678	4	0	0	0	0	0	0	0	0	0
chr7	9889869	9909204	Amillepora11670	9	0	0	0	0	0	0	0	0	0
chr7	9917740	9950421	Amillepora11671	26	6	0.23076923076923078	0.23076923076923078	23.076923076923077	0	42.96689244236596	8.426500884694864	100	0
chr7	10029494	10034956	Amillepora11676	2	0	0	0	0	0	0	0	0	0
chr7	10157225	10158004	Amillepora11684	3	0	0	0	0	0	0	0	0	0
chr7	10117475	10143428	Amillepora11682	27	0	0	0	0	0	0	0	0	0
chr7	10081504	10110890	Amillepora11679	10	4	0.4	0.4	40	0	51.63977794943222	16.329931618554518	100	0
chr7	10243026	10264100	Amillepora11700	11	0	0	0	0	0	0	0	0	0
chr7	10199647	10203734	Amillepora11689	1	0	0	0	0	0	NA	NA	0	0
chr7	10337670	10339619	Amillepora11709	1	0	0	0	0	0	NA	NA	0	0
chr7	10373386	10374686	Amillepora11713	1	0	0	0	0	0	NA	NA	0	0
chr7	10360622	10364846	Amillepora11711	1	0	0	0	0	0	NA	NA	0	0
chr7	10298112	10301779	Amillepora11704	1	0	0	0	0	0	NA	NA	0	0
chr7	10425862	10429041	Amillepora11720	2	0	0	0	0	0	0	0	0	0
chr7	10459649	10475396	Amillepora11723	9	0	0	0	0	0	0	0	0	0
chr7	10429108	10440841	Amillepora11721	13	0	0	0	0	0	0	0	0	0
chr7	10445333	10450865	Amillepora11722	2	0	0	0	0	0	0	0	0	0
chr7	10482688	10488363	Amillepora11724	5	0	0	0	0	0	0	0	0	0
chr7	10492361	10497172	Amillepora11725	5	1	0.2	0.2	20	0	44.721359549995796	20	100	0
chr7	10537101	10545661	Amillepora11732	7	3	0.42857142857142855	0.42857142857142855	42.857142857142854	0	53.452248382484875	20.203050891044217	100	0
chr7	10504376	10509197	Amillepora11727	8	0	0	0	0	0	0	0	0	0
chr7	10512050	10522846	Amillepora11728	8	2	0.25	0.25	25	0	46.29100498862757	16.366341767699428	100	0
chr7	10497139	10499852	Amillepora11726	3	0	0	0	0	0	0	0	0	0
chr7	10547798	10573761	Amillepora11733	33	0	0	0	0	0	0	0	0	0
chr7	10522836	10532233	Amillepora11729	11	2	0.18181818181818182	0.18181818181818182	18.181818181818183	0	40.45199174779453	12.196734422726125	100	0
chr7	10616437	10618647	Amillepora11743	4	0	0	0	0	0	0	0	0	0
chr7	10657775	10660536	Amillepora11749	1	0	0	0	0	0	NA	NA	0	0
chr7	10584200	10589038	Amillepora11737	12	1	0.08333333333333333	0.08333333333333333	8.333333333333334	0	28.867513459481305	8.333333333333334	100	0
chr7	10592410	10603234	Amillepora11739	15	0	0	0	0	0	0	0	0	0
chr7	10589453	10591111	Amillepora11738	1	0	0	0	0	0	NA	NA	0	0
chr7	10603982	10605382	Amillepora11740	3	0	0	0	0	0	0	0	0	0
chr7	10606403	10609993	Amillepora11741	7	0	0	0	0	0	0	0	0	0
chr7	10611204	10633682	Amillepora11742	25	1	0.04	0.04	4	0	20	4	100	0
chr7	10639262	10646435	Amillepora11746	2	2	1	1	100	100	0	0	100	100
chr7	10757350	10759710	Amillepora11758	2	1	0.5	0.5	50	50	70.71067811865476	50	100	0
chr7	10651266	10657610	Amillepora11748	7	0	0	0	0	0	0	0	0	0
chr7	10736875	10740039	Amillepora11757	3	2	0.6666666666666666	0.6666666666666666	66.66666666666667	100	57.73502691896258	33.333333333333336	100	0
chr7	10663211	10666917	Amillepora11750	3	3	1	1	100	100	0	0	100	100
chr7	10698507	10699009	Amillepora11753	2	0	0	0	0	0	0	0	0	0
chr7	10823734	10824630	Amillepora11766	1	1	1	1	100	100	NA	NA	100	100
chr7	10838840	10839304	Amillepora11768	1	1	1	1	100	100	NA	NA	100	100
chr7	10876313	10877866	Amillepora11772	5	3	0.6	0.6	60	100	54.772255750516614	24.49489742783178	100	0
chr7	10790560	10791030	Amillepora11761	2	1	0.5	0.5	50	50	70.71067811865476	50	100	0
chr7	10852278	10854287	Amillepora11771	1	0	0	0	0	0	NA	NA	0	0
chr7	10816933	10818571	Amillepora11765	1	1	1	1	100	100	NA	NA	100	100
chr7	10811669	10816226	Amillepora11764	1	1	1	1	100	100	NA	NA	100	100
chr7	10954803	10956176	Amillepora11778	2	1	0.5	0.5	50	50	70.71067811865476	50	100	0
chr7	10909345	10910469	Amillepora11775	5	3	0.6	0.6	60	100	54.772255750516614	24.49489742783178	100	0
chr7	11042390	11042674	Amillepora11786	3	0	0	0	0	0	0	0	0	0
chr7	11059001	11074153	Amillepora11788	9	7	0.7777777777777778	0.7777777777777778	77.77777777777777	100	44.09585518440984	14.698618394803281	100	0
chr7	11075009	11077432	Amillepora11789	2	0	0	0	0	0	0	0	0	0
chr7	10957341	10963839	Amillepora11779	8	4	0.5	0.5	50	50	53.45224838248488	18.89822365046136	100	0
chr7	10990081	10993744	Amillepora11782	5	0	0	0	0	0	0	0	0	0
chr7	11023366	11033667	Amillepora11784	5	0	0	0	0	0	0	0	0	0
chr7	10966054	10967301	Amillepora11780	2	1	0.5	0.5	50	50	70.71067811865476	50	100	0
chr7	11134690	11166017	Amillepora11793	27	8	0.2962962962962963	0.2962962962962963	29.62962962962963	0	46.532162696807525	8.95511888632576	100	0
chr7	11111995	11115731	Amillepora11792	4	0	0	0	0	0	0	0	0	0
chr7	11110538	11111158	Amillepora11791	2	0	0	0	0	0	0	0	0	0
chr7	11199878	11201164	Amillepora11795	1	1	1	1	100	100	NA	NA	100	100
chr7	11202327	11203985	Amillepora11796	1	0	0	0	0	0	NA	NA	0	0
chr7	11248907	11250205	Amillepora11799	3	3	1	1	100	100	0	0	100	100
chr7	11273465	11279798	Amillepora11800	2	1	0.5	0.5	50	50	70.71067811865476	50	100	0
chr7	11247460	11248852	Amillepora11798	2	1	0.5	0.5	50	50	70.71067811865476	50	100	0
chr7	11197166	11199046	Amillepora11794	3	3	1	1	100	100	0	0	100	100
chr7	11296451	11298094	Amillepora11804	1	0	0	0	0	0	NA	NA	0	0
chr7	11293624	11294301	Amillepora11803	4	1	0.25	0.2	25	0	50	25	100	0
chr7	11325360	11326034	Amillepora11806	1	1	1	1	100	100	NA	NA	100	100
chr7	11291632	11293516	Amillepora11802	11	2	0.18181818181818182	0.18181818181818182	18.181818181818183	0	40.45199174779453	12.196734422726125	100	0
chr7	11299365	11300228	Amillepora11805	5	2	0.4	0.4	40	0	54.772255750516614	24.49489742783178	100	0
chr7	11525797	11529266	Amillepora11823	2	2	1	1	100	100	0	0	100	100
chr7	11557174	11558097	Amillepora11825	1	0	0	0	0	0	NA	NA	0	0
chr7	11558379	11559239	Amillepora11826	1	0	0	0	0	0	NA	NA	0	0
chr7	11559733	11562224	Amillepora11827	3	0	0	0	0	0	0	0	0	0
chr7	11666207	11667560	Amillepora11832	1	0	0	0	0	0	NA	NA	0	0
chr7	11624780	11655917	Amillepora11830	27	3	0.1111111111111111	0.1111111111111111	11.11111111111111	0	32.02563076101741	6.1633355136136565	100	0
chr7	11621739	11624547	Amillepora11829	2	0	0	0	0	0	0	0	0	0
chr7	11684809	11697454	Amillepora11835	18	0	0	0	0	0	0	0	0	0
chr7	11712463	11713131	Amillepora11836	2	0	0	0	0	0	0	0	0	0
chr7	11716036	11716788	Amillepora11837	1	0	0	0	0	0	NA	NA	0	0
chr7	11764020	11766553	Amillepora11838	1	0	0	0	0	0	NA	NA	0	0
chr7	11789362	11793844	Amillepora11842	2	0	0	0	0	0	0	0	0	0
chr7	11861032	11861916	Amillepora11848	1	1	1	1	100	100	NA	NA	100	100
chr7	11848261	11851518	Amillepora11846	2	1	0.5	0.5	50	50	70.71067811865476	50	100	0
chr7	11772847	11773293	Amillepora11840	1	0	0	0	0	0	NA	NA	0	0
chr7	11863519	11871452	Amillepora11849	2	0	0	0	0	0	0	0	0	0
chr7	11871555	11879764	Amillepora11850	2	1	0.5	0.5	50	50	70.71067811865476	50	100	0
chr7	11774176	11793024	Amillepora11841	9	6	0.6666666666666666	0.6666666666666666	66.66666666666667	100	50	16.666666666666668	100	0
chr7	11941741	11946257	Amillepora11851	2	0	0	0	0	0	0	0	0	0
chr7	11953766	11957805	Amillepora11852	1	0	0	0	0	0	NA	NA	0	0
chr7	12011130	12015986	Amillepora11857	4	3	0.75	0.75	75	100	50	25	100	0
chr7	11986890	11988369	Amillepora11854	1	1	1	1	100	100	NA	NA	100	100
chr7	12067072	12072974	Amillepora11865	8	1	0.125	0.125	12.5	0	35.35533905932738	12.5	100	0
chr7	12105785	12107401	Amillepora11870	1	0	0	0	0	0	NA	NA	0	0
chr7	12158859	12160620	Amillepora11871	4	0	0	0	0	0	0	0	0	0
chr7	12251270	12254563	Amillepora11878	2	0	0	0	0	0	0	0	0	0
chr7	12281573	12282757	Amillepora11893	1	0	0	0	0	0	NA	NA	0	0
chr7	12357269	12363081	Amillepora11897	3	1	0.3333333333333333	0.3333333333333333	33.333333333333336	0	57.735026918962575	33.333333333333336	100	0
chr7	12364073	12366910	Amillepora11898	1	0	0	0	0	0	NA	NA	0	0
chr7	12417306	12425545	Amillepora11903	1	0	0	0	0	0	NA	NA	0	0
chr7	12528182	12552936	Amillepora11908	19	0	0	0	0	0	0	0	0	0
chr7	12587787	12589776	Amillepora11913	6	1	0.16666666666666666	0.16666666666666666	16.666666666666668	0	40.82482904638629	16.66666666666667	100	0
chr7	12508381	12527027	Amillepora11907	1	1	1	1	100	100	NA	NA	100	100
chr7	12587156	12587786	Amillepora11912	3	0	0	0	0	0	0	0	0	0
chr7	12585291	12586388	Amillepora11911	1	0	0	0	0	0	NA	NA	0	0
chr7	12650957	12653363	Amillepora11916	1	0	0	0	0	0	NA	NA	0	0
chr7	12740908	12758737	Amillepora11926	3	0	0	0	0	0	0	0	0	0
chr7	12800475	12802390	Amillepora11930	6	0	0	0	0	0	0	0	0	0
chr7	12823689	12828960	Amillepora11932	3	0	0	0	0	0	0	0	0	0
chr7	12876334	12888549	Amillepora11942	15	1	0.06666666666666667	0.06666666666666667	6.666666666666667	0	25.819888974716115	6.666666666666666	100	0
chr7	12822160	12839276	Amillepora11931	14	0	0	0	0	0	0	0	0	0
chr7	12793652	12797827	Amillepora11928	1	0	0	0	0	0	NA	NA	0	0
chr7	12934426	12963458	Amillepora11946	26	1	0.038461538461538464	0.038461538461538464	3.8461538461538463	0	19.611613513818394	3.8461538461538467	100	0
chr7	12892844	12898198	Amillepora11944	7	0	0	0	0	0	0	0	0	0
chr7	12889452	12891210	Amillepora11943	3	0	0	0	0	0	0	0	0	0
chr7	12968235	12982011	Amillepora11948	12	0	0	0	0	0	0	0	0	0
chr7	12904483	12934208	Amillepora11945	28	2	0.07142857142857142	0.06666666666666667	5.357142857142857	0	20.81348260625929	3.933378492380756	100	0
chr7	12982080	12993593	Amillepora11949	8	0	0	0	0	0	0	0	0	0
chr7	12997662	13000850	Amillepora11950	1	0	0	0	0	0	NA	NA	0	0
chr7	13051846	13068234	Amillepora11954	19	2	0.10526315789473684	0.10526315789473684	10.526315789473685	0	31.530176764230585	7.233518641434491	100	0
chr7	13069312	13070406	Amillepora11956	6	0	0	0	0	0	0	0	0	0
chr7	13016560	13049779	Amillepora11951	47	7	0.14893617021276595	0.14893617021276595	14.893617021276595	0	35.987457985872275	5.249310253140095	100	0
chr7	13129701	13141104	Amillepora11958	6	0	0	0	0	0	0	0	0	0
chr7	13176489	13184090	Amillepora11963	3	0	0	0	0	0	0	0	0	0
chr7	13142302	13150121	Amillepora11959	5	1	0.2	0.2	20	0	44.721359549995796	20	100	0
chr7	13155272	13160039	Amillepora11962	6	0	0	0	0	0	0	0	0	0
chr7	13092181	13093135	Amillepora11957	1	0	0	0	0	0	NA	NA	0	0
chr7	13215039	13226967	Amillepora11968	19	0	0	0	0	0	0	0	0	0
chr7	13242109	13262456	Amillepora11969	14	3	0.21428571428571427	0.21428571428571427	21.428571428571427	0	42.581531362632	11.380392954509878	100	0
chr7	13334157	13339185	Amillepora11975	11	1	0.09090909090909091	0.09090909090909091	9.090909090909092	0	30.151134457776358	9.09090909090909	100	0
chr7	13270310	13294505	Amillepora11970	22	0	0	0	0	0	0	0	0	0
chr7	13318370	13326826	Amillepora11972	11	0	0	0	0	0	0	0	0	0
chr7	13326918	13328021	Amillepora11973	2	0	0	0	0	0	0	0	0	0
chr7	13304676	13311247	Amillepora11971	4	0	0	0	0	0	0	0	0	0
chr7	13328482	13331252	Amillepora11974	3	0	0	0	0	0	0	0	0	0
chr7	13340688	13354022	Amillepora11976	11	1	0.09090909090909091	0.09090909090909091	9.090909090909092	0	30.15113445777636	9.09090909090909	100	0
chr7	13416746	13424762	Amillepora11978	8	1	0.125	0.125	12.5	0	35.35533905932738	12.5	100	0
chr7	13405153	13416555	Amillepora11977	6	0	0	0	0	0	0	0	0	0
chr7	13638558	13639505	Amillepora11986	1	1	1	1	100	100	NA	NA	100	100
chr7	13689547	13693451	Amillepora11989	2	2	1	1	100	100	0	0	100	100
chr7	13725925	13727523	Amillepora11991	5	1	0.2	0.2	20	0	44.721359549995796	20	100	0
chr7	13738228	13740738	Amillepora11993	2	1	0.5	0.5	50	50	70.71067811865476	50	100	0
chr7	13865354	13870426	Amillepora12008	10	1	0.1	0.1	10	0	31.622776601683793	10	100	0
chr7	13787879	13792414	Amillepora11999	1	0	0	0	0	0	NA	NA	0	0
chr7	13820188	13821242	Amillepora12005	1	0	0	0	0	0	NA	NA	0	0
chr7	13938611	13942728	Amillepora12012	6	0	0	0	0	0	0	0	0	0
chr7	13903071	13922178	Amillepora12009	13	0	0	0	0	0	0	0	0	0
chr7	13977065	13980934	Amillepora12017	4	0	0	0	0	0	0	0	0	0
chr7	13947101	13948769	Amillepora12013	3	0	0	0	0	0	0	0	0	0
chr7	13972802	13973886	Amillepora12016	2	0	0	0	0	0	0	0	0	0
chr7	13931541	13933579	Amillepora12011	1	0	0	0	0	0	NA	NA	0	0
chr7	14010305	14012466	Amillepora12023	7	0	0	0	0	0	0	0	0	0
chr7	14069977	14079437	Amillepora12031	5	3	0.6	0.6	60	100	54.772255750516614	24.49489742783178	100	0
chr7	14016008	14021607	Amillepora12024	7	0	0	0	0	0	0	0	0	0
chr7	13995752	13997509	Amillepora12021	1	0	0	0	0	0	NA	NA	0	0
chr7	14053202	14064570	Amillepora12030	17	0	0	0	0	0	0	0	0	0
chr7	14022097	14031150	Amillepora12025	1	0	0	0	0	0	NA	NA	0	0
chr7	14041790	14044628	Amillepora12028	2	1	0.5	0.5	50	50	70.71067811865476	50	100	0
chr7	14131581	14148351	Amillepora12034	16	0	0	0	0	0	0	0	0	0
chr7	14098407	14113739	Amillepora12033	10	1	0.1	0.18181818181818182	10	0	31.622776601683793	10	100	0
chr7	14164579	14175059	Amillepora12036	7	1	0.14285714285714285	0.14285714285714285	14.285714285714286	0	37.79644730092272	14.285714285714285	100	0
chr7	14085162	14100008	Amillepora12032	11	4	0.36363636363636365	0.4166666666666667	36.36363636363637	0	50.4524979109513	15.212000482437738	100	0
chr7	14243897	14246839	Amillepora12042	2	1	0.5	0.5	50	50	70.71067811865476	50	100	0
chr7	14189393	14198447	Amillepora12039	11	0	0	0	0	0	0	0	0	0
chr7	14200414	14201637	Amillepora12040	1	0	0	0	0	0	NA	NA	0	0
chr7	14368464	14370024	Amillepora12047	1	0	0	0	0	0	NA	NA	0	0
chr7	14291661	14295728	Amillepora12044	9	2	0.2222222222222222	0.2222222222222222	22.22222222222222	0	44.09585518440984	14.698618394803281	100	0
chr7	14375431	14400949	Amillepora12048	3	1	0.3333333333333333	0.3333333333333333	33.333333333333336	0	57.735026918962575	33.333333333333336	100	0
chr7	14471266	14476338	Amillepora12060	1	0	0	0	0	0	NA	NA	0	0
chr7	14393991	14400168	Amillepora12054	1	1	1	1	100	100	NA	NA	100	100
chr7	14389438	14393782	Amillepora12050	1	0	0	0	0	0	NA	NA	0	0
chr7	14485425	14487725	Amillepora12061	2	1	0.5	0.5	50	50	70.71067811865476	50	100	0
chr7	14554863	14570687	Amillepora12065	15	0	0	0	0	0	0	0	0	0
chr7	14582626	14584490	Amillepora12067	2	0	0	0	0	0	0	0	0	0
chr7	14580791	14581269	Amillepora12066	2	0	0	0	0	0	0	0	0	0
chr7	14592974	14608537	Amillepora12068	9	0	0	0	0	0	0	0	0	0
chr7	14644071	14645117	Amillepora12071	1	0	0	0	0	0	NA	NA	0	0
chr7	14641705	14644038	Amillepora12070	3	0	0	0	0	0	0	0	0	0
chr7	14742601	14750390	Amillepora12088	2	0	0	0	0	0	0	0	0	0
chr7	14693640	14709761	Amillepora12085	17	0	0	0	0	0	0	0	0	0
chr7	14714364	14724987	Amillepora12086	14	4	0.2857142857142857	0.2857142857142857	28.571428571428573	0	46.88072309384955	12.529400275814705	100	0
chr7	14669690	14691732	Amillepora12084	12	0	0	0	0	0	0	0	0	0
chr7	14815510	14818682	Amillepora12100	2	1	0.5	0.5	50	50	70.71067811865476	50	100	0
chr7	14868587	14871875	Amillepora12105	1	1	1	1	100	100	NA	NA	100	100
chr7	15152628	15167110	Amillepora12122	4	4	1	1	100	100	0	0	100	100
chr7	15216221	15218512	Amillepora12137	1	1	1	1	100	100	NA	NA	100	100
chr7	15238713	15245878	Amillepora12139	2	1	0.5	0.5	50	50	70.71067811865476	50	100	0
chr7	15218941	15236367	Amillepora12138	2	0	0	0	0	0	0	0	0	0
chr7	15177344	15190476	Amillepora12124	1	0	0	0	0	0	NA	NA	0	0
chr7	15201309	15203732	Amillepora12134	2	1	0.5	0.5	50	50	70.71067811865476	50	100	0
chr7	15288718	15292786	Amillepora12143	1	0	0	0	0	0	NA	NA	0	0
chr7	15311197	15319565	Amillepora12144	6	2	0.3333333333333333	0.2857142857142857	33.333333333333336	0	51.63977794943222	21.081851067789195	100	0
chr7	15549792	15553720	Amillepora12170	4	0	0	0	0	0	0	0	0	0
chr7	15493787	15505329	Amillepora12166	6	0	0	0	0	0	0	0	0	0
chr7	15515735	15518012	Amillepora12168	1	0	0	0	0	0	NA	NA	0	0
chr7	15490249	15493368	Amillepora12165	2	0	0	0	0	0	0	0	0	0
chr7	15486889	15490057	Amillepora12164	1	0	0	0	0	0	NA	NA	0	0
chr7	15631571	15635399	Amillepora12173	4	0	0	0	0	0	0	0	0	0
chr7	15783069	15783791	Amillepora12184	1	0	0	0	0	0	NA	NA	0	0
chr7	15711295	15714048	Amillepora12179	5	0	0	0	0	0	0	0	0	0
chr7	15710254	15711012	Amillepora12178	1	0	0	0	0	0	NA	NA	0	0
chr7	15763808	15774650	Amillepora12183	7	1	0.14285714285714285	0.14285714285714285	14.285714285714286	0	37.79644730092272	14.285714285714285	100	0
chr7	15859887	15880954	Amillepora12190	9	0	0	0	0	0	0	0	0	0
chr7	15954611	15962356	Amillepora12193	7	0	0	0	0	0	0	0	0	0
chr7	15881882	15909772	Amillepora12191	19	6	0.3157894736842105	0.3157894736842105	31.57894736842105	0	47.756693294091924	10.956136839295434	100	0
chr7	15910671	15925592	Amillepora12192	21	0	0	0	0	0	0	0	0	0
chr7	15963960	15968446	Amillepora12194	8	0	0	0	0	0	0	0	0	0
chr7	16082671	16089295	Amillepora12203	1	0	0	0	0	0	NA	NA	0	0
chr7	16041923	16058317	Amillepora12199	13	3	0.23076923076923078	0.23076923076923078	23.076923076923077	0	43.85290096535146	12.162606385262997	100	0
chr7	15972988	16004356	Amillepora12195	22	4	0.18181818181818182	0.17391304347826086	18.181818181818183	0	39.47710169758613	8.41654636156865	100	0
chr7	16018630	16036012	Amillepora12198	2	2	1	1	100	100	0	0	100	100
chr7	16064638	16067318	Amillepora12202	2	1	0.5	0.5	50	50	70.71067811865476	50	100	0
chr7	16101992	16118080	Amillepora12204	10	0	0	0	0	0	0	0	0	0
chr7	16120277	16132733	Amillepora12206	5	0	0	0	0	0	0	0	0	0
chr7	16171253	16180551	Amillepora12212	9	1	0.1111111111111111	0.1111111111111111	11.11111111111111	0	33.333333333333336	11.111111111111112	100	0
chr7	16146312	16160374	Amillepora12208	5	0	0	0	0	0	0	0	0	0
chr7	16140002	16141204	Amillepora12207	2	0	0	0	0	0	0	0	0	0
chr7	16226404	16240885	Amillepora12215	14	3	0.21428571428571427	0.2	17.857142857142858	0	37.247317183424606	9.954764248348043	100	0
chr7	16254789	16269082	Amillepora12218	10	1	0.1	0.1	10	0	31.622776601683793	10	100	0
chr7	16242039	16254145	Amillepora12217	25	1	0.04	0.04	4	0	20	4	100	0
chr7	16203363	16226334	Amillepora12214	15	7	0.4666666666666667	0.4666666666666667	46.666666666666664	0	51.63977794943223	13.333333333333332	100	0
chr7	16184322	16200103	Amillepora12213	4	0	0	0	0	0	0	0	0	0
chr7	16344932	16355719	Amillepora12224	7	4	0.5714285714285714	0.5714285714285714	57.142857142857146	100	53.45224838248488	20.203050891044217	100	0
chr7	16361030	16365342	Amillepora12227	3	1	0.3333333333333333	0.3333333333333333	33.333333333333336	0	57.735026918962575	33.333333333333336	100	0
chr7	16275993	16299377	Amillepora12220	15	2	0.13333333333333333	0.13333333333333333	13.333333333333334	0	35.18657752744984	9.085135251589959	100	0
chr7	16300173	16315516	Amillepora12221	10	0	0	0	0	0	0	0	0	0
chr7	16314391	16330739	Amillepora12222	26	0	0	0	0	0	0	0	0	0
chr7	16468029	16470992	Amillepora12237	1	0	0	0	0	0	NA	NA	0	0
chr7	16457574	16464507	Amillepora12235	3	0	0	0	0	0	0	0	0	0
chr7	16365957	16370496	Amillepora12228	15	0	0	0	0	0	0	0	0	0
chr7	16356069	16358982	Amillepora12226	2	1	0.5	0.5	50	50	70.71067811865476	50	100	0
chr7	16425326	16427751	Amillepora12234	2	0	0	0	0	0	0	0	0	0
chr7	16377498	16381781	Amillepora12230	8	0	0	0	0	0	0	0	0	0
chr7	16372087	16376346	Amillepora12229	5	0	0	0	0	0	0	0	0	0
chr7	16385075	16390317	Amillepora12232	3	0	0	0	0	0	0	0	0	0
chr7	16382912	16383915	Amillepora12231	1	0	0	0	0	0	NA	NA	0	0
chr7	16555861	16557751	Amillepora12244	1	0	0	0	0	0	NA	NA	0	0
chr7	16515388	16519747	Amillepora12241	2	0	0	0	0	0	0	0	0	0
chr7	16488899	16513162	Amillepora12240	19	5	0.2631578947368421	0.2631578947368421	26.31578947368421	0	45.241392835886415	10.379087338771255	100	0
chr7	16470748	16486218	Amillepora12238	13	0	0	0	0	0	0	0	0	0
chr7	16668950	16669894	Amillepora12255	1	1	1	1	100	100	NA	NA	100	100
chr7	16599167	16603313	Amillepora12250	2	0	0	0	0	0	0	0	0	0
chr7	16621597	16624987	Amillepora12252	1	0	0	0	0	0	NA	NA	0	0
chr7	16582965	16591474	Amillepora12248	8	6	0.75	0.75	75	100	46.29100498862757	16.366341767699428	100	0
chr7	16597101	16598093	Amillepora12249	1	1	1	1	100	100	NA	NA	100	100
chr7	16708293	16723340	Amillepora12256	8	6	0.75	0.75	75	100	46.29100498862757	16.366341767699428	100	0
chr7	16818631	16848026	Amillepora12261	6	3	0.5	0.5	50	50	54.772255750516614	22.3606797749979	100	0
chr7	16863040	16867351	Amillepora12263	9	4	0.4444444444444444	0.4444444444444444	44.44444444444444	0	52.70462766947299	17.568209223157663	100	0
chr7	16868205	16868558	Amillepora12265	1	1	1	1	100	100	NA	NA	100	100
chr7	16767321	16773326	Amillepora12257	2	2	1	1	100	100	0	0	100	100
chr7	16801740	16827795	Amillepora12259	10	4	0.4	0.4	40	0	51.63977794943222	16.329931618554518	100	0
chr7	16867385	16867921	Amillepora12264	2	1	0.5	0.5	50	50	70.71067811865476	50	100	0
chr7	16927760	16933168	Amillepora12273	2	0	0	0	0	0	0	0	0	0
chr7	16950479	16964321	Amillepora12277	5	0	0	0	0	0	0	0	0	0
chr7	16970622	16976094	Amillepora12285	5	0	0	0	0	0	0	0	0	0
chr7	16918163	16923007	Amillepora12271	2	0	0	0	0	0	0	0	0	0
chr7	17057713	17072849	Amillepora12295	11	4	0.36363636363636365	0.36363636363636365	36.36363636363637	0	50.4524979109513	15.212000482437738	100	0
chr7	17034104	17045319	Amillepora12293	15	0	0	0	0	0	0	0	0	0
chr7	16994119	17009607	Amillepora12288	11	0	0	0	0	0	0	0	0	0
chr7	17077992	17084274	Amillepora12296	17	1	0.058823529411764705	0.058823529411764705	5.882352941176471	0	24.253562503633294	5.88235294117647	100	0
chr7	17018592	17019954	Amillepora12290	1	0	0	0	0	0	NA	NA	0	0
chr7	17015957	17018393	Amillepora12289	2	0	0	0	0	0	0	0	0	0
chr7	17084563	17085887	Amillepora12297	2	0	0	0	0	0	0	0	0	0
chr7	17164812	17166528	Amillepora12302	2	0	0	0	0	0	0	0	0	0
chr7	17113313	17114056	Amillepora12299	1	0	0	0	0	0	NA	NA	0	0
chr7	17118368	17119570	Amillepora12301	5	0	0	0	0	0	0	0	0	0
chr7	17092352	17096255	Amillepora12298	10	0	0	0	0	0	0	0	0	0
chr7	17209078	17210988	Amillepora12304	4	1	0.25	0.25	25	0	50	25	100	0
chr7	17182232	17183692	Amillepora12303	4	0	0	0	0	0	0	0	0	0
chr7	17245593	17247844	Amillepora12306	2	0	0	0	0	0	0	0	0	0
chr7	17241055	17244634	Amillepora12305	2	2	1	1	100	100	0	0	100	100
chr7	17258686	17276871	Amillepora12308	8	3	0.375	0.375	37.5	0	51.75491695067657	18.298126367784995	100	0
chr7	17251061	17257587	Amillepora12307	6	1	0.16666666666666666	0.16666666666666666	16.666666666666668	0	40.82482904638629	16.66666666666667	100	0
chr7	17321266	17325825	Amillepora12316	1	0	0	0	0	0	NA	NA	0	0
chr7	17276973	17284223	Amillepora12310	2	2	1	1	100	100	0	0	100	100
chr7	17327744	17344315	Amillepora12318	9	2	0.2222222222222222	0.2222222222222222	22.22222222222222	0	44.09585518440984	14.698618394803281	100	0
chr7	17346775	17348245	Amillepora12320	4	0	0	0	0	0	0	0	0	0
chr7	17298740	17299651	Amillepora12314	1	0	0	0	0	0	NA	NA	0	0
chr7	17433032	17434607	Amillepora12326	2	0	0	0	0	0	0	0	0	0
chr7	17355999	17379589	Amillepora12321	29	0	0	0	0	0	0	0	0	0
chr7	17385371	17410195	Amillepora12323	12	4	0.3333333333333333	0.3333333333333333	33.333333333333336	0	49.23659639173309	14.213381090374028	100	0
chr7	17419759	17420896	Amillepora12324	1	0	0	0	0	0	NA	NA	0	0
chr7	17422040	17423547	Amillepora12325	2	0	0	0	0	0	0	0	0	0
chr7	17570975	17575764	Amillepora12337	3	1	0.3333333333333333	0.3333333333333333	33.333333333333336	0	57.735026918962575	33.333333333333336	100	0
chr7	17529971	17534153	Amillepora12334	1	1	1	1	100	100	NA	NA	100	100
chr7	17535879	17551758	Amillepora12335	9	2	0.2222222222222222	0.2222222222222222	22.22222222222222	0	44.09585518440984	14.698618394803281	100	0
chr7	17582969	17587159	Amillepora12339	10	0	0	0	0	0	0	0	0	0
chr7	17521334	17523316	Amillepora12333	8	0	0	0	0	0	0	0	0	0
chr7	17576820	17578113	Amillepora12338	2	0	0	0	0	0	0	0	0	0
chr7	17488187	17500054	Amillepora12330	8	1	0.125	0.125	12.5	0	35.35533905932738	12.5	100	0
chr7	17506439	17515074	Amillepora12331	9	1	0.1111111111111111	0.1111111111111111	11.11111111111111	0	33.333333333333336	11.111111111111112	100	0
chr7	17448415	17471386	Amillepora12327	35	0	0	0	0	0	0	0	0	0
chr7	17553183	17570869	Amillepora12336	11	0	0	0	0	0	0	0	0	0
chr7	17606062	17610297	Amillepora12341	1	1	1	1	100	100	NA	NA	100	100
chr7	17588718	17604191	Amillepora12340	14	2	0.14285714285714285	0.14285714285714285	14.285714285714286	0	36.313651960128155	9.705231721239393	100	0
chr7	17668658	17672808	Amillepora12350	7	0	0	0	0	0	0	0	0	0
chr7	17650392	17655934	Amillepora12346	6	0	0	0	0	0	0	0	0	0
chr7	17650138	17653385	Amillepora12345	2	0	0	0	0	0	0	0	0	0
chr7	17657227	17665577	Amillepora12347	9	0	0	0	0	0	0	0	0	0
chr7	17609912	17630203	Amillepora12342	16	5	0.3125	0.3125	31.25	0	47.871355387816905	11.967838846954226	100	0
chr7	17637310	17646617	Amillepora12344	9	0	0	0	0	0	0	0	0	0
chr7	17631351	17632643	Amillepora12343	6	3	0.5	0.5	50	50	54.772255750516614	22.3606797749979	100	0
chr7	17703298	17717418	Amillepora12352	6	1	0.16666666666666666	0.16666666666666666	16.666666666666668	0	40.8248290463863	16.66666666666667	100	0
chr7	17734552	17749149	Amillepora12354	6	1	0.16666666666666666	0.16666666666666666	16.666666666666668	0	40.8248290463863	16.66666666666667	100	0
chr7	17758126	17768869	Amillepora12355	7	3	0.42857142857142855	0.42857142857142855	42.857142857142854	0	53.452248382484875	20.203050891044217	100	0
chr7	17680619	17688172	Amillepora12351	6	1	0.16666666666666666	0.16666666666666666	16.666666666666668	0	40.8248290463863	16.66666666666667	100	0
chr7	17769769	17774575	Amillepora12356	1	0	0	0	0	0	NA	NA	0	0
chr7	17860735	17871007	Amillepora12365	19	1	0.05263157894736842	0.05263157894736842	5.2631578947368425	0	22.94157338705618	5.263157894736841	100	0
chr7	17817310	17843634	Amillepora12361	17	1	0.058823529411764705	0.058823529411764705	5.882352941176471	0	24.253562503633297	5.88235294117647	100	0
chr7	17784776	17795128	Amillepora12357	5	1	0.2	0.2	20	0	44.721359549995796	20	100	0
chr7	17854196	17859205	Amillepora12364	2	1	0.5	0.5	50	50	70.71067811865476	50	100	0
chr7	17842492	17851947	Amillepora12363	10	1	0.1	0.1	10	0	31.622776601683793	10	100	0
chr7	17796606	17817147	Amillepora12358	18	0	0	0	0	0	0	0	0	0
chr7	17879481	17881933	Amillepora12366	5	0	0	0	0	0	0	0	0	0
chr7	17884107	17905493	Amillepora12367	8	5	0.625	0.625	62.5	100	51.75491695067657	18.298126367784995	100	0
chr7	17933499	17954006	Amillepora12370	23	0	0	0	0	0	0	0	0	0
chr7	17931521	17933223	Amillepora12369	4	0	0	0	0	0	0	0	0	0
chr7	18011357	18019622	Amillepora12381	1	0	0	0	0	0	NA	NA	0	0
chr7	17988007	17999602	Amillepora12380	2	0	0	0	0	0	0	0	0	0
chr7	18047171	18056922	Amillepora12386	7	0	0	0	0	0	0	0	0	0
chr7	18028464	18031804	Amillepora12383	1	0	0	0	0	0	NA	NA	0	0
chr7	18062090	18070185	Amillepora12387	3	0	0	0	0	0	0	0	0	0
chr7	17964521	17987105	Amillepora12378	1	0	0	0	0	0	NA	NA	0	0
chr7	18143863	18166950	Amillepora12392	6	0	0	0	0	0	0	0	0	0
chr7	18201327	18210895	Amillepora12396	2	1	0.5	0.5	50	50	70.71067811865476	50	100	0
chr7	18212447	18216747	Amillepora12397	2	1	0.5	0.5	50	50	70.71067811865476	50	100	0
chr7	18186637	18196574	Amillepora12395	1	0	0	0	0	0	NA	NA	0	0
chr7	18219913	18223301	Amillepora12398	1	0	0	0	0	0	NA	NA	0	0
chr7	18246403	18253304	Amillepora12402	1	0	0	0	0	0	NA	NA	0	0
chr7	18349872	18352197	Amillepora12410	8	0	0	0	0	0	0	0	0	0
chr7	18352617	18358767	Amillepora12411	8	2	0.25	0.25	25	0	46.29100498862757	16.366341767699428	100	0
chr7	18283373	18307512	Amillepora12405	15	1	0.06666666666666667	0.06666666666666667	6.666666666666667	0	25.819888974716125	6.666666666666666	100	0
chr7	18361639	18373872	Amillepora12412	9	0	0	0	0	0	0	0	0	0
chr7	18263747	18275427	Amillepora12403	2	1	0.5	0.5	50	50	70.71067811865476	50	100	0
chr7	18327649	18331050	Amillepora12408	2	0	0	0	0	0	0	0	0	0
chr7	18318985	18322373	Amillepora12407	5	0	0	0	0	0	0	0	0	0
chr7	18469104	18474294	Amillepora12423	3	0	0	0	0	0	0	0	0	0
chr7	18457941	18467743	Amillepora12422	16	1	0.0625	0.0625	6.25	0	25	6.25	100	0
chr7	18375701	18390442	Amillepora12413	9	4	0.4444444444444444	0.4444444444444444	44.44444444444444	0	52.70462766947299	17.568209223157663	100	0
chr7	18407812	18431653	Amillepora12418	10	1	0.1	0.1	10	0	31.622776601683793	10	100	0
chr7	18441432	18451872	Amillepora12421	15	0	0	0	0	0	0	0	0	0
chr7	18396643	18397559	Amillepora12416	1	0	0	0	0	0	NA	NA	0	0
chr7	18401018	18404550	Amillepora12417	5	0	0	0	0	0	0	0	0	0
chr7	18496149	18502558	Amillepora12425	4	1	0.25	0.25	25	0	50	25	100	0
chr7	18581007	18587462	Amillepora12439	5	0	0	0	0	0	0	0	0	0
chr7	18537163	18549308	Amillepora12432	2	2	1	1	100	100	0	0	100	100
chr7	18562287	18568737	Amillepora12438	11	0	0	0	0	0	0	0	0	0
chr7	18534898	18537106	Amillepora12431	1	1	1	1	100	100	NA	NA	100	100
chr7	18526970	18534117	Amillepora12430	16	1	0.0625	0.0625	6.25	0	25	6.25	100	0
chr7	18474500	18491177	Amillepora12424	24	3	0.125	0.125	12.5	0	33.78319623460881	6.89596605459213	100	0
chr7	18549796	18553264	Amillepora12436	3	2	0.6666666666666666	0.6666666666666666	66.66666666666667	100	57.735026918962575	33.333333333333336	100	0
chr7	18553552	18559229	Amillepora12437	2	1	0.5	0.5	50	50	70.71067811865476	50	100	0
chr7	18525990	18526557	Amillepora12429	1	0	0	0	0	0	NA	NA	0	0
chr7	18502906	18507071	Amillepora12426	1	1	1	1	100	100	NA	NA	100	100
chr7	18600312	18607157	Amillepora12441	5	2	0.4	0.4	40	0	54.772255750516614	24.49489742783178	100	0
chr7	18643132	18649465	Amillepora12444	6	1	0.16666666666666666	0.16666666666666666	16.666666666666668	0	40.82482904638629	16.66666666666667	100	0
chr7	18592632	18598458	Amillepora12440	11	0	0	0	0	0	0	0	0	0
chr7	18649961	18651900	Amillepora12445	1	0	0	0	0	0	NA	NA	0	0
chr7	18671744	18682380	Amillepora12447	21	5	0.23809523809523808	0.23809523809523808	23.80952380952381	0	43.64357804719847	9.523809523809524	100	0
chr7	18654124	18668738	Amillepora12446	27	1	0.037037037037037035	0.037037037037037035	3.7037037037037037	0	19.245008972987527	3.703703703703704	100	0
chr7	18636045	18643084	Amillepora12443	10	0	0	0	0	0	0	0	0	0
chr7	18607264	18631208	Amillepora12442	3	1	0.3333333333333333	0.3333333333333333	33.333333333333336	0	57.735026918962575	33.333333333333336	100	0
chr7	18701384	18708197	Amillepora12450	9	0	0	0	0	0	0	0	0	0
chr7	18717479	18720480	Amillepora12452	2	0	0	0	0	0	0	0	0	0
chr7	18723152	18742900	Amillepora12453	21	1	0.047619047619047616	0.047619047619047616	4.761904761904762	0	21.82178902359924	4.761904761904762	100	0
chr7	18713228	18714291	Amillepora12451	2	0	0	0	0	0	0	0	0	0
chr7	18683635	18690165	Amillepora12448	5	2	0.4	0.4	40	0	54.772255750516614	24.49489742783178	100	0
chr7	18744131	18747403	Amillepora12454	2	0	0	0	0	0	0	0	0	0
chr7	18754876	18757832	Amillepora12455	3	0	0	0	0	0	0	0	0	0
chr7	18770462	18786985	Amillepora12457	13	1	0.07692307692307693	0.07142857142857142	7.6923076923076925	0	27.735009811261456	7.6923076923076925	100	0
chr7	18759163	18769446	Amillepora12456	19	0	0	0	0	0	0	0	0	0
chr7	18695069	18697694	Amillepora12449	8	0	0	0	0	0	0	0	0	0
chr7	18787103	18792452	Amillepora12458	13	0	0	0	0	0	0	0	0	0
chr7	18803104	18888609	Amillepora12460	73	6	0.0821917808219178	0.0821917808219178	8.219178082191782	0	27.655744116700255	3.2368600179812392	100	0
chr7	18796751	18799701	Amillepora12459	5	0	0	0	0	0	0	0	0	0
chr7	18926271	18942079	Amillepora12470	20	2	0.1	0.1	10	0	30.779350562554622	6.882472016116853	100	0
chr7	18892198	18923165	Amillepora12468	39	0	0	0	0	0	0	0	0	0
chr7	18944968	18965697	Amillepora12471	21	0	0	0	0	0	0	0	0	0
chr7	19030831	19056739	Amillepora12473	38	0	0	0	0	0	0	0	0	0
chr7	19070697	19078707	Amillepora12478	5	0	0	0	0	0	0	0	0	0
chr7	19057571	19070490	Amillepora12477	7	1	0.14285714285714285	0.14285714285714285	14.285714285714286	0	37.79644730092272	14.285714285714285	100	0
chr7	19016297	19035148	Amillepora12472	4	0	0	0	0	0	0	0	0	0
chr7	19096681	19104234	Amillepora12481	9	3	0.3333333333333333	0.3333333333333333	33.333333333333336	0	50	16.666666666666668	100	0
chr7	19106763	19111286	Amillepora12482	5	2	0.4	0.4	40	0	54.772255750516614	24.49489742783178	100	0
chr7	19159254	19178878	Amillepora12483	15	0	0	0	0	0	0	0	0	0
chr7	19079300	19085577	Amillepora12479	12	0	0	0	0	0	0	0	0	0
chr7	19087544	19096400	Amillepora12480	8	0	0	0	0	0	0	0	0	0
chr7	19235974	19240325	Amillepora12489	7	0	0	0	0	0	0	0	0	0
chr7	19229111	19232436	Amillepora12488	5	0	0	0	0	0	0	0	0	0
chr7	19203804	19210930	Amillepora12486	12	0	0	0	0	0	0	0	0	0
chr7	19184643	19196719	Amillepora12484	10	1	0.1	0.1	10	0	31.622776601683793	10	100	0
chr7	19221268	19225026	Amillepora12487	1	0	0	0	0	0	NA	NA	0	0
chr7	19240318	19252175	Amillepora12490	9	0	0	0	0	0	0	0	0	0
chr7	19333425	19343474	Amillepora12500	1	1	1	1	100	100	NA	NA	100	100
chr7	19290896	19292980	Amillepora12492	6	0	0	0	0	0	0	0	0	0
chr7	19282945	19289067	Amillepora12491	16	0	0	0	0	0	0	0	0	0
chr7	19302459	19309275	Amillepora12493	8	0	0	0	0	0	0	0	0	0
chr7	19311134	19315356	Amillepora12495	5	0	0	0	0	0	0	0	0	0
chr7	19356903	19377099	Amillepora12502	22	2	0.09090909090909091	0.09090909090909091	9.090909090909092	0	29.42449431682498	6.273323266748674	100	0
chr7	19323707	19332487	Amillepora12499	14	2	0.14285714285714285	0.14285714285714285	14.285714285714286	0	36.313651960128155	9.705231721239393	100	0
chr7	19344199	19345123	Amillepora12501	2	0	0	0	0	0	0	0	0	0
chr7	19379665	19392696	Amillepora12503	9	2	0.2222222222222222	0.2222222222222222	22.22222222222222	0	44.09585518440984	14.698618394803281	100	0
chr7	19404891	19417318	Amillepora12506	6	2	0.3333333333333333	0.3333333333333333	33.333333333333336	0	51.63977794943222	21.081851067789195	100	0
chr7	19423048	19426315	Amillepora12508	3	0	0	0	0	0	0	0	0	0
chr7	19436410	19452171	Amillepora12510	20	1	0.05	0.05	5	0	22.360679774997898	5	100	0
chr7	19453946	19467788	Amillepora12512	29	1	0.034482758620689655	0.034482758620689655	3.4482758620689653	0	18.569533817705192	3.4482758620689653	100	0
chr7	19393571	19396247	Amillepora12504	1	0	0	0	0	0	NA	NA	0	0
chr7	19417551	19421911	Amillepora12507	6	1	0.16666666666666666	0.16666666666666666	16.666666666666668	0	40.8248290463863	16.66666666666667	100	0
chr7	19398056	19404086	Amillepora12505	1	1	1	1	100	100	NA	NA	100	100
chr7	19476401	19481344	Amillepora12516	3	0	0	0	0	0	0	0	0	0
chr7	19494994	19501102	Amillepora12517	11	0	0	0	0	0	0	0	0	0
chr7	19518313	19525954	Amillepora12518	1	0	0	0	0	0	NA	NA	0	0
chr7	19572929	19579660	Amillepora12526	4	0	0	0	0	0	0	0	0	0
chr7	19562078	19564675	Amillepora12524	3	0	0	0	0	0	0	0	0	0
chr7	19540314	19547727	Amillepora12521	1	0	0	0	0	0	NA	NA	0	0
chr7	19581704	19586785	Amillepora12527	5	0	0	0	0	0	0	0	0	0
chr7	19555356	19560433	Amillepora12523	1	0	0	0	0	0	NA	NA	0	0
chr7	19610328	19616936	Amillepora12529	14	0	0	0	0	0	0	0	0	0
chr7	19625567	19630131	Amillepora12530	2	1	0.5	0.5	50	50	70.71067811865476	50	100	0
chr7	19595213	19597582	Amillepora12528	3	0	0	0	0	0	0	0	0	0
chr7	19784838	19786520	Amillepora12536	2	0	0	0	0	0	0	0	0	0
chr7	19758453	19761074	Amillepora12533	9	1	0.1111111111111111	0.1111111111111111	11.11111111111111	0	33.333333333333336	11.111111111111112	100	0
chr7	19782268	19783313	Amillepora12535	1	0	0	0	0	0	NA	NA	0	0
chr7	19826015	19838943	Amillepora12542	13	1	0.07692307692307693	0.07692307692307693	7.6923076923076925	0	27.735009811261456	7.6923076923076925	100	0
chr7	19787926	19790345	Amillepora12537	3	0	0	0	0	0	0	0	0	0
chr7	19791650	19793157	Amillepora12538	2	0	0	0	0	0	0	0	0	0
chr7	19846504	19851158	Amillepora12544	12	0	0	0	0	0	0	0	0	0
chr7	19874110	19880774	Amillepora12548	5	2	0.4	0.4	40	0	54.772255750516614	24.49489742783178	100	0
chr7	19794071	19799069	Amillepora12539	5	0	0	0	0	0	0	0	0	0
chr7	19815425	19823748	Amillepora12541	12	0	0	0	0	0	0	0	0	0
chr7	19801491	19813730	Amillepora12540	8	0	0	0	0	0	0	0	0	0
chr7	19841251	19844614	Amillepora12543	4	0	0	0	0	0	0	0	0	0
chr7	19864076	19873580	Amillepora12547	16	1	0.0625	0.0625	6.25	0	25	6.25	100	0
chr7	19852627	19863085	Amillepora12545	4	1	0.25	0.25	25	0	50	25	100	0
chr7	19950997	19955390	Amillepora12559	1	0	0	0	0	0	NA	NA	0	0
chr7	19917867	19924971	Amillepora12556	11	1	0.09090909090909091	0.09090909090909091	9.090909090909092	0	30.151134457776358	9.09090909090909	100	0
chr7	19891263	19898891	Amillepora12551	5	2	0.4	0.4	40	0	54.772255750516614	24.49489742783178	100	0
chr7	19904121	19908206	Amillepora12553	1	0	0	0	0	0	NA	NA	0	0
chr7	19955932	19969549	Amillepora12560	2	2	1	1	100	100	0	0	100	100
chr7	19905422	19916769	Amillepora12554	5	4	0.8	0.8	80	100	44.721359549995796	20	100	0
chr7	19928817	19949962	Amillepora12557	27	1	0.037037037037037035	0.037037037037037035	3.7037037037037037	0	19.24500897298754	3.703703703703704	100	0
chr7	19880767	19891160	Amillepora12550	2	1	0.5	0.5	50	50	70.71067811865476	50	100	0
chr7	20007751	20012205	Amillepora12563	3	0	0	0	0	0	0	0	0	0
chr7	20045166	20049709	Amillepora12566	7	0	0	0	0	0	0	0	0	0
chr7	19991946	19996878	Amillepora12561	5	0	0	0	0	0	0	0	0	0
chr7	20036595	20041289	Amillepora12565	8	0	0	0	0	0	0	0	0	0
chr7	19997931	20001000	Amillepora12562	4	1	0.25	0.25	25	0	50	25	100	0
chr7	20030177	20034224	Amillepora12564	3	0	0	0	0	0	0	0	0	0
chr7	20151076	20155121	Amillepora12579	2	2	1	1	100	100	0	0	100	100
chr7	20168245	20177965	Amillepora12581	22	0	0	0	0	0	0	0	0	0
chr7	20162470	20163907	Amillepora12580	2	0	0	0	0	0	0	0	0	0
chr7	20051134	20079535	Amillepora12567	31	0	0	0	0	0	0	0	0	0
chr7	20085564	20087428	Amillepora12569	4	0	0	0	0	0	0	0	0	0
chr7	20120627	20124163	Amillepora12574	1	0	0	0	0	0	NA	NA	0	0
chr7	20132410	20134147	Amillepora12576	3	1	0.3333333333333333	0.3333333333333333	33.333333333333336	0	57.735026918962575	33.333333333333336	100	0
chr7	20117402	20118716	Amillepora12573	2	1	0.5	0.5	50	50	70.71067811865476	50	100	0
chr7	20114843	20116629	Amillepora12572	2	0	0	0	0	0	0	0	0	0
chr7	20137698	20138842	Amillepora12577	4	0	0	0	0	0	0	0	0	0
chr7	20145299	20150287	Amillepora12578	5	0	0	0	0	0	0	0	0	0
chr7	20097556	20110268	Amillepora12570	14	0	0	0	0	0	0	0	0	0
chr7	20111707	20113962	Amillepora12571	2	0	0	0	0	0	0	0	0	0
chr7	20244751	20262293	Amillepora12590	31	3	0.0967741935483871	0.0967741935483871	9.67741935483871	0	30.053715351876434	5.397806622800488	100	0
chr7	20201565	20209558	Amillepora12584	4	1	0.25	0.25	25	0	50	25	100	0
chr7	20213583	20215790	Amillepora12585	5	0	0	0	0	0	0	0	0	0
chr7	20228716	20237437	Amillepora12588	16	0	0	0	0	0	0	0	0	0
chr7	20216876	20217766	Amillepora12586	1	0	0	0	0	0	NA	NA	0	0
chr7	20220250	20228581	Amillepora12587	2	1	0.5	0.5	50	50	70.71067811865476	50	100	0
chr7	20174326	20198261	Amillepora12582	41	0	0	0	0	0	0	0	0	0
chr7	20276310	20300344	Amillepora12591	12	1	0.08333333333333333	0.08333333333333333	8.333333333333334	0	28.86751345948129	8.333333333333334	100	0
chr7	20345620	20368207	Amillepora12593	10	0	0	0	0	0	0	0	0	0
chr7	20303504	20311006	Amillepora12592	4	2	0.5	0.5	50	50	57.735026918962575	28.867513459481287	100	0
chr7	20421496	20440209	Amillepora12597	18	0	0	0	0	0	0	0	0	0
chr7	20450535	20455939	Amillepora12599	6	0	0	0	0	0	0	0	0	0
chr7	20368360	20421320	Amillepora12595	93	2	0.021505376344086023	0.021505376344086023	2.150537634408602	0	14.584794223227647	1.512372708707042	100	0
chr7	20552412	20575100	Amillepora12607	25	2	0.08	0.08	8	0	27.688746209726915	5.537749241945383	100	0
chr7	20509463	20514115	Amillepora12601	10	1	0.1	0.1	10	0	31.622776601683793	10	100	0
chr7	20532440	20537953	Amillepora12603	8	0	0	0	0	0	0	0	0	0
chr7	20526414	20531777	Amillepora12602	9	0	0	0	0	0	0	0	0	0
chr7	20541205	20542939	Amillepora12605	4	0	0	0	0	0	0	0	0	0
chr7	20540040	20541109	Amillepora12604	1	0	0	0	0	0	NA	NA	0	0
chr7	20676591	20681559	Amillepora12612	8	1	0.125	0.125	12.5	0	35.35533905932738	12.5	100	0
chr7	20618016	20656516	Amillepora12610	46	4	0.08695652173913043	0.08695652173913043	8.695652173913043	0	28.48849246447678	4.200399056866504	100	0
chr7	20579111	20596333	Amillepora12608	35	1	0.02857142857142857	0.02857142857142857	2.857142857142857	0	16.90308509457033	2.857142857142857	100	0
chr7	20665039	20671526	Amillepora12611	11	2	0.18181818181818182	0.18181818181818182	18.181818181818183	0	40.45199174779453	12.196734422726125	100	0
chr7	20692181	20694921	Amillepora12613	4	0	0	0	0	0	0	0	0	0
chr7	20738476	20745152	Amillepora12615	15	0	0	0	0	0	0	0	0	0
chr7	20754128	20766516	Amillepora12616	9	0	0	0	0	0	0	0	0	0
chr7	20722094	20728048	Amillepora12614	6	0	0	0	0	0	0	0	0	0
chr7	20765925	20776727	Amillepora12617	20	0	0	0	0	0	0	0	0	0
chr7	20799642	20811760	Amillepora12621	18	2	0.1111111111111111	0.1111111111111111	11.11111111111111	0	32.338083338177725	7.622159339667059	100	0
chr7	20817369	20825078	Amillepora12622	15	0	0	0	0	0	0	0	0	0
chr7	20785760	20791503	Amillepora12618	9	0	0	0	0	0	0	0	0	0
chr7	20864585	20865819	Amillepora12627	4	0	0	0	0	0	0	0	0	0
chr7	20839226	20844454	Amillepora12625	1	0	0	0	0	0	NA	NA	0	0
chr7	20850508	20854286	Amillepora12626	5	0	0	0	0	0	0	0	0	0
chr7	20868313	20869619	Amillepora12628	1	1	1	1	100	100	NA	NA	100	100
chr7	20795754	20796899	Amillepora12620	4	0	0	0	0	0	0	0	0	0
chr7	20895063	20898821	Amillepora12632	2	0	0	0	0	0	0	0	0	0
chr7	20919527	20921469	Amillepora12636	1	0	0	0	0	0	NA	NA	0	0
chr7	20937869	20940950	Amillepora12639	6	1	0.16666666666666666	0.16666666666666666	16.666666666666668	0	40.8248290463863	16.66666666666667	100	0
chr7	20881628	20885431	Amillepora12629	2	0	0	0	0	0	0	0	0	0
chr7	20931828	20934113	Amillepora12638	1	0	0	0	0	0	NA	NA	0	0
chr7	20947915	20954966	Amillepora12640	3	0	0	0	0	0	0	0	0	0
chr7	20902586	20903323	Amillepora12633	2	0	0	0	0	0	0	0	0	0
chr7	20980475	21002279	Amillepora12641	2	0	0	0	0	0	0	0	0	0
chr7	21047119	21051173	Amillepora12645	9	0	0	0	0	0	0	0	0	0
chr7	21069804	21074762	Amillepora12647	1	0	0	0	0	0	NA	NA	0	0
chr7	21054774	21060146	Amillepora12646	12	0	0	0	0	0	0	0	0	0
chr7	21011398	21022956	Amillepora12643	1	0	0	0	0	0	NA	NA	0	0
chr7	21161458	21164286	Amillepora12661	2	0	0	0	0	0	0	0	0	0
chr7	21105051	21109970	Amillepora12654	2	1	0.5	0.5	50	50	70.71067811865476	50	100	0
chr7	21098836	21100141	Amillepora12652	2	0	0	0	0	0	0	0	0	0
chr7	21128724	21138348	Amillepora12658	6	0	0	0	0	0	0	0	0	0
chr7	21142076	21143211	Amillepora12659	1	1	1	1	100	100	NA	NA	100	100
chr7	21177452	21189427	Amillepora12663	8	2	0.25	0.25	25	0	46.29100498862757	16.366341767699428	100	0
chr7	21170518	21175462	Amillepora12662	9	0	0	0	0	0	0	0	0	0
chr7	21101478	21104960	Amillepora12653	1	0	0	0	0	0	NA	NA	0	0
chr7	21115142	21118894	Amillepora12656	5	0	0	0	0	0	0	0	0	0
chr7	21237518	21256920	Amillepora12667	14	1	0.07142857142857142	0.07142857142857142	7.142857142857143	0	26.72612419124244	7.142857142857143	100	0
chr7	21258246	21260963	Amillepora12669	3	1	0.3333333333333333	0.3333333333333333	33.333333333333336	0	57.735026918962575	33.333333333333336	100	0
chr7	21261220	21262098	Amillepora12670	1	0	0	0	0	0	NA	NA	0	0
chr7	21266119	21276755	Amillepora12671	8	2	0.25	0.25	25	0	46.29100498862757	16.366341767699428	100	0
chr7	21208652	21237175	Amillepora12666	7	1	0.14285714285714285	0.14285714285714285	14.285714285714286	0	37.79644730092272	14.285714285714285	100	0
chr7	21202786	21204253	Amillepora12665	1	1	1	1	100	100	NA	NA	100	100
chr7	21314936	21322260	Amillepora12674	13	0	0	0	0	0	0	0	0	0
chr7	21336041	21350864	Amillepora12675	8	1	0.125	0.125	12.5	0	35.35533905932738	12.5	100	0
chr7	21290571	21311441	Amillepora12672	27	1	0.037037037037037035	0.037037037037037035	3.7037037037037037	0	19.245008972987538	3.703703703703704	100	0
chr7	21476723	21488021	Amillepora12682	6	0	0	0	0	0	0	0	0	0
chr7	21471086	21476466	Amillepora12681	4	1	0.25	0.25	25	0	50	25	100	0
chr7	21456638	21461434	Amillepora12678	6	0	0	0	0	0	0	0	0	0
chr7	21419405	21452435	Amillepora12677	53	1	0.018867924528301886	0.018867924528301886	1.8867924528301887	0	13.736056394868902	1.886792452830189	100	0
chr7	21462097	21467971	Amillepora12679	6	0	0	0	0	0	0	0	0	0
chr7	21507181	21518924	Amillepora12684	20	0	0	0	0	0	0	0	0	0
chr7	21524873	21526039	Amillepora12686	1	0	0	0	0	0	NA	NA	0	0
chr7	21572240	21581878	Amillepora12688	11	1	0.09090909090909091	0.09090909090909091	9.090909090909092	0	30.15113445777636	9.09090909090909	100	0
chr7	21529891	21560548	Amillepora12687	40	3	0.075	0.075	7.5	0	26.67467828369185	4.217636961434867	100	0
chr7	21488251	21502184	Amillepora12683	11	0	0	0	0	0	0	0	0	0
chr7	21514503	21523371	Amillepora12685	15	0	0	0	0	0	0	0	0	0
chr7	21609440	21619822	Amillepora12691	8	0	0	0	0	0	0	0	0	0
chr7	21651518	21665277	Amillepora12694	1	1	1	1	100	100	NA	NA	100	100
chr7	21598974	21608341	Amillepora12690	2	1	0.5	0.5	50	50	70.71067811865476	50	100	0
chr7	21772362	21782682	Amillepora12703	4	2	0.5	0.5	50	50	57.735026918962575	28.867513459481287	100	0
chr7	21760761	21771185	Amillepora12702	6	0	0	0	0	0	0	0	0	0
chr7	21736904	21745508	Amillepora12700	1	0	0	0	0	0	NA	NA	0	0
chr7	21701530	21708364	Amillepora12699	1	1	1	1	100	100	NA	NA	100	100
chr7	21862392	21876498	Amillepora12710	2	1	0.5	0.5	50	50	70.71067811865476	50	100	0
chr7	21850964	21858160	Amillepora12708	6	2	0.3333333333333333	0.3333333333333333	33.333333333333336	0	51.63977794943222	21.081851067789195	100	0
chr7	21805709	21809461	Amillepora12706	1	0	0	0	0	0	NA	NA	0	0
chr7	21823898	21850738	Amillepora12707	35	2	0.05714285714285714	0.05714285714285714	5.714285714285714	0	23.550410797680275	3.980745977252777	100	0
chr7	21969918	21975217	Amillepora12721	3	0	0	0	0	0	0	0	0	0
chr7	21886195	21902975	Amillepora12712	12	0	0	0	0	0	0	0	0	0
chr7	21876688	21884978	Amillepora12711	6	1	0.16666666666666666	0.16666666666666666	16.666666666666668	0	40.82482904638629	16.66666666666667	100	0
chr7	21921203	21954089	Amillepora12716	41	1	0.024390243902439025	0.024390243902439025	2.4390243902439024	0	15.617376188860609	2.439024390243903	100	0
chr7	21959425	21963693	Amillepora12719	4	0	0	0	0	0	0	0	0	0
chr7	21919390	21920322	Amillepora12715	1	0	0	0	0	0	NA	NA	0	0
chr7	22007612	22014055	Amillepora12724	4	2	0.5	0.5	50	50	57.735026918962575	28.867513459481287	100	0
chr7	22035341	22047661	Amillepora12727	6	0	0	0	0	0	0	0	0	0
chr7	22018704	22032327	Amillepora12726	7	0	0	0	0	0	0	0	0	0
chr7	22014288	22016688	Amillepora12725	3	0	0	0	0	0	0	0	0	0
chr7	21996279	22007654	Amillepora12723	6	2	0.3333333333333333	0.3333333333333333	33.333333333333336	0	51.63977794943222	21.081851067789195	100	0
chr7	22169300	22173931	Amillepora12736	5	2	0.4	0.4	40	0	54.772255750516614	24.49489742783178	100	0
chr7	22080336	22094206	Amillepora12729	9	0	0	0	0	0	0	0	0	0
chr7	22096984	22111813	Amillepora12730	5	0	0	0	0	0	0	0	0	0
chr7	22052570	22077968	Amillepora12728	16	0	0	0	0	0	0	0	0	0
chr7	22179197	22182382	Amillepora12738	1	0	0	0	0	0	NA	NA	0	0
chr7	22114685	22116554	Amillepora12732	4	0	0	0	0	0	0	0	0	0
chr7	22128146	22131092	Amillepora12733	3	0	0	0	0	0	0	0	0	0
chr7	22143287	22148502	Amillepora12734	9	0	0	0	0	0	0	0	0	0
chr7	22231138	22238669	Amillepora12742	6	3	0.5	0.5	50	50	54.772255750516614	22.3606797749979	100	0
chr7	22218212	22224843	Amillepora12740	4	1	0.25	0.25	25	0	50	25	100	0
chr7	22274618	22276756	Amillepora12747	7	1	0.14285714285714285	0.14285714285714285	14.285714285714286	0	37.79644730092272	14.285714285714285	100	0
chr7	22244984	22252888	Amillepora12745	4	0	0	0	0	0	0	0	0	0
chr7	22277329	22283657	Amillepora12748	18	0	0	0	0	0	0	0	0	0
chr7	22186764	22210977	Amillepora12739	10	8	0.8	0.8	80	100	42.16370213557839	13.333333333333332	100	0
chr7	22226177	22231542	Amillepora12741	3	0	0	0	0	0	0	0	0	0
chr7	22233247	22240675	Amillepora12743	2	2	1	1	100	100	0	0	100	100
chr7	22241669	22244632	Amillepora12744	1	0	0	0	0	0	NA	NA	0	0
chr7	22286634	22287932	Amillepora12749	1	0	0	0	0	0	NA	NA	0	0
chr7	22358007	22384464	Amillepora12752	34	2	0.058823529411764705	0.058823529411764705	5.882352941176471	0	23.883257361061283	4.095944846016419	100	0
chr7	22438302	22444848	Amillepora12758	4	3	0.75	0.75	75	100	50	25	100	0
chr7	22391975	22398968	Amillepora12755	4	0	0	0	0	0	0	0	0	0
chr7	22447815	22464620	Amillepora12759	14	0	0	0	0	0	0	0	0	0
chr7	22407393	22436097	Amillepora12757	15	2	0.13333333333333333	0.13333333333333333	13.333333333333334	0	35.18657752744984	9.085135251589959	100	0
chr7	22401733	22403977	Amillepora12756	7	0	0	0	0	0	0	0	0	0
chr7	22508461	22509753	Amillepora12765	1	0	0	0	0	0	NA	NA	0	0
chr7	22536536	22541829	Amillepora12767	4	0	0	0	0	0	0	0	0	0
chr7	22464988	22473484	Amillepora12760	13	2	0.15384615384615385	0.15384615384615385	15.384615384615385	0	37.553380809940535	10.415433852097385	100	0
chr7	22477388	22478563	Amillepora12761	2	0	0	0	0	0	0	0	0	0
chr7	22480523	22482118	Amillepora12762	1	0	0	0	0	0	NA	NA	0	0
chr7	22482400	22490629	Amillepora12763	1	0	0	0	0	0	NA	NA	0	0
chr7	22546375	22564724	Amillepora12768	10	0	0	0	0	0	0	0	0	0
chr7	22624755	22635120	Amillepora12774	18	1	0.05555555555555555	0.05555555555555555	5.555555555555555	0	23.570226039551574	5.555555555555556	100	0
chr7	22592724	22596193	Amillepora12771	2	0	0	0	0	0	0	0	0	0
chr7	22723529	22731334	Amillepora12782	8	1	0.125	0.125	12.5	0	35.35533905932738	12.5	100	0
chr7	22739712	22765702	Amillepora12783	30	4	0.13333333333333333	0.13333333333333333	13.333333333333334	0	34.57459036417605	6.312427686319991	100	0
chr7	22772227	22779415	Amillepora12786	3	0	0	0	0	0	0	0	0	0
chr7	22678112	22695232	Amillepora12777	1	0	0	0	0	0	NA	NA	0	0
chr7	22882745	22888720	Amillepora12791	18	1	0.05555555555555555	0.05555555555555555	5.555555555555555	0	23.570226039551574	5.555555555555556	100	0
chr7	22838957	22865095	Amillepora12789	40	1	0.025	0.025	2.5	0	15.811388300841896	2.5	100	0
chr7	22785285	22801162	Amillepora12787	25	2	0.08	0.08	8	0	27.688746209726915	5.537749241945383	100	0
chr7	22804544	22819131	Amillepora12788	28	0	0	0	0	0	0	0	0	0
chr7	22872425	22882686	Amillepora12790	10	0	0	0	0	0	0	0	0	0
chr7	22890549	22900053	Amillepora12792	15	1	0.06666666666666667	0.06666666666666667	6.666666666666667	0	25.81988897471611	6.666666666666666	100	0
chr7	22914959	22928909	Amillepora12795	12	0	0	0	0	0	0	0	0	0
chr7	22940604	22951216	Amillepora12798	5	0	0	0	0	0	0	0	0	0
chr7	22932074	22939474	Amillepora12797	8	1	0.125	0.125	12.5	0	35.35533905932738	12.5	100	0
chr7	22954441	22958523	Amillepora12799	7	0	0	0	0	0	0	0	0	0
chr7	22965637	22969224	Amillepora12800	6	0	0	0	0	0	0	0	0	0
chr7	22969266	22975214	Amillepora12801	21	0	0	0	0	0	0	0	0	0
chr7	22905834	22914408	Amillepora12793	12	1	0.08333333333333333	0.08333333333333333	8.333333333333334	0	28.867513459481305	8.333333333333334	100	0
chr7	23014903	23017031	Amillepora12806	3	0	0	0	0	0	0	0	0	0
chr7	23044605	23048760	Amillepora12810	8	1	0.125	0.125	12.5	0	35.35533905932738	12.5	100	0
chr7	23003485	23008646	Amillepora12804	13	0	0	0	0	0	0	0	0	0
chr7	23039409	23041418	Amillepora12809	1	0	0	0	0	0	NA	NA	0	0
chr7	22977771	23002991	Amillepora12802	26	1	0.038461538461538464	0.038461538461538464	3.8461538461538463	0	19.61161351381839	3.8461538461538467	100	0
chr7	23054334	23059989	Amillepora12811	1	0	0	0	0	0	NA	NA	0	0
chr7	23104873	23129736	Amillepora12818	8	1	0.125	0.125	12.5	0	35.35533905932738	12.5	100	0
chr7	23080224	23086544	Amillepora12814	1	0	0	0	0	0	NA	NA	0	0
chr7	23206113	23212916	Amillepora12823	1	0	0	0	0	0	NA	NA	0	0
chr7	23196942	23205834	Amillepora12822	14	1	0.07142857142857142	0.06666666666666667	7.142857142857143	0	26.726124191242445	7.142857142857143	100	0
chr7	23255332	23267076	Amillepora12826	17	0	0	0	0	0	0	0	0	0
chr7	23154730	23192279	Amillepora12820	72	3	0.041666666666666664	0.041666666666666664	4.166666666666667	0	20.12286205947822	2.371502036523093	100	0
chr7	23216440	23218238	Amillepora12824	5	0	0	0	0	0	0	0	0	0
chr7	23230588	23250446	Amillepora12825	25	1	0.04	0.038461538461538464	4	0	20	4	100	0
chr7	23305995	23315107	Amillepora12830	17	0	0	0	0	0	0	0	0	0
chr7	23357304	23370146	Amillepora12833	14	2	0.14285714285714285	0.14285714285714285	14.285714285714286	0	36.31365196012815	9.705231721239393	100	0
chr7	23269083	23286178	Amillepora12827	20	1	0.05	0.05	5	0	22.360679774997898	5	100	0
chr7	23287940	23292884	Amillepora12828	3	3	1	1	100	100	0	0	100	100
chr7	23329544	23340013	Amillepora12831	15	0	0	0	0	0	0	0	0	0
chr7	23374902	23399920	Amillepora12834	31	1	0.03225806451612903	0.03225806451612903	3.225806451612903	0	17.960530202677493	3.2258064516129035	100	0
chr7	23441011	23450985	Amillepora12840	22	1	0.045454545454545456	0.045454545454545456	4.545454545454546	0	21.320071635561042	4.545454545454545	100	0
chr7	23479260	23483875	Amillepora12844	4	0	0	0	0	0	0	0	0	0
chr7	23467849	23478169	Amillepora12842	7	0	0	0	0	0	0	0	0	0
chr7	23456108	23466155	Amillepora12841	24	1	0.041666666666666664	0.041666666666666664	4.166666666666667	0	20.41241452319315	4.166666666666668	100	0
chr7	23405114	23440935	Amillepora12839	58	1	0.017241379310344827	0.017241379310344827	1.7241379310344827	0	13.130643285972262	1.7241379310344829	100	0
chr7	23400003	23403471	Amillepora12838	4	0	0	0	0	0	0	0	0	0
chr7	23487462	23491013	Amillepora12845	6	0	0	0	0	0	0	0	0	0
chr7	23508591	23519440	Amillepora12846	3	0	0	0	0	0	0	0	0	0
chr7	23549379	23558585	Amillepora12848	15	1	0.06666666666666667	0.06666666666666667	6.666666666666667	0	25.81988897471611	6.666666666666666	100	0
chr7	23527885	23534415	Amillepora12847	1	0	0	0	0	0	NA	NA	0	0
chr7	23629502	23649091	Amillepora12850	4	2	0.5	0.5	50	50	57.735026918962575	28.867513459481287	100	0
chr7	23572344	23604809	Amillepora12849	9	1	0.1111111111111111	0.1111111111111111	11.11111111111111	0	33.333333333333336	11.111111111111112	100	0
chr7	23731691	23748550	Amillepora12860	15	3	0.2	0.2	20	0	41.403933560541255	10.690449676496975	100	0
chr7	23703620	23718946	Amillepora12857	28	3	0.10714285714285714	0.10714285714285714	10.714285714285714	0	31.497039417435605	5.952380952380952	100	0
chr7	23666486	23692353	Amillepora12855	3	0	0	0	0	0	0	0	0	0
chr7	23783403	23803307	Amillepora12863	14	1	0.07142857142857142	0.07142857142857142	7.142857142857143	0	26.726124191242445	7.142857142857143	100	0
chr7	23834379	23846140	Amillepora12867	5	1	0.2	0.2	20	0	44.721359549995796	20	100	0
chr7	23780962	23783360	Amillepora12862	3	0	0	0	0	0	0	0	0	0
chr7	23826575	23828115	Amillepora12865	1	0	0	0	0	0	NA	NA	0	0
chr7	23750802	23775970	Amillepora12861	13	3	0.23076923076923078	0.23076923076923078	23.076923076923077	0	43.85290096535146	12.162606385262997	100	0
chr7	23957071	23962647	Amillepora12872	12	1	0.08333333333333333	0.08333333333333333	8.333333333333334	0	28.867513459481305	8.333333333333334	100	0
chr7	23965812	23983626	Amillepora12873	15	2	0.13333333333333333	0.13333333333333333	13.333333333333334	0	35.18657752744984	9.085135251589959	100	0
chr7	23929917	23944122	Amillepora12871	9	0	0	0	0	0	0	0	0	0
chr7	23850510	23901639	Amillepora12868	33	5	0.15151515151515152	0.15151515151515152	15.151515151515152	0	36.41095406272096	6.338333534349057	100	0
chr7	23905458	23939660	Amillepora12870	32	0	0	0	0	0	0	0	0	0
chr7	24072296	24076488	Amillepora12886	7	0	0	0	0	0	0	0	0	0
chr7	24025236	24030824	Amillepora12877	2	1	0.5	0.5	50	50	70.71067811865476	50	100	0
chr7	24034835	24041425	Amillepora12879	3	1	0.3333333333333333	0.3333333333333333	33.333333333333336	0	57.735026918962575	33.333333333333336	100	0
chr7	23985405	23994282	Amillepora12874	8	3	0.375	0.375	37.5	0	51.75491695067657	18.298126367784995	100	0
chr7	24042542	24053389	Amillepora12880	5	1	0.2	0.2	20	0	44.721359549995796	20	100	0
chr7	24053713	24055411	Amillepora12882	1	0	0	0	0	0	NA	NA	0	0
chr7	24076497	24080922	Amillepora12887	2	0	0	0	0	0	0	0	0	0
chr7	23994645	24019556	Amillepora12875	42	1	0.023809523809523808	0.023809523809523808	2.380952380952381	0	15.43033499620919	2.380952380952381	100	0
chr7	24056510	24061974	Amillepora12883	7	3	0.42857142857142855	0.42857142857142855	42.857142857142854	0	53.45224838248488	20.203050891044217	100	0
chr7	24066283	24071655	Amillepora12885	8	5	0.625	0.625	62.5	100	51.75491695067657	18.298126367784995	100	0
chr7	24092841	24098622	Amillepora12891	7	4	0.5714285714285714	0.5714285714285714	57.142857142857146	100	53.45224838248488	20.203050891044217	100	0
chr7	24183857	24190414	Amillepora12907	6	0	0	0	0	0	0	0	0	0
chr7	24134891	24140523	Amillepora12898	1	0	0	0	0	0	NA	NA	0	0
chr7	24143294	24153118	Amillepora12901	7	2	0.2857142857142857	0.2857142857142857	28.571428571428573	0	48.79500364742666	18.442777839082936	100	0
chr7	24192763	24207602	Amillepora12908	5	5	1	1	100	100	0	0	100	100
chr7	24085442	24092079	Amillepora12890	11	0	0	0	0	0	0	0	0	0
chr7	24102362	24112388	Amillepora12892	3	2	0.6666666666666666	0.6666666666666666	66.66666666666667	100	57.73502691896258	33.333333333333336	100	0
chr7	24175504	24181389	Amillepora12906	11	0	0	0	0	0	0	0	0	0
chr7	24153705	24155887	Amillepora12902	3	1	0.3333333333333333	0.3333333333333333	33.333333333333336	0	57.735026918962575	33.333333333333336	100	0
chr7	24140559	24143233	Amillepora12899	2	0	0	0	0	0	0	0	0	0
chr7	24112736	24116645	Amillepora12894	2	1	0.5	0.5	50	50	70.71067811865476	50	100	0
chr7	24118295	24133956	Amillepora12896	14	1	0.07142857142857142	0.07142857142857142	7.142857142857143	0	26.72612419124244	7.142857142857143	100	0
chr7	24165517	24173548	Amillepora12905	4	0	0	0	0	0	0	0	0	0
chr7	24156830	24159503	Amillepora12903	2	2	1	1	100	100	0	0	100	100
chr7	24160187	24161821	Amillepora12904	3	0	0	0	0	0	0	0	0	0
chr8	8651	9788	Amillepora23453	1	0	0	0	0	0	NA	NA	0	0
chr8	38682	43757	Amillepora23456	3	3	1	1	100	100	0	0	100	100
chr8	90187	91109	Amillepora23463	1	0	0	0	0	0	NA	NA	0	0
chr8	121409	128208	Amillepora23467	5	1	0.2	0.2	20	0	44.721359549995796	20	100	0
chr8	91952	117857	Amillepora23464	6	1	0.16666666666666666	0.16666666666666666	16.666666666666668	0	40.82482904638629	16.66666666666667	100	0
chr8	131721	144430	Amillepora23468	6	0	0	0	0	0	0	0	0	0
chr8	231181	255130	Amillepora23474	7	3	0.42857142857142855	0.42857142857142855	42.857142857142854	0	53.45224838248488	20.203050891044217	100	0
chr8	214234	223889	Amillepora23472	9	0	0	0	0	0	0	0	0	0
chr8	187950	193279	Amillepora23470	2	0	0	0	0	0	0	0	0	0
chr8	224652	226042	Amillepora23473	3	0	0	0	0	0	0	0	0	0
chr8	259045	264721	Amillepora23475	8	0	0	0	0	0	0	0	0	0
chr8	376947	379159	Amillepora23482	6	1	0.16666666666666666	0.16666666666666666	16.666666666666668	0	40.8248290463863	16.66666666666667	100	0
chr8	316783	352555	Amillepora23479	50	1	0.02	0.0196078431372549	2	0	14.142135623730951	2	100	0
chr8	285090	287350	Amillepora23476	2	0	0	0	0	0	0	0	0	0
chr8	290021	293143	Amillepora23477	6	0	0	0	0	0	0	0	0	0
chr8	293726	308343	Amillepora23478	1	0	0	0	0	0	NA	NA	0	0
chr8	358174	363921	Amillepora23481	4	0	0	0	0	0	0	0	0	0
chr8	444220	450106	Amillepora23491	6	0	0	0	0	0	0	0	0	0
chr8	418581	431303	Amillepora23489	7	1	0.14285714285714285	0.14285714285714285	14.285714285714286	0	37.79644730092272	14.285714285714285	100	0
chr8	455102	461496	Amillepora23492	10	0	0	0	0	0	0	0	0	0
chr8	434958	438877	Amillepora23490	9	1	0.1111111111111111	0.1111111111111111	11.11111111111111	0	33.333333333333336	11.111111111111112	100	0
chr8	461795	465134	Amillepora23493	7	1	0.14285714285714285	0.14285714285714285	14.285714285714286	0	37.79644730092272	14.285714285714285	100	0
chr8	388382	397137	Amillepora23484	3	2	0.6666666666666666	0.6666666666666666	66.66666666666667	100	57.735026918962575	33.333333333333336	100	0
chr8	570532	570978	Amillepora23503	1	0	0	0	0	0	NA	NA	0	0
chr8	503083	517933	Amillepora23498	2	0	0	0	0	0	0	0	0	0
chr8	474432	496239	Amillepora23496	22	4	0.18181818181818182	0.18181818181818182	18.181818181818183	0	39.47710169758613	8.41654636156865	100	0
chr8	562522	566057	Amillepora23502	1	0	0	0	0	0	NA	NA	0	0
chr8	552597	562499	Amillepora23501	2	0	0	0	0	0	0	0	0	0
chr8	497566	502191	Amillepora23497	1	0	0	0	0	0	NA	NA	0	0
chr8	574547	589737	Amillepora23504	3	1	0.3333333333333333	0.3333333333333333	33.333333333333336	0	57.735026918962575	33.333333333333336	100	0
chr8	638669	641839	Amillepora23513	5	0	0	0	0	0	0	0	0	0
chr8	633388	636700	Amillepora23512	2	1	0.5	0.5	50	50	70.71067811865476	50	100	0
chr8	627065	629335	Amillepora23511	5	1	0.2	0.2	20	0	44.721359549995796	20	100	0
chr8	747571	764964	Amillepora23524	18	3	0.16666666666666666	0.16666666666666666	16.666666666666668	0	38.34824944236851	9.03876907577734	100	0
chr8	683871	699503	Amillepora23515	3	0	0	0	0	0	0	0	0	0
chr8	773231	782260	Amillepora23527	9	0	0	0	0	0	0	0	0	0
chr8	730299	736309	Amillepora23522	5	4	0.8	0.8	80	100	44.721359549995796	20	100	0
chr8	725848	727449	Amillepora23521	2	0	0	0	0	0	0	0	0	0
chr8	738852	743006	Amillepora23523	2	0	0	0	0	0	0	0	0	0
chr8	691397	693351	Amillepora23516	1	0	0	0	0	0	NA	NA	0	0
chr8	720668	722754	Amillepora23520	1	0	0	0	0	0	NA	NA	0	0
chr8	806183	809394	Amillepora23530	1	1	1	1	100	100	NA	NA	100	100
chr8	923649	934352	Amillepora23541	15	0	0	0	0	0	0	0	0	0
chr8	913892	922759	Amillepora23540	7	0	0	0	0	0	0	0	0	0
chr8	950169	959865	Amillepora23544	1	0	0	0	0	0	NA	NA	0	0
chr8	901323	902901	Amillepora23539	1	0	0	0	0	0	NA	NA	0	0
chr8	896811	897023	Amillepora23538	1	1	1	1	100	100	NA	NA	100	100
chr8	976059	978794	Amillepora23547	4	0	0	0	0	0	0	0	0	0
chr8	947633	948421	Amillepora23543	3	0	0	0	0	0	0	0	0	0
chr8	953065	953850	Amillepora23545	1	0	0	0	0	0	NA	NA	0	0
chr8	962181	969082	Amillepora23546	13	0	0	0	0	0	0	0	0	0
chr8	939071	940129	Amillepora23542	1	0	0	0	0	0	NA	NA	0	0
chr8	1007891	1020547	Amillepora23550	23	0	0	0	0	0	0	0	0	0
chr8	982671	999921	Amillepora23548	33	0	0	0	0	0	0	0	0	0
chr8	1030598	1040056	Amillepora23552	4	1	0.25	0.25	25	0	50	25	100	0
chr8	1023659	1024678	Amillepora23551	2	0	0	0	0	0	0	0	0	0
chr8	1103266	1111813	Amillepora23556	2	0	0	0	0	0	0	0	0	0
chr8	1123457	1141785	Amillepora23559	5	3	0.6	0.6	60	100	54.772255750516614	24.49489742783178	100	0
chr8	1040239	1052744	Amillepora23553	2	1	0.5	0.5	50	50	70.71067811865476	50	100	0
chr8	1112589	1116465	Amillepora23557	4	0	0	0	0	0	0	0	0	0
chr8	1081654	1085788	Amillepora23555	1	0	0	0	0	0	NA	NA	0	0
chr8	1062095	1078064	Amillepora23554	4	0	0	0	0	0	0	0	0	0
chr8	1120784	1122789	Amillepora23558	1	0	0	0	0	0	NA	NA	0	0
chr8	1217344	1225040	Amillepora23564	1	0	0	0	0	0	NA	NA	0	0
chr8	1238175	1257557	Amillepora23565	3	0	0	0	0	0	0	0	0	0
chr8	1162501	1178960	Amillepora23561	5	0	0	0	0	0	0	0	0	0
chr8	1188917	1206576	Amillepora23562	1	0	0	0	0	0	NA	NA	0	0
chr8	1271798	1281695	Amillepora23568	1	0	0	0	0	0	NA	NA	0	0
chr8	1298192	1317195	Amillepora23570	8	1	0.125	0.125	12.5	0	35.35533905932738	12.5	100	0
chr8	1332054	1348329	Amillepora23571	3	0	0	0	0	0	0	0	0	0
chr8	1355789	1370414	Amillepora23572	3	0	0	0	0	0	0	0	0	0
chr8	1378101	1398749	Amillepora23573	6	0	0	0	0	0	0	0	0	0
chr8	1406678	1411149	Amillepora23575	2	2	1	1	100	100	0	0	100	100
chr8	1403500	1406653	Amillepora23574	1	0	0	0	0	0	NA	NA	0	0
chr8	1528913	1530274	Amillepora23589	7	1	0.14285714285714285	0.14285714285714285	14.285714285714286	0	37.79644730092272	14.285714285714285	100	0
chr8	1545852	1557665	Amillepora23590	4	0	0	0	0	0	0	0	0	0
chr8	1527549	1528718	Amillepora23588	4	1	0.25	0.25	25	0	50	25	100	0
chr8	1484364	1489791	Amillepora23585	6	0	0	0	0	0	0	0	0	0
chr8	1455113	1456534	Amillepora23579	1	0	0	0	0	0	NA	NA	0	0
chr8	1497557	1511403	Amillepora23586	2	0	0	0	0	0	0	0	0	0
chr8	1561819	1571898	Amillepora23591	7	2	0.2857142857142857	0.2857142857142857	28.571428571428573	0	48.79500364742666	18.442777839082936	100	0
chr8	1606325	1619298	Amillepora23592	1	0	0	0	0	0	NA	NA	0	0
chr8	1639338	1640621	Amillepora23593	6	0	0	0	0	0	0	0	0	0
chr8	1674969	1680412	Amillepora23596	2	0	0	0	0	0	0	0	0	0
chr8	1744727	1748111	Amillepora23603	8	3	0.375	0.375	37.5	0	51.75491695067657	18.298126367784995	100	0
chr8	1693913	1708475	Amillepora23600	1	0	0	0	0	0	NA	NA	0	0
chr8	1708551	1710334	Amillepora23601	1	0	0	0	0	0	NA	NA	0	0
chr8	1763546	1778119	Amillepora23605	3	1	0.3333333333333333	0.3333333333333333	33.333333333333336	0	57.735026918962575	33.333333333333336	100	0
chr8	1810288	1829020	Amillepora23608	10	0	0	0	0	0	0	0	0	0
chr8	1929645	1933019	Amillepora23627	3	0	0	0	0	0	0	0	0	0
chr8	1874543	1882149	Amillepora23618	3	0	0	0	0	0	0	0	0	0
chr8	1935144	1941948	Amillepora23628	1	0	0	0	0	0	NA	NA	0	0
chr8	1956381	1974243	Amillepora23629	3	1	0.3333333333333333	0.3333333333333333	33.333333333333336	0	57.735026918962575	33.333333333333336	100	0
chr8	2035291	2038606	Amillepora23640	9	0	0	0	0	0	0	0	0	0
chr8	2002832	2006320	Amillepora23634	6	1	0.16666666666666666	0.16666666666666666	16.666666666666668	0	40.82482904638629	16.66666666666667	100	0
chr8	2069715	2085225	Amillepora23642	33	1	0.030303030303030304	0.030303030303030304	3.0303030303030303	0	17.407765595569767	3.03030303030303	100	0
chr8	2054400	2068649	Amillepora23641	6	3	0.5	0.5	50	50	54.772255750516614	22.3606797749979	100	0
chr8	2101573	2111368	Amillepora23643	9	0	0	0	0	0	0	0	0	0
chr8	2154163	2165153	Amillepora23645	11	0	0	0	0	0	0	0	0	0
chr8	2173910	2189748	Amillepora23646	5	2	0.4	0.4	40	0	54.772255750516614	24.49489742783178	100	0
chr8	2256272	2280619	Amillepora23659	19	1	0.05263157894736842	0.05263157894736842	5.2631578947368425	0	22.941573387056177	5.263157894736841	100	0
chr8	2241483	2245220	Amillepora23657	1	0	0	0	0	0	NA	NA	0	0
chr8	2214775	2215433	Amillepora23653	2	0	0	0	0	0	0	0	0	0
chr8	2249303	2249912	Amillepora23658	1	0	0	0	0	0	NA	NA	0	0
chr8	2217741	2228954	Amillepora23654	2	0	0	0	0	0	0	0	0	0
chr8	2285846	2301781	Amillepora23660	16	0	0	0	0	0	0	0	0	0
chr8	2365555	2382663	Amillepora23669	20	0	0	0	0	0	0	0	0	0
chr8	2347990	2350123	Amillepora23666	5	0	0	0	0	0	0	0	0	0
chr8	2354014	2358255	Amillepora23667	6	0	0	0	0	0	0	0	0	0
chr8	2308022	2308698	Amillepora23662	1	0	0	0	0	0	NA	NA	0	0
chr8	2430546	2433406	Amillepora23673	3	0	0	0	0	0	0	0	0	0
chr8	2434859	2476861	Amillepora23674	47	1	0.02127659574468085	0.02127659574468085	2.127659574468085	0	14.586499149789466	2.127659574468085	100	0
chr8	2405035	2422563	Amillepora23672	24	2	0.08333333333333333	0.08333333333333333	8.333333333333334	0	28.232985128664012	5.763033956734373	100	0
chr8	2478651	2483729	Amillepora23675	9	0	0	0	0	0	0	0	0	0
chr8	2385733	2401920	Amillepora23671	17	0	0	0	0	0	0	0	0	0
chr8	2555307	2585677	Amillepora23683	36	3	0.08333333333333333	0.08108108108108109	8.333333333333334	0	28.03059552906942	4.671765921511567	100	0
chr8	2497536	2503961	Amillepora23678	1	0	0	0	0	0	NA	NA	0	0
chr8	2504005	2505849	Amillepora23679	1	0	0	0	0	0	NA	NA	0	0
chr8	2539445	2555194	Amillepora23681	6	0	0	0	0	0	0	0	0	0
chr8	2597717	2603685	Amillepora23688	12	0	0	0	0	0	0	0	0	0
chr8	2591552	2593473	Amillepora23686	4	0	0	0	0	0	0	0	0	0
chr8	2608617	2613576	Amillepora23689	1	0	0	0	0	0	NA	NA	0	0
chr8	2641915	2654327	Amillepora23693	14	0	0	0	0	0	0	0	0	0
chr8	2615250	2618949	Amillepora23690	5	2	0.4	0.4	40	0	54.772255750516614	24.49489742783178	100	0
chr8	2632660	2636373	Amillepora23692	6	0	0	0	0	0	0	0	0	0
chr8	2619685	2626035	Amillepora23691	8	0	0	0	0	0	0	0	0	0
chr8	2654423	2668811	Amillepora23694	11	2	0.18181818181818182	0.18181818181818182	18.181818181818183	0	40.45199174779452	12.196734422726125	100	0
chr8	2727345	2731157	Amillepora23700	8	1	0.125	0.125	12.5	0	35.35533905932738	12.5	100	0
chr8	2712683	2717970	Amillepora23698	2	2	1	1	100	100	0	0	100	100
chr8	2697382	2699883	Amillepora23696	4	0	0	0	0	0	0	0	0	0
chr8	2671703	2693524	Amillepora23695	13	2	0.15384615384615385	0.15384615384615385	15.384615384615385	0	37.553380809940535	10.415433852097385	100	0
chr8	2699883	2712883	Amillepora23697	11	1	0.09090909090909091	0.09090909090909091	9.090909090909092	0	30.151134457776354	9.09090909090909	100	0
chr8	2732625	2760925	Amillepora23701	29	0	0	0	0	0	0	0	0	0
chr8	2721478	2727009	Amillepora23699	14	0	0	0	0	0	0	0	0	0
chr8	2791102	2805324	Amillepora23702	15	0	0	0	0	0	0	0	0	0
chr8	2862749	2867732	Amillepora23709	4	4	1	1	100	100	0	0	100	100
chr8	2852792	2856631	Amillepora23708	7	0	0	0	0	0	0	0	0	0
chr8	2815053	2837771	Amillepora23706	21	6	0.2857142857142857	0.2857142857142857	28.571428571428573	0	46.291004988627584	10.101525445522107	100	0
chr8	2871400	2877119	Amillepora23711	1	1	1	1	100	100	NA	NA	100	100
chr8	2844058	2852334	Amillepora23707	9	0	0	0	0	0	0	0	0	0
chr8	2877255	2880718	Amillepora23712	3	2	0.6666666666666666	0.6666666666666666	66.66666666666667	100	57.73502691896258	33.333333333333336	100	0
chr8	2867656	2871299	Amillepora23710	4	2	0.5	0.5	50	50	57.735026918962575	28.867513459481287	100	0
chr8	2889315	2890675	Amillepora23714	2	0	0	0	0	0	0	0	0	0
chr8	2890793	2892114	Amillepora23715	5	0	0	0	0	0	0	0	0	0
chr8	2887952	2888687	Amillepora23713	3	0	0	0	0	0	0	0	0	0
chr8	3045566	3066616	Amillepora23717	25	2	0.08	0.08	8	0	27.688746209726915	5.537749241945383	100	0
chr8	3003295	3020524	Amillepora23716	21	1	0.047619047619047616	0.047619047619047616	4.761904761904762	0	21.82178902359924	4.761904761904762	100	0
chr8	3068398	3071861	Amillepora23718	1	1	1	1	100	100	NA	NA	100	100
chr8	3104117	3112425	Amillepora23725	7	0	0	0	0	0	0	0	0	0
chr8	3162163	3167385	Amillepora23729	2	0	0	0	0	0	0	0	0	0
chr8	3080868	3094694	Amillepora23722	3	0	0	0	0	0	0	0	0	0
chr8	3113295	3128680	Amillepora23726	15	2	0.13333333333333333	0.125	13.333333333333334	0	35.18657752744984	9.085135251589959	100	0
chr8	3185275	3188065	Amillepora23734	1	0	0	0	0	0	NA	NA	0	0
chr8	3129355	3158339	Amillepora23727	10	0	0	0	0	0	0	0	0	0
chr8	3208812	3225775	Amillepora23737	1	0	0	0	0	0	NA	NA	0	0
chr8	3176790	3178594	Amillepora23733	1	0	0	0	0	0	NA	NA	0	0
chr8	3163939	3167728	Amillepora23730	2	0	0	0	0	0	0	0	0	0
chr8	3168745	3175146	Amillepora23731	2	0	0	0	0	0	0	0	0	0
chr8	3227603	3261334	Amillepora23738	20	0	0	0	0	0	0	0	0	0
chr8	3267271	3275931	Amillepora23740	11	0	0	0	0	0	0	0	0	0
chr8	3280993	3283910	Amillepora23741	3	0	0	0	0	0	0	0	0	0
chr8	3284354	3301907	Amillepora23742	8	0	0	0	0	0	0	0	0	0
chr8	3371913	3399740	Amillepora23748	12	1	0.08333333333333333	0.08333333333333333	8.333333333333334	0	28.8675134594813	8.333333333333334	100	0
chr8	3403867	3408313	Amillepora23749	1	1	1	1	100	100	NA	NA	100	100
chr8	3480756	3482990	Amillepora23762	1	0	0	0	0	0	NA	NA	0	0
chr8	3529430	3533220	Amillepora23764	1	0	0	0	0	0	NA	NA	0	0
chr8	3693500	3698412	Amillepora23771	1	0	0	0	0	0	NA	NA	0	0
chr8	3737862	3782008	Amillepora23774	4	1	0.25	0.25	25	0	50	25	100	0
chr8	4003755	4005201	Amillepora23783	1	0	0	0	0	0	NA	NA	0	0
chr8	4097682	4099234	Amillepora23786	1	0	0	0	0	0	NA	NA	0	0
chr8	4102510	4105401	Amillepora23788	3	2	0.6666666666666666	0.6666666666666666	66.66666666666667	100	57.73502691896258	33.333333333333336	100	0
chr8	4095203	4097681	Amillepora23785	4	2	0.5	0.5	50	50	57.735026918962575	28.867513459481287	100	0
chr8	4199955	4201913	Amillepora23795	3	0	0	0	0	0	0	0	0	0
chr8	4151983	4193813	Amillepora23793	8	0	0	0	0	0	0	0	0	0
chr8	4380119	4384869	Amillepora23812	2	0	0	0	0	0	0	0	0	0
chr8	4318926	4321259	Amillepora23802	2	1	0.5	0.5	50	50	70.71067811865476	50	100	0
chr8	4293521	4294312	Amillepora23800	1	0	0	0	0	0	NA	NA	0	0
chr8	4405776	4406123	Amillepora23815	1	0	0	0	0	0	NA	NA	0	0
chr8	4462281	4464443	Amillepora23820	17	5	0.29411764705882354	0.2777777777777778	26.470588235294116	0	43.723731609760314	10.604562574894086	100	0
chr8	4478654	4482924	Amillepora23821	10	0	0	0	0	0	0	0	0	0
chr8	4508065	4523668	Amillepora23822	23	1	0.043478260869565216	0.043478260869565216	4.3478260869565215	0	20.851441405707476	4.347826086956522	100	0
chr8	4584009	4587329	Amillepora23823	1	0	0	0	0	0	NA	NA	0	0
chr8	4587360	4588391	Amillepora23824	1	0	0	0	0	0	NA	NA	0	0
chr8	4696306	4709978	Amillepora23837	1	0	0	0	0	0	NA	NA	0	0
chr8	4835731	4836513	Amillepora23845	2	0	0	0	0	0	0	0	0	0
chr8	4977151	5025819	Amillepora23854	2	0	0	0	0	0	0	0	0	0
chr8	5255100	5256143	Amillepora23867	1	0	0	0	0	0	NA	NA	0	0
chr8	5364803	5375752	Amillepora23872	11	0	0	0	0	0	0	0	0	0
chr8	5389503	5395189	Amillepora23874	1	0	0	0	0	0	NA	NA	0	0
chr8	5406613	5408073	Amillepora23877	1	1	1	1	100	100	NA	NA	100	100
chr8	5460118	5467934	Amillepora23879	7	4	0.5714285714285714	0.5714285714285714	57.142857142857146	100	53.45224838248488	20.203050891044217	100	0
chr8	5540721	5542202	Amillepora23889	1	0	0	0	0	0	NA	NA	0	0
chr8	5538931	5540279	Amillepora23888	1	1	1	1	100	100	NA	NA	100	100
chr8	5558638	5560359	Amillepora23892	1	1	1	1	100	100	NA	NA	100	100
chr8	5655175	5656143	Amillepora23903	1	1	1	1	100	100	NA	NA	100	100
chr8	5660458	5661774	Amillepora23904	2	0	0	0	0	0	0	0	0	0
chr8	5615149	5620539	Amillepora23897	1	0	0	0	0	0	NA	NA	0	0
chr8	5668808	5672306	Amillepora23905	1	0	0	0	0	0	NA	NA	0	0
chr8	5631189	5634949	Amillepora23899	8	3	0.375	0.375	37.5	0	51.75491695067657	18.298126367784995	100	0
chr8	5629292	5631079	Amillepora23898	4	2	0.5	0.5	50	50	57.735026918962575	28.867513459481287	100	0
chr8	5726166	5727168	Amillepora23909	3	1	0.3333333333333333	0.3333333333333333	33.333333333333336	0	57.735026918962575	33.333333333333336	100	0
chr8	5709881	5718982	Amillepora23908	2	0	0	0	0	0	0	0	0	0
chr8	5780125	5786951	Amillepora23912	1	0	0	0	0	0	NA	NA	0	0
chr8	5966450	5979005	Amillepora23927	7	1	0.14285714285714285	0.14285714285714285	14.285714285714286	0	37.79644730092272	14.285714285714285	100	0
chr8	6040861	6042092	Amillepora23929	1	0	0	0	0	0	NA	NA	0	0
chr8	6099187	6136761	Amillepora23930	4	1	0.25	0.25	25	0	50	25	100	0
chr8	6216547	6227590	Amillepora23934	10	2	0.2	0.2	20	0	42.16370213557839	13.333333333333332	100	0
chr8	6302221	6330919	Amillepora23940	25	2	0.08	0.08	8	0	27.688746209726915	5.537749241945383	100	0
chr8	6280208	6291982	Amillepora23939	7	3	0.42857142857142855	0.42857142857142855	42.857142857142854	0	53.452248382484875	20.203050891044217	100	0
chr8	6265988	6271393	Amillepora23937	8	0	0	0	0	0	0	0	0	0
chr8	6347112	6349333	Amillepora23945	1	1	1	1	100	100	NA	NA	100	100
chr8	6468733	6489143	Amillepora23956	20	0	0	0	0	0	0	0	0	0
chr8	6439737	6467176	Amillepora23954	25	1	0.04	0.04	4	0	20	4	100	0
chr8	6452341	6454001	Amillepora23955	1	0	0	0	0	0	NA	NA	0	0
chr8	6548910	6550322	Amillepora23961	1	0	0	0	0	0	NA	NA	0	0
chr8	6494822	6533738	Amillepora23959	32	0	0	0	0	0	0	0	0	0
chr8	6568612	6590695	Amillepora23962	26	0	0	0	0	0	0	0	0	0
chr8	6652904	6656431	Amillepora23967	7	1	0.14285714285714285	0.14285714285714285	14.285714285714286	0	37.79644730092272	14.285714285714285	100	0
chr8	6620530	6623722	Amillepora23966	1	1	1	1	100	100	NA	NA	100	100
chr8	6756643	6758456	Amillepora23973	9	2	0.2222222222222222	0.2222222222222222	22.22222222222222	0	44.09585518440984	14.698618394803281	100	0
chr8	6753338	6756157	Amillepora23972	5	0	0	0	0	0	0	0	0	0
chr8	6733008	6734527	Amillepora23970	5	2	0.4	0.4	40	0	54.772255750516614	24.49489742783178	100	0
chr8	6689843	6694361	Amillepora23968	1	1	1	1	100	100	NA	NA	100	100
chr8	6703848	6704338	Amillepora23969	1	0	0	0	0	0	NA	NA	0	0
chr8	6780325	6782835	Amillepora23975	1	1	1	1	100	100	NA	NA	100	100
chr8	6809109	6811121	Amillepora23979	1	0	0	0	0	0	NA	NA	0	0
chr8	6957083	6960180	Amillepora23989	1	0	0	0	0	0	NA	NA	0	0
chr8	6998522	6999913	Amillepora23992	1	1	1	1	100	100	NA	NA	100	100
chr8	7147958	7152885	Amillepora24001	1	0	0	0	0	0	NA	NA	0	0
chr8	7252731	7273293	Amillepora24007	2	0	0	0	0	0	0	0	0	0
chr8	7245079	7248413	Amillepora24006	3	0	0	0	0	0	0	0	0	0
chr8	7279475	7295680	Amillepora24008	1	0	0	0	0	0	NA	NA	0	0
chr8	7306877	7308151	Amillepora24011	4	0	0	0	0	0	0	0	0	0
chr8	7357830	7367921	Amillepora24016	1	0	0	0	0	0	NA	NA	0	0
chr8	7435978	7437272	Amillepora24023	3	0	0	0	0	0	0	0	0	0
chr8	7439438	7449609	Amillepora24024	3	0	0	0	0	0	0	0	0	0
chr8	7329105	7331952	Amillepora24013	1	0	0	0	0	0	NA	NA	0	0
chr8	7404322	7432117	Amillepora24020	13	1	0.07692307692307693	0.07692307692307693	7.6923076923076925	0	27.735009811261456	7.6923076923076925	100	0
chr8	7556891	7569659	Amillepora24033	8	0	0	0	0	0	0	0	0	0
chr8	7488045	7497641	Amillepora24028	2	0	0	0	0	0	0	0	0	0
chr8	7542861	7548175	Amillepora24032	3	0	0	0	0	0	0	0	0	0
chr8	7563669	7566359	Amillepora24034	1	0	0	0	0	0	NA	NA	0	0
chr8	7618810	7626229	Amillepora24035	3	0	0	0	0	0	0	0	0	0
chr8	7629978	7645505	Amillepora24036	2	0	0	0	0	0	0	0	0	0
chr8	7662427	7666388	Amillepora24040	5	0	0	0	0	0	0	0	0	0
chr8	7724153	7728612	Amillepora24045	1	0	0	0	0	0	NA	NA	0	0
chr8	7733950	7751607	Amillepora24047	13	1	0.07692307692307693	0.07692307692307693	7.6923076923076925	0	27.735009811261456	7.6923076923076925	100	0
chr8	7703394	7719749	Amillepora24042	19	0	0	0	0	0	0	0	0	0
chr8	7760618	7780804	Amillepora24049	39	1	0.02564102564102564	0.02564102564102564	2.5641025641025643	0	16.01281538050869	2.564102564102564	100	0
chr8	7730051	7732879	Amillepora24046	2	2	1	1	100	100	0	0	100	100
chr8	7720842	7729109	Amillepora24044	3	0	0	0	0	0	0	0	0	0
chr8	7796579	7798482	Amillepora24051	1	0	0	0	0	0	NA	NA	0	0
chr8	7827882	7829091	Amillepora24054	1	0	0	0	0	0	NA	NA	0	0
chr8	7852043	7871679	Amillepora24056	13	7	0.5384615384615384	0.5384615384615384	53.84615384615385	100	51.887452166277086	14.390989949130546	100	0
chr8	7872941	7899368	Amillepora24057	23	2	0.08695652173913043	0.08695652173913043	8.695652173913043	0	28.810406552003034	6.007385040937022	100	0
chr8	7956365	7959904	Amillepora24061	1	0	0	0	0	0	NA	NA	0	0
chr8	7963311	7966265	Amillepora24062	2	0	0	0	0	0	0	0	0	0
chr8	8029276	8030187	Amillepora24069	2	0	0	0	0	0	0	0	0	0
chr8	8060514	8061644	Amillepora24073	1	0	0	0	0	0	NA	NA	0	0
chr8	7984388	7987944	Amillepora24064	1	0	0	0	0	0	NA	NA	0	0
chr8	8052106	8055289	Amillepora24072	3	0	0	0	0	0	0	0	0	0
chr8	7988578	7995046	Amillepora24065	1	0	0	0	0	0	NA	NA	0	0
chr8	8178809	8181662	Amillepora24079	1	0	0	0	0	0	NA	NA	0	0
chr8	8134123	8139387	Amillepora24077	1	0	0	0	0	0	NA	NA	0	0
chr8	8086245	8088785	Amillepora24074	1	0	0	0	0	0	NA	NA	0	0
chr8	8220665	8233593	Amillepora24082	6	1	0.16666666666666666	0.16666666666666666	16.666666666666668	0	40.82482904638629	16.66666666666667	100	0
chr8	8168092	8178771	Amillepora24078	4	2	0.5	0.5	50	50	57.735026918962575	28.867513459481287	100	0
chr8	8186552	8220335	Amillepora24081	12	9	0.75	0.75	75	100	45.22670168666454	13.055824196677337	100	0
chr8	8307555	8321238	Amillepora24086	4	1	0.25	0.25	25	0	50	25	100	0
chr8	8271200	8295361	Amillepora24084	5	0	0	0	0	0	0	0	0	0
chr8	8348139	8349170	Amillepora24092	4	0	0	0	0	0	0	0	0	0
chr8	8356560	8357591	Amillepora24093	6	0	0	0	0	0	0	0	0	0
chr8	8269138	8300453	Amillepora24083	6	0	0	0	0	0	0	0	0	0
chr8	8393918	8480447	Amillepora24096	88	18	0.20454545454545456	0.20454545454545456	20.454545454545453	0	40.568066568156404	4.324570426746519	100	0
chr8	8377073	8392396	Amillepora24095	33	1	0.030303030303030304	0.030303030303030304	3.0303030303030303	0	17.40776559556978	3.03030303030303	100	0
chr8	8365193	8369537	Amillepora24094	12	1	0.08333333333333333	0.08333333333333333	8.333333333333334	0	28.867513459481295	8.333333333333334	100	0
chr8	8515284	8516210	Amillepora24100	2	0	0	0	0	0	0	0	0	0
chr8	8651780	8652172	Amillepora24110	1	0	0	0	0	0	NA	NA	0	0
chr8	8653541	8668765	Amillepora24111	2	0	0	0	0	0	0	0	0	0
chr8	8621133	8645186	Amillepora24105	6	3	0.5	0.5	50	50	54.772255750516614	22.3606797749979	100	0
chr8	8645185	8649057	Amillepora24109	1	1	1	1	100	100	NA	NA	100	100
chr8	8672527	8684588	Amillepora24112	13	6	0.46153846153846156	0.46153846153846156	46.15384615384615	0	51.887452166277086	14.390989949130546	100	0
chr8	8744051	8781592	Amillepora24118	23	2	0.08695652173913043	0.08695652173913043	8.695652173913043	0	28.810406552003037	6.007385040937022	100	0
chr8	8711027	8715174	Amillepora24113	2	1	0.5	0.5	50	50	70.71067811865476	50	100	0
chr8	8718230	8724206	Amillepora24114	4	0	0	0	0	0	0	0	0	0
chr8	8735837	8737185	Amillepora24115	1	0	0	0	0	0	NA	NA	0	0
chr8	8738360	8741096	Amillepora24116	1	0	0	0	0	0	NA	NA	0	0
chr8	8811718	8824725	Amillepora24123	15	0	0	0	0	0	0	0	0	0
chr8	8870810	8884557	Amillepora24127	16	1	0.0625	0.0625	6.25	0	25	6.25	100	0
chr8	8789868	8792219	Amillepora24121	1	0	0	0	0	0	NA	NA	0	0
chr8	8808591	8809523	Amillepora24122	1	0	0	0	0	0	NA	NA	0	0
chr8	8863222	8868622	Amillepora24126	5	0	0	0	0	0	0	0	0	0
chr8	8946435	8957526	Amillepora24134	1	0	0	0	0	0	NA	NA	0	0
chr8	8986117	8987193	Amillepora24140	2	0	0	0	0	0	0	0	0	0
chr8	8958789	8962247	Amillepora24135	7	0	0	0	0	0	0	0	0	0
chr8	8940021	8945442	Amillepora24133	2	0	0	0	0	0	0	0	0	0
chr8	8918394	8933067	Amillepora24131	12	1	0.08333333333333333	0.08333333333333333	8.333333333333334	0	28.867513459481295	8.333333333333334	100	0
chr8	8969141	8982675	Amillepora24137	20	0	0	0	0	0	0	0	0	0
chr8	9011207	9022747	Amillepora24144	2	0	0	0	0	0	0	0	0	0
chr8	9026935	9042797	Amillepora24146	14	2	0.14285714285714285	0.14285714285714285	14.285714285714286	0	36.31365196012815	9.705231721239393	100	0
chr8	8993973	8996905	Amillepora24141	1	0	0	0	0	0	NA	NA	0	0
chr8	9008179	9009267	Amillepora24143	2	1	0.5	0.5	50	50	70.71067811865476	50	100	0
chr8	9021897	9026786	Amillepora24145	1	0	0	0	0	0	NA	NA	0	0
chr8	9150259	9152330	Amillepora24153	3	0	0	0	0	0	0	0	0	0
chr8	9181311	9189788	Amillepora24155	5	0	0	0	0	0	0	0	0	0
chr8	9163309	9172031	Amillepora24154	10	0	0	0	0	0	0	0	0	0
chr8	9119589	9145862	Amillepora24149	23	0	0	0	0	0	0	0	0	0
chr8	9086136	9117971	Amillepora24147	30	1	0.03333333333333333	0.03333333333333333	3.3333333333333335	0	18.257418583505537	3.333333333333333	100	0
chr8	9199675	9207048	Amillepora24156	3	1	0.3333333333333333	0.3333333333333333	33.333333333333336	0	57.735026918962575	33.333333333333336	100	0
chr8	9232241	9243814	Amillepora24157	5	0	0	0	0	0	0	0	0	0
chr8	9360702	9362020	Amillepora24161	1	0	0	0	0	0	NA	NA	0	0
chr8	9346115	9356564	Amillepora24158	4	0	0	0	0	0	0	0	0	0
chr8	9427755	9432693	Amillepora24167	2	0	0	0	0	0	0	0	0	0
chr8	9419683	9424965	Amillepora24165	4	0	0	0	0	0	0	0	0	0
chr8	9468509	9471786	Amillepora24173	1	0	0	0	0	0	NA	NA	0	0
chr8	9432779	9454194	Amillepora24168	3	3	1	1	100	100	0	0	100	100
chr8	9411905	9419672	Amillepora24164	4	0	0	0	0	0	0	0	0	0
chr8	9388798	9401443	Amillepora24163	9	1	0.1111111111111111	0.1111111111111111	11.11111111111111	0	33.333333333333336	11.111111111111112	100	0
chr8	9456879	9467767	Amillepora24171	1	1	1	1	100	100	NA	NA	100	100
chr8	9540977	9552169	Amillepora24179	12	0	0	0	0	0	0	0	0	0
chr8	9514569	9515378	Amillepora24176	1	0	0	0	0	0	NA	NA	0	0
chr8	9521739	9525015	Amillepora24177	10	0	0	0	0	0	0	0	0	0
chr8	9486611	9492001	Amillepora24174	7	0	0	0	0	0	0	0	0	0
chr8	9686095	9687366	Amillepora24187	1	0	0	0	0	0	NA	NA	0	0
chr8	9746158	9748684	Amillepora24192	1	0	0	0	0	0	NA	NA	0	0
chr8	9844858	9855205	Amillepora24203	11	3	0.2727272727272727	0.2727272727272727	27.272727272727273	0	46.70993664969137	14.083575804390607	100	0
chr8	9876967	9888677	Amillepora24206	8	0	0	0	0	0	0	0	0	0
chr8	9825196	9825732	Amillepora24201	1	0	0	0	0	0	NA	NA	0	0
chr8	9792609	9801756	Amillepora24199	1	0	0	0	0	0	NA	NA	0	0
chr8	9789141	9790956	Amillepora24198	2	0	0	0	0	0	0	0	0	0
chr8	9821923	9824674	Amillepora24200	2	1	0.5	0.5	50	50	70.71067811865476	50	100	0
chr8	9871618	9872315	Amillepora24205	1	0	0	0	0	0	NA	NA	0	0
chr8	9870774	9871497	Amillepora24204	1	0	0	0	0	0	NA	NA	0	0
chr8	9901336	9910791	Amillepora24207	7	0	0	0	0	0	0	0	0	0
chr8	9910821	9915667	Amillepora24208	2	2	1	1	100	100	0	0	100	100
chr8	9916351	9925460	Amillepora24209	8	3	0.375	0.375	37.5	0	51.75491695067657	18.298126367784995	100	0
chr8	10022609	10063218	Amillepora24211	24	3	0.125	0.125	12.5	0	33.78319623460881	6.89596605459213	100	0
chr8	10119465	10124349	Amillepora24222	7	0	0	0	0	0	0	0	0	0
chr8	10130563	10134034	Amillepora24223	11	0	0	0	0	0	0	0	0	0
chr8	10080988	10095279	Amillepora24217	2	0	0	0	0	0	0	0	0	0
chr8	10063359	10076369	Amillepora24216	12	2	0.16666666666666666	0.16666666666666666	16.666666666666668	0	38.92494720807615	11.236664374387368	100	0
chr8	10098099	10106531	Amillepora24220	1	0	0	0	0	0	NA	NA	0	0
chr8	10141882	10146517	Amillepora24224	5	0	0	0	0	0	0	0	0	0
chr8	10113513	10115144	Amillepora24221	4	0	0	0	0	0	0	0	0	0
chr8	10244381	10247855	Amillepora24235	2	1	0.5	0.5	50	50	70.71067811865476	50	100	0
chr8	10224489	10226909	Amillepora24231	3	1	0.3333333333333333	0.3333333333333333	33.333333333333336	0	57.735026918962575	33.333333333333336	100	0
chr8	10189010	10192989	Amillepora24226	2	0	0	0	0	0	0	0	0	0
chr8	10273743	10289232	Amillepora24238	15	4	0.26666666666666666	0.26666666666666666	26.666666666666668	0	45.773770821706336	11.818736805705578	100	0
chr8	10248796	10255038	Amillepora24236	4	1	0.25	0.2	25	0	50	25	100	0
chr8	10221055	10224438	Amillepora24230	1	0	0	0	0	0	NA	NA	0	0
chr8	10260693	10267688	Amillepora24237	4	2	0.5	0.5	50	50	57.735026918962575	28.867513459481287	100	0
chr8	10233080	10243367	Amillepora24234	20	1	0.05	0.05	5	0	22.360679774997898	5	100	0
chr8	10201148	10206666	Amillepora24227	6	0	0	0	0	0	0	0	0	0
chr8	10214130	10218455	Amillepora24229	5	0	0	0	0	0	0	0	0	0
chr8	10290577	10293827	Amillepora24241	3	0	0	0	0	0	0	0	0	0
chr8	10304092	10391503	Amillepora24242	85	13	0.15294117647058825	0.1511627906976744	15.294117647058824	0	36.20668957178904	3.9271668724530837	100	0
chr8	10460918	10461589	Amillepora24246	1	0	0	0	0	0	NA	NA	0	0
chr8	10461711	10461994	Amillepora24247	1	0	0	0	0	0	NA	NA	0	0
chr8	10779456	10781596	Amillepora24260	6	0	0	0	0	0	0	0	0	0
chr8	10875828	10882480	Amillepora24266	11	0	0	0	0	0	0	0	0	0
chr8	10853790	10857255	Amillepora24264	1	0	0	0	0	0	NA	NA	0	0
chr8	10843205	10851506	Amillepora24263	6	1	0.16666666666666666	0.16666666666666666	16.666666666666668	0	40.8248290463863	16.66666666666667	100	0
chr8	10857478	10859466	Amillepora24265	1	0	0	0	0	0	NA	NA	0	0
chr8	10810851	10826787	Amillepora24261	20	1	0.05	0.05	5	0	22.360679774997898	5	100	0
chr8	10829222	10844783	Amillepora24262	14	1	0.07142857142857142	0.07142857142857142	7.142857142857143	0	26.72612419124244	7.142857142857143	100	0
chr8	10907287	10908823	Amillepora24268	4	0	0	0	0	0	0	0	0	0
chr8	10894361	10895564	Amillepora24267	1	0	0	0	0	0	NA	NA	0	0
chr8	10929446	10938822	Amillepora24269	9	0	0	0	0	0	0	0	0	0
chr8	10949747	10962185	Amillepora24271	13	1	0.07692307692307693	0.07692307692307693	7.6923076923076925	0	27.735009811261456	7.6923076923076925	100	0
chr8	10942915	10948098	Amillepora24270	8	1	0.125	0.1111111111111111	12.5	0	35.35533905932738	12.5	100	0
chr8	11049406	11053166	Amillepora24274	7	0	0	0	0	0	0	0	0	0
chr8	10975845	11047009	Amillepora24273	78	2	0.02564102564102564	0.02564102564102564	2.5641025641025643	0	15.908496254525511	1.8012824956774585	100	0
chr8	11055056	11070329	Amillepora24276	16	1	0.0625	0.0625	6.25	0	25	6.25	100	0
chr8	11054443	11061584	Amillepora24275	5	0	0	0	0	0	0	0	0	0
chr8	11074090	11075237	Amillepora24278	7	0	0	0	0	0	0	0	0	0
chr8	11070566	11072181	Amillepora24277	2	0	0	0	0	0	0	0	0	0
chr8	11086481	11087740	Amillepora24280	2	0	0	0	0	0	0	0	0	0
chr8	11083852	11085843	Amillepora24279	5	0	0	0	0	0	0	0	0	0
chr8	11105999	11107587	Amillepora24282	2	0	0	0	0	0	0	0	0	0
chr8	11115714	11118451	Amillepora24284	5	1	0.2	0.2	20	0	44.721359549995796	20	100	0
chr8	11159394	11171060	Amillepora24289	6	2	0.3333333333333333	0.3333333333333333	33.333333333333336	0	51.63977794943222	21.081851067789195	100	0
chr8	11134676	11139646	Amillepora24287	9	0	0	0	0	0	0	0	0	0
chr8	11128004	11133064	Amillepora24286	15	0	0	0	0	0	0	0	0	0
chr8	11152549	11155119	Amillepora24288	4	2	0.5	0.5	50	50	57.735026918962575	28.867513459481287	100	0
chr8	11172141	11194260	Amillepora24291	10	3	0.3	0.3	30	0	48.3045891539648	15.275252316519467	100	0
chr8	11357848	11362246	Amillepora24297	11	1	0.09090909090909091	0.09090909090909091	9.090909090909092	0	30.151134457776358	9.09090909090909	100	0
chr8	11288682	11351558	Amillepora24292	50	3	0.06	0.06	6	0	23.98979374820952	3.3926691677251193	100	0
chr8	11378005	11388940	Amillepora24298	9	0	0	0	0	0	0	0	0	0
chr8	11394773	11396610	Amillepora24300	1	0	0	0	0	0	NA	NA	0	0
chr8	11417937	11427862	Amillepora24302	5	3	0.6	0.6	60	100	54.772255750516614	24.49489742783178	100	0
chr8	11431458	11448303	Amillepora24306	3	0	0	0	0	0	0	0	0	0
chr8	11455471	11474462	Amillepora24307	20	1	0.05	0.05	5	0	22.360679774997898	5	100	0
chr8	11543423	11547585	Amillepora24314	7	0	0	0	0	0	0	0	0	0
chr8	11487466	11495392	Amillepora24309	3	3	1	1	100	100	0	0	100	100
chr8	11495649	11507673	Amillepora24310	1	0	0	0	0	0	NA	NA	0	0
chr8	11521618	11523628	Amillepora24312	6	0	0	0	0	0	0	0	0	0
chr8	11513048	11519588	Amillepora24311	1	0	0	0	0	0	NA	NA	0	0
chr8	11523691	11543282	Amillepora24313	7	2	0.2857142857142857	0.2857142857142857	28.571428571428573	0	48.79500364742666	18.442777839082936	100	0
chr8	11482480	11487557	Amillepora24308	1	0	0	0	0	0	NA	NA	0	0
chr8	11549786	11565922	Amillepora24315	5	1	0.2	0.2	20	0	44.721359549995796	20	100	0
chr8	11590066	11594254	Amillepora24321	3	1	0.3333333333333333	0.3333333333333333	33.333333333333336	0	57.735026918962575	33.333333333333336	100	0
chr8	11568692	11578129	Amillepora24318	17	0	0	0	0	0	0	0	0	0
chr8	11623049	11664260	Amillepora24324	26	3	0.11538461538461539	0.11538461538461539	11.538461538461538	0	32.581259360842104	6.389710663783134	100	0
chr8	11671841	11678466	Amillepora24327	6	0	0	0	0	0	0	0	0	0
chr8	11684713	11688906	Amillepora24330	5	2	0.4	0.4	40	0	54.772255750516614	24.49489742783178	100	0
chr8	11611772	11622869	Amillepora24323	13	0	0	0	0	0	0	0	0	0
chr8	11580100	11589196	Amillepora24319	7	1	0.14285714285714285	0.14285714285714285	14.285714285714286	0	37.79644730092272	14.285714285714285	100	0
chr8	11738518	11780422	Amillepora24332	31	2	0.06451612903225806	0.0625	6.451612903225806	0	24.973103811470743	4.485301852605207	100	0
chr8	11692556	11735613	Amillepora24331	38	6	0.15789473684210525	0.15789473684210525	15.789473684210526	0	36.95370214766321	5.994682078436837	100	0
chr8	11830688	11846112	Amillepora24334	14	4	0.2857142857142857	0.2857142857142857	28.571428571428573	0	46.88072309384955	12.529400275814705	100	0
chr8	11910041	11916660	Amillepora24344	4	2	0.5	0.5	50	50	57.735026918962575	28.867513459481287	100	0
chr8	11947694	11962646	Amillepora24350	11	2	0.18181818181818182	0.18181818181818182	18.181818181818183	0	40.45199174779452	12.196734422726125	100	0
chr8	11847145	11871866	Amillepora24335	8	3	0.375	0.375	37.5	0	51.75491695067657	18.298126367784995	100	0
chr8	11918039	11935895	Amillepora24348	18	1	0.05555555555555555	0.05263157894736842	5.555555555555555	0	23.570226039551578	5.555555555555556	100	0
chr8	11971580	11977284	Amillepora24351	19	1	0.05263157894736842	0.05263157894736842	5.2631578947368425	0	22.941573387056174	5.263157894736841	100	0
chr8	11891088	11903228	Amillepora24342	3	2	0.6666666666666666	0.6666666666666666	66.66666666666667	100	57.73502691896258	33.333333333333336	100	0
chr8	11903220	11908602	Amillepora24343	1	0	0	0	0	0	NA	NA	0	0
chr8	11942510	11946979	Amillepora24349	1	1	1	1	100	100	NA	NA	100	100
chr8	11882152	11883623	Amillepora24339	1	0	0	0	0	0	NA	NA	0	0
chr8	12039814	12043954	Amillepora24354	7	0	0	0	0	0	0	0	0	0
chr8	11988329	11993559	Amillepora24352	8	0	0	0	0	0	0	0	0	0
chr8	12042252	12056400	Amillepora24355	13	2	0.15384615384615385	0.15384615384615385	15.384615384615385	0	37.553380809940535	10.415433852097385	100	0
chr8	12058831	12077911	Amillepora24356	17	3	0.17647058823529413	0.17647058823529413	17.647058823529413	0	39.295262399668786	9.530501027070382	100	0
chr8	12088442	12091454	Amillepora24359	1	1	1	1	100	100	NA	NA	100	100
chr8	12117638	12133406	Amillepora24364	13	3	0.23076923076923078	0.23076923076923078	23.076923076923077	0	43.85290096535146	12.162606385262997	100	0
chr8	12105716	12112607	Amillepora24361	8	3	0.375	0.375	37.5	0	51.75491695067657	18.298126367784995	100	0
chr8	12088442	12105544	Amillepora24360	4	3	0.75	0.75	75	100	50	25	100	0
chr8	12078957	12088357	Amillepora24358	15	1	0.06666666666666667	0.06666666666666667	6.666666666666667	0	25.819888974716115	6.666666666666666	100	0
chr8	12229613	12269090	Amillepora24370	42	5	0.11904761904761904	0.11904761904761904	11.904761904761905	0	32.777006756156794	5.0576019442051114	100	0
chr8	12187236	12193409	Amillepora24366	7	1	0.14285714285714285	0.14285714285714285	14.285714285714286	0	37.79644730092272	14.285714285714285	100	0
chr8	12162548	12175243	Amillepora24365	12	0	0	0	0	0	0	0	0	0
chr8	12200288	12229497	Amillepora24368	22	1	0.045454545454545456	0.045454545454545456	4.545454545454546	0	21.32007163556104	4.545454545454545	100	0
chr8	12277386	12281908	Amillepora24371	9	0	0	0	0	0	0	0	0	0
chr8	12195968	12197175	Amillepora24367	3	0	0	0	0	0	0	0	0	0
chr8	12293661	12336882	Amillepora24373	35	5	0.14285714285714285	0.14285714285714285	14.285714285714286	0	35.50358012483632	6.001200360120041	100	0
chr8	12405978	12423252	Amillepora24375	19	1	0.05263157894736842	0.05263157894736842	5.2631578947368425	0	22.941573387056184	5.263157894736841	100	0
chr8	12464877	12479701	Amillepora24377	2	2	1	1	100	100	0	0	100	100
chr8	12446456	12460862	Amillepora24376	16	2	0.125	0.125	12.5	0	34.15650255319866	8.539125638299666	100	0
chr8	12483987	12486502	Amillepora24379	2	1	0.5	0.5	50	50	70.71067811865476	50	100	0
chr8	12381077	12405665	Amillepora24374	31	10	0.3225806451612903	0.3225806451612903	32.25806451612903	0	47.51909633114914	8.534681648595454	100	0
chr8	12491792	12502834	Amillepora24380	19	0	0	0	0	0	0	0	0	0
chr8	12547335	12556668	Amillepora24386	10	0	0	0	0	0	0	0	0	0
chr8	12509155	12512282	Amillepora24382	2	2	1	1	100	100	0	0	100	100
chr8	12569916	12579804	Amillepora24389	7	0	0	0	0	0	0	0	0	0
chr8	12512564	12518807	Amillepora24383	1	1	1	1	100	100	NA	NA	100	100
chr8	12557346	12564535	Amillepora24387	5	2	0.4	0.4	40	0	54.772255750516614	24.49489742783178	100	0
chr8	12525597	12547176	Amillepora24385	36	1	0.027777777777777776	0.027777777777777776	2.7777777777777777	0	16.666666666666664	2.777777777777778	100	0
chr8	12505827	12508787	Amillepora24381	1	1	1	1	100	100	NA	NA	100	100
chr8	12522289	12524457	Amillepora24384	2	0	0	0	0	0	0	0	0	0
chr8	12610881	12627229	Amillepora24394	30	1	0.03333333333333333	0.03333333333333333	3.3333333333333335	0	18.25741858350554	3.333333333333333	100	0
chr8	12603605	12610385	Amillepora24393	23	1	0.043478260869565216	0.043478260869565216	4.3478260869565215	0	20.851441405707472	4.347826086956522	100	0
chr8	12634840	12639350	Amillepora24395	8	0	0	0	0	0	0	0	0	0
chr8	12656324	12667959	Amillepora24396	22	2	0.09090909090909091	0.09090909090909091	9.090909090909092	0	29.42449431682498	6.273323266748674	100	0
chr8	12711149	12716609	Amillepora24400	4	1	0.25	0.25	25	0	50	25	100	0
chr8	12668261	12693591	Amillepora24397	43	1	0.023255813953488372	0.023255813953488372	2.3255813953488373	0	15.249857033260446	2.3255813953488373	100	0
chr8	12723774	12725302	Amillepora24402	2	0	0	0	0	0	0	0	0	0
chr8	12717560	12720897	Amillepora24401	2	0	0	0	0	0	0	0	0	0
chr8	12831481	12848287	Amillepora24409	13	3	0.23076923076923078	0.23076923076923078	23.076923076923077	0	43.85290096535146	12.162606385262997	100	0
chr8	12867635	12870344	Amillepora24411	4	0	0	0	0	0	0	0	0	0
chr8	12849008	12867183	Amillepora24410	10	3	0.3	0.3	30	0	48.3045891539648	15.275252316519467	100	0
chr8	12799977	12821376	Amillepora24407	23	0	0	0	0	0	0	0	0	0
chr8	12761551	12799100	Amillepora24403	30	1	0.03333333333333333	0.03333333333333333	3.3333333333333335	0	18.25741858350554	3.333333333333333	100	0
chr8	12822717	12831414	Amillepora24408	6	1	0.16666666666666666	0.16666666666666666	16.666666666666668	0	40.8248290463863	16.66666666666667	100	0
chr8	12958728	12975496	Amillepora24420	11	0	0	0	0	0	0	0	0	0
chr8	12913246	12929118	Amillepora24415	27	1	0.037037037037037035	0.037037037037037035	3.7037037037037037	0	19.245008972987545	3.703703703703704	100	0
chr8	12934829	12937235	Amillepora24418	1	0	0	0	0	0	NA	NA	0	0
chr8	12879460	12887385	Amillepora24412	15	1	0.06666666666666667	0.06666666666666667	6.666666666666667	0	25.81988897471612	6.666666666666666	100	0
chr8	12898225	12905259	Amillepora24414	4	0	0	0	0	0	0	0	0	0
chr8	12937818	12961973	Amillepora24419	34	0	0	0	0	0	0	0	0	0
chr8	12977175	12987006	Amillepora24421	7	0	0	0	0	0	0	0	0	0
chr8	13047968	13055010	Amillepora24427	1	0	0	0	0	0	NA	NA	0	0
chr8	13010403	13045255	Amillepora24424	24	2	0.08333333333333333	0.08333333333333333	8.333333333333334	0	28.232985128664	5.763033956734373	100	0
chr8	13041274	13042218	Amillepora24426	1	0	0	0	0	0	NA	NA	0	0
chr8	13000196	13010051	Amillepora24423	10	0	0	0	0	0	0	0	0	0
chr8	13067559	13069004	Amillepora24430	2	0	0	0	0	0	0	0	0	0
chr8	12993543	12995988	Amillepora24422	2	0	0	0	0	0	0	0	0	0
chr8	13142995	13146520	Amillepora24436	5	1	0.2	0.2	20	0	44.721359549995796	20	100	0
chr8	13167424	13186638	Amillepora24439	12	1	0.08333333333333333	0.08333333333333333	8.333333333333334	0	28.867513459481298	8.333333333333334	100	0
chr8	13095745	13103995	Amillepora24431	10	0	0	0	0	0	0	0	0	0
chr8	13104348	13125685	Amillepora24432	25	1	0.04	0.04	4	0	20	4	100	0
chr8	13158915	13167365	Amillepora24438	9	1	0.1111111111111111	0.1111111111111111	11.11111111111111	0	33.333333333333336	11.111111111111112	100	0
chr8	13110120	13114309	Amillepora24433	2	1	0.5	0.5	50	50	70.71067811865476	50	100	0
chr8	13126390	13141709	Amillepora24434	15	0	0	0	0	0	0	0	0	0
chr8	13147942	13158303	Amillepora24437	1	0	0	0	0	0	NA	NA	0	0
chr8	13247958	13263562	Amillepora24445	5	1	0.2	0.2	20	0	44.721359549995796	20	100	0
chr8	13202439	13216003	Amillepora24440	1	0	0	0	0	0	NA	NA	0	0
chr8	13228393	13235216	Amillepora24443	4	0	0	0	0	0	0	0	0	0
chr8	13216520	13225612	Amillepora24441	3	1	0.3333333333333333	0.3333333333333333	33.333333333333336	0	57.735026918962575	33.333333333333336	100	0
chr8	13277824	13288690	Amillepora24447	5	3	0.6	0.6	60	100	54.772255750516614	24.49489742783178	100	0
chr8	13260150	13270849	Amillepora24446	5	1	0.2	0.2	20	0	44.721359549995796	20	100	0
chr8	13239282	13251631	Amillepora24444	13	1	0.07692307692307693	0.07692307692307693	7.6923076923076925	0	27.735009811261456	7.6923076923076925	100	0
chr8	13332208	13336868	Amillepora24451	4	0	0	0	0	0	0	0	0	0
chr8	13357094	13364289	Amillepora24453	7	0	0	0	0	0	0	0	0	0
chr8	13366495	13373167	Amillepora24454	8	1	0.125	0.125	12.5	0	35.35533905932738	12.5	100	0
chr8	13311538	13330437	Amillepora24449	31	0	0	0	0	0	0	0	0	0
chr8	13295206	13299146	Amillepora24448	4	0	0	0	0	0	0	0	0	0
chr8	13343019	13355286	Amillepora24452	9	0	0	0	0	0	0	0	0	0
chr8	13373944	13377002	Amillepora24455	4	0	0	0	0	0	0	0	0	0
chr8	13383860	13387652	Amillepora24456	1	0	0	0	0	0	NA	NA	0	0
chr8	13387918	13393675	Amillepora24458	11	1	0.09090909090909091	0.09090909090909091	9.090909090909092	0	30.151134457776358	9.09090909090909	100	0
chr8	13402683	13405901	Amillepora24461	1	0	0	0	0	0	NA	NA	0	0
chr8	13464335	13464747	Amillepora24467	1	0	0	0	0	0	NA	NA	0	0
chr8	13411886	13417457	Amillepora24463	1	0	0	0	0	0	NA	NA	0	0
chr8	13407862	13409601	Amillepora24462	1	0	0	0	0	0	NA	NA	0	0
chr8	13425608	13430818	Amillepora24465	2	0	0	0	0	0	0	0	0	0
chr8	13432278	13451292	Amillepora24466	19	1	0.05263157894736842	0.05263157894736842	5.2631578947368425	0	22.941573387056184	5.263157894736841	100	0
chr8	13394021	13398342	Amillepora24459	5	0	0	0	0	0	0	0	0	0
chr8	13540378	13549879	Amillepora24472	13	0	0	0	0	0	0	0	0	0
chr8	13518542	13520658	Amillepora24470	4	1	0.25	0.25	25	0	50	25	100	0
chr8	13532445	13535767	Amillepora24471	4	1	0.25	0.25	25	0	50	25	100	0
chr8	13660614	13662134	Amillepora24482	5	1	0.2	0.2	20	0	44.721359549995796	20	100	0
chr8	13628468	13637845	Amillepora24479	3	2	0.6666666666666666	0.6666666666666666	66.66666666666667	100	57.735026918962575	33.333333333333336	100	0
chr8	13618377	13620854	Amillepora24477	1	0	0	0	0	0	NA	NA	0	0
chr8	13598398	13600495	Amillepora24476	4	0	0	0	0	0	0	0	0	0
chr8	13668978	13681707	Amillepora24485	5	3	0.6	0.6	60	100	54.772255750516614	24.49489742783178	100	0
chr8	13594989	13597008	Amillepora24475	8	0	0	0	0	0	0	0	0	0
chr8	13651283	13659602	Amillepora24481	4	1	0.25	0.25	25	0	50	25	100	0
chr8	13620938	13628343	Amillepora24478	5	3	0.6	0.6	60	100	54.772255750516614	24.49489742783178	100	0
chr8	13584336	13618033	Amillepora24474	42	2	0.047619047619047616	0.047619047619047616	4.761904761904762	0	21.554026870452116	3.3258585512837056	100	0
chr8	13637764	13651203	Amillepora24480	3	2	0.6666666666666666	0.6666666666666666	66.66666666666667	100	57.73502691896258	33.333333333333336	100	0
chr8	13666283	13668481	Amillepora24484	2	2	1	1	100	100	0	0	100	100
chr8	13734835	13747062	Amillepora24489	17	0	0	0	0	0	0	0	0	0
chr8	13702782	13723167	Amillepora24487	16	2	0.125	0.125	12.5	0	34.15650255319866	8.539125638299666	100	0
chr8	13723882	13731961	Amillepora24488	6	0	0	0	0	0	0	0	0	0
chr8	14164150	14168817	Amillepora24506	2	0	0	0	0	0	0	0	0	0
chr8	14153784	14157016	Amillepora24505	5	0	0	0	0	0	0	0	0	0
chr8	14086610	14094618	Amillepora24504	14	0	0	0	0	0	0	0	0	0
chr8	14207986	14215333	Amillepora24514	3	1	0.3333333333333333	0.3333333333333333	33.333333333333336	0	57.735026918962575	33.333333333333336	100	0
chr8	14254187	14264626	Amillepora24520	6	2	0.3333333333333333	0.2857142857142857	33.333333333333336	0	51.63977794943222	21.081851067789195	100	0
chr8	14219888	14225718	Amillepora24515	2	1	0.5	0.5	50	50	70.71067811865476	50	100	0
chr8	14238145	14246971	Amillepora24518	4	3	0.75	0.75	75	100	50	25	100	0
chr8	14202027	14204982	Amillepora24513	1	0	0	0	0	0	NA	NA	0	0
chr8	14182564	14188493	Amillepora24510	11	1	0.09090909090909091	0.09090909090909091	9.090909090909092	0	30.151134457776358	9.09090909090909	100	0
chr8	14172834	14174177	Amillepora24507	4	0	0	0	0	0	0	0	0	0
chr8	14180702	14181525	Amillepora24509	1	0	0	0	0	0	NA	NA	0	0
chr8	14189746	14194631	Amillepora24511	6	2	0.3333333333333333	0.3333333333333333	33.333333333333336	0	51.63977794943222	21.081851067789195	100	0
chr8	14177840	14178782	Amillepora24508	2	0	0	0	0	0	0	0	0	0
chr8	14348011	14349162	Amillepora24524	4	0	0	0	0	0	0	0	0	0
chr8	14295108	14323253	Amillepora24522	15	3	0.2	0.2	20	0	41.403933560541255	10.690449676496975	100	0
chr8	14326581	14347639	Amillepora24523	30	0	0	0	0	0	0	0	0	0
chr8	14354110	14355020	Amillepora24525	5	0	0	0	0	0	0	0	0	0
chr8	14376999	14379088	Amillepora24526	2	0	0	0	0	0	0	0	0	0
chr8	14404334	14406027	Amillepora24530	3	2	0.6666666666666666	0.6666666666666666	66.66666666666667	100	57.73502691896258	33.333333333333336	100	0
chr8	14383849	14387794	Amillepora24528	6	1	0.16666666666666666	0.16666666666666666	16.666666666666668	0	40.82482904638629	16.66666666666667	100	0
chr8	14380741	14383504	Amillepora24527	5	0	0	0	0	0	0	0	0	0
chr8	14409830	14411854	Amillepora24532	1	0	0	0	0	0	NA	NA	0	0
chr8	14448237	14450645	Amillepora24541	1	0	0	0	0	0	NA	NA	0	0
chr8	14424749	14438212	Amillepora24536	3	2	0.6666666666666666	0.6666666666666666	66.66666666666667	100	57.73502691896258	33.333333333333336	100	0
chr8	14423598	14424743	Amillepora24535	1	1	1	1	100	100	NA	NA	100	100
chr8	14406292	14409346	Amillepora24531	4	0	0	0	0	0	0	0	0	0
chr8	14386034	14404272	Amillepora24529	17	7	0.4117647058823529	0.4117647058823529	41.1764705882353	0	50.72996561958924	12.303823919618758	100	0
chr8	14415870	14419367	Amillepora24533	1	0	0	0	0	0	NA	NA	0	0
chr8	14544481	14549996	Amillepora24553	4	1	0.25	0.25	25	0	50	25	100	0
chr8	14530272	14541545	Amillepora24552	12	1	0.08333333333333333	0.08333333333333333	8.333333333333334	0	28.867513459481298	8.333333333333334	100	0
chr8	14515123	14526623	Amillepora24549	8	5	0.625	0.625	62.5	100	51.75491695067657	18.298126367784995	100	0
chr8	14487657	14488673	Amillepora24546	1	0	0	0	0	0	NA	NA	0	0
chr8	14502513	14514756	Amillepora24548	11	2	0.18181818181818182	0.18181818181818182	18.181818181818183	0	40.45199174779453	12.196734422726125	100	0
chr8	14673640	14678229	Amillepora24562	3	0	0	0	0	0	0	0	0	0
chr8	14651949	14656414	Amillepora24560	8	0	0	0	0	0	0	0	0	0
chr8	14568001	14593401	Amillepora24555	24	2	0.08333333333333333	0.08333333333333333	8.333333333333334	0	28.23298512866401	5.763033956734373	100	0
chr8	14597232	14628248	Amillepora24556	26	12	0.46153846153846156	0.46153846153846156	46.15384615384615	0	50.8391127441794	9.970370305242863	100	0
chr8	14554945	14566259	Amillepora24554	7	1	0.14285714285714285	0.14285714285714285	14.285714285714286	0	37.79644730092272	14.285714285714285	100	0
chr8	14658703	14669945	Amillepora24561	6	2	0.3333333333333333	0.3333333333333333	33.333333333333336	0	51.63977794943222	21.081851067789195	100	0
chr8	14638175	14654373	Amillepora24559	9	2	0.2222222222222222	0.2	22.22222222222222	0	44.09585518440984	14.698618394803281	100	0
chr8	14739127	14761592	Amillepora24566	37	1	0.02702702702702703	0.02702702702702703	2.7027027027027026	0	16.439898730535745	2.7027027027027026	100	0
chr8	14685152	14719360	Amillepora24563	11	4	0.36363636363636365	0.36363636363636365	36.36363636363637	0	50.4524979109513	15.212000482437738	100	0
chr8	14771518	14785648	Amillepora24567	31	1	0.03225806451612903	0.03225806451612903	3.225806451612903	0	17.9605302026775	3.2258064516129035	100	0
chr8	14726053	14739053	Amillepora24565	30	0	0	0	0	0	0	0	0	0
chr8	14694076	14724365	Amillepora24564	7	4	0.5714285714285714	0.5714285714285714	57.142857142857146	100	53.452248382484875	20.203050891044217	100	0
chr8	14829619	14833352	Amillepora24568	14	0	0	0	0	0	0	0	0	0
chr8	14867419	14872650	Amillepora24573	2	1	0.5	0.5	50	50	70.71067811865476	50	100	0
chr8	14848001	14852700	Amillepora24570	9	0	0	0	0	0	0	0	0	0
chr8	14834323	14842527	Amillepora24569	7	0	0	0	0	0	0	0	0	0
chr8	14856128	14866933	Amillepora24572	15	3	0.2	0.2	20	0	41.403933560541255	10.690449676496975	100	0
chr8	14853506	14855389	Amillepora24571	2	0	0	0	0	0	0	0	0	0
chr8	14908834	14920998	Amillepora24576	2	1	0.5	0.5	50	50	70.71067811865476	50	100	0
chr8	14921302	14925185	Amillepora24577	2	1	0.5	0.5	50	50	70.71067811865476	50	100	0
chr8	14941104	14954016	Amillepora24579	3	2	0.6666666666666666	0.6666666666666666	66.66666666666667	100	57.73502691896258	33.333333333333336	100	0
chr8	14895197	14896498	Amillepora24575	3	0	0	0	0	0	0	0	0	0
chr8	15017338	15019308	Amillepora24585	4	1	0.25	0.25	25	0	50	25	100	0
chr8	14993376	15011724	Amillepora24584	22	2	0.09090909090909091	0.09090909090909091	9.090909090909092	0	29.42449431682498	6.273323266748674	100	0
chr8	14967424	14990731	Amillepora24581	15	5	0.3333333333333333	0.3333333333333333	33.333333333333336	0	48.795003647426654	12.598815766974239	100	0
chr8	15022176	15024888	Amillepora24586	1	0	0	0	0	0	NA	NA	0	0
chr8	15067965	15084653	Amillepora24591	13	1	0.07692307692307693	0.07692307692307693	7.6923076923076925	0	27.735009811261456	7.6923076923076925	100	0
chr8	15089090	15149215	Amillepora24594	59	3	0.05084745762711865	0.05084745762711865	5.084745762711864	0	22.157187777172222	2.884620147107672	100	0
chr8	15055488	15062242	Amillepora24590	5	4	0.8	0.8	80	100	44.721359549995796	20	100	0
chr8	15026963	15040324	Amillepora24587	9	2	0.2222222222222222	0.2222222222222222	22.22222222222222	0	44.09585518440984	14.698618394803281	100	0
chr8	15042982	15051981	Amillepora24589	7	1	0.14285714285714285	0.14285714285714285	14.285714285714286	0	37.79644730092272	14.285714285714285	100	0
chr8	15249031	15251996	Amillepora24601	1	1	1	1	100	100	NA	NA	100	100
chr8	15253950	15270492	Amillepora24602	13	1	0.07692307692307693	0.07692307692307693	7.6923076923076925	0	27.735009811261456	7.6923076923076925	100	0
chr8	15182450	15193327	Amillepora24595	7	1	0.14285714285714285	0.14285714285714285	14.285714285714286	0	37.79644730092272	14.285714285714285	100	0
chr8	15193951	15214301	Amillepora24597	10	4	0.4	0.4	40	0	51.63977794943222	16.329931618554518	100	0
chr8	15237800	15252413	Amillepora24600	7	2	0.2857142857142857	0.2857142857142857	28.571428571428573	0	48.79500364742666	18.442777839082936	100	0
chr8	15217507	15235301	Amillepora24599	9	0	0	0	0	0	0	0	0	0
chr8	15361208	15388452	Amillepora24609	12	0	0	0	0	0	0	0	0	0
chr8	15293675	15317149	Amillepora24605	28	2	0.07142857142857142	0.07142857142857142	7.142857142857143	0	26.22652641564811	4.956347617776506	100	0
chr8	15338540	15356368	Amillepora24608	5	1	0.2	0.2	20	0	44.721359549995796	20	100	0
chr8	15319874	15332494	Amillepora24607	9	0	0	0	0	0	0	0	0	0
chr8	15273044	15281361	Amillepora24603	10	0	0	0	0	0	0	0	0	0
chr8	15282034	15290428	Amillepora24604	17	0	0	0	0	0	0	0	0	0
chr8	15474266	15482857	Amillepora24616	14	0	0	0	0	0	0	0	0	0
chr8	15390624	15400103	Amillepora24610	8	0	0	0	0	0	0	0	0	0
chr8	15418537	15426893	Amillepora24611	9	0	0	0	0	0	0	0	0	0
chr8	15436852	15442347	Amillepora24612	3	0	0	0	0	0	0	0	0	0
chr8	15451235	15460040	Amillepora24614	11	0	0	0	0	0	0	0	0	0
chr8	15446906	15448239	Amillepora24613	2	0	0	0	0	0	0	0	0	0
chr8	15465652	15472733	Amillepora24615	10	2	0.2	0.18181818181818182	15	0	33.74742788552764	10.671873729054747	100	0
chr8	15554371	15565505	Amillepora24621	18	0	0	0	0	0	0	0	0	0
chr8	15495316	15518799	Amillepora24618	24	1	0.041666666666666664	0.041666666666666664	4.166666666666667	0	20.412414523193153	4.166666666666668	100	0
chr8	15542702	15545513	Amillepora24620	14	0	0	0	0	0	0	0	0	0
chr8	15570104	15576874	Amillepora24622	6	1	0.16666666666666666	0.16666666666666666	16.666666666666668	0	40.8248290463863	16.66666666666667	100	0
chr8	15484529	15491723	Amillepora24617	13	1	0.07692307692307693	0.07692307692307693	7.6923076923076925	0	27.735009811261456	7.6923076923076925	100	0
chr8	15621221	15624109	Amillepora24627	6	0	0	0	0	0	0	0	0	0
chr8	15611235	15619529	Amillepora24626	7	0	0	0	0	0	0	0	0	0
chr8	15590357	15597839	Amillepora24625	5	1	0.2	0.2	20	0	44.721359549995796	20	100	0
chr8	15583643	15589002	Amillepora24624	1	0	0	0	0	0	NA	NA	0	0
chr8	15624381	15629108	Amillepora24628	2	0	0	0	0	0	0	0	0	0
chr8	15701638	15713970	Amillepora24632	2	0	0	0	0	0	0	0	0	0
chr8	15719144	15727894	Amillepora24635	9	0	0	0	0	0	0	0	0	0
chr8	15629771	15693635	Amillepora24629	62	7	0.11290322580645161	0.11290322580645161	11.290322580645162	0	31.905797354278242	4.052040316035679	100	0
chr8	15697209	15700330	Amillepora24631	3	0	0	0	0	0	0	0	0	0
chr8	15744842	15748528	Amillepora24636	12	0	0	0	0	0	0	0	0	0
chr8	15716192	15718336	Amillepora24633	2	0	0	0	0	0	0	0	0	0
chr8	15751723	15774130	Amillepora24637	27	2	0.07407407407407407	0.07407407407407407	7.407407407407407	0	26.688025634181184	5.13611292801138	100	0
chr8	15774208	15789075	Amillepora24638	4	4	1	1	100	100	0	0	100	100
chr8	15789814	15797460	Amillepora24639	9	4	0.4444444444444444	0.4444444444444444	44.44444444444444	0	52.70462766947299	17.568209223157663	100	0
chr8	15802032	15816690	Amillepora24641	2	2	1	1	100	100	0	0	100	100
chr8	15822612	15829271	Amillepora24645	3	0	0	0	0	0	0	0	0	0
chr8	15817005	15819459	Amillepora24643	1	0	0	0	0	0	NA	NA	0	0
chr8	15819369	15822456	Amillepora24644	4	0	0	0	0	0	0	0	0	0
chr8	15829622	15837277	Amillepora24646	8	0	0	0	0	0	0	0	0	0
chr8	15838357	15846784	Amillepora24647	10	1	0.1	0.1	10	0	31.622776601683793	10	100	0
chr8	15925901	15931579	Amillepora24657	3	1	0.3333333333333333	0.3333333333333333	33.333333333333336	0	57.735026918962575	33.333333333333336	100	0
chr8	15853990	15859701	Amillepora24648	2	1	0.5	0.5	50	50	70.71067811865476	50	100	0
chr8	15870638	15877692	Amillepora24651	4	0	0	0	0	0	0	0	0	0
chr8	15953440	15962299	Amillepora24660	1	1	1	1	100	100	NA	NA	100	100
chr8	15889324	15904115	Amillepora24655	5	5	1	1	100	100	0	0	100	100
chr8	15863548	15869061	Amillepora24650	3	1	0.3333333333333333	0.3333333333333333	33.333333333333336	0	57.735026918962575	33.333333333333336	100	0
chr8	16039222	16046314	Amillepora24667	13	0	0	0	0	0	0	0	0	0
chr8	15964523	15972904	Amillepora24661	6	1	0.16666666666666666	0.16666666666666666	16.666666666666668	0	40.8248290463863	16.66666666666667	100	0
chr8	16053040	16056640	Amillepora24669	1	0	0	0	0	0	NA	NA	0	0
chr8	15973890	15996003	Amillepora24662	19	0	0	0	0	0	0	0	0	0
chr8	16022317	16033434	Amillepora24666	20	0	0	0	0	0	0	0	0	0
chr8	16045724	16049819	Amillepora24668	6	0	0	0	0	0	0	0	0	0
chr8	16003811	16008580	Amillepora24663	1	0	0	0	0	0	NA	NA	0	0
chr8	16012225	16014436	Amillepora24665	2	2	1	1	100	100	0	0	100	100
chr8	16110568	16117079	Amillepora24673	1	0	0	0	0	0	NA	NA	0	0
chr8	16130889	16137615	Amillepora24675	3	0	0	0	0	0	0	0	0	0
chr8	16138320	16140937	Amillepora24676	1	0	0	0	0	0	NA	NA	0	0
chr8	16179587	16186042	Amillepora24683	5	1	0.2	0.2	20	0	44.721359549995796	20	100	0
chr8	16149070	16162526	Amillepora24678	12	3	0.25	0.25	25	0	45.22670168666454	13.055824196677337	100	0
chr8	16170558	16174106	Amillepora24681	3	0	0	0	0	0	0	0	0	0
chr8	16167596	16169580	Amillepora24680	9	0	0	0	0	0	0	0	0	0
chr8	16175295	16177818	Amillepora24682	4	0	0	0	0	0	0	0	0	0
chr8	16100843	16110559	Amillepora24672	1	0	0	0	0	0	NA	NA	0	0
chr8	16117127	16130800	Amillepora24674	9	7	0.7777777777777778	0.7777777777777778	77.77777777777777	100	44.09585518440984	14.698618394803281	100	0
chr8	16162795	16167190	Amillepora24679	7	0	0	0	0	0	0	0	0	0
chr8	16141457	16147170	Amillepora24677	6	4	0.6666666666666666	0.6666666666666666	66.66666666666667	100	51.63977794943223	21.081851067789195	100	0
chr8	16078943	16086289	Amillepora24670	1	0	0	0	0	0	NA	NA	0	0
chr8	16202271	16229913	Amillepora24685	20	5	0.25	0.23809523809523808	25	0	44.426165831931925	9.933992677987828	100	0
chr8	16230081	16231205	Amillepora24686	7	1	0.14285714285714285	0.14285714285714285	14.285714285714286	0	37.79644730092272	14.285714285714285	100	0
chr8	16241493	16246833	Amillepora24688	6	0	0	0	0	0	0	0	0	0
chr8	16231587	16239272	Amillepora24687	3	1	0.3333333333333333	0.3333333333333333	33.333333333333336	0	57.735026918962575	33.333333333333336	100	0
chr8	16323226	16332624	Amillepora24694	5	2	0.4	0.4	40	0	54.772255750516614	24.49489742783178	100	0
chr8	16337425	16340380	Amillepora24695	5	0	0	0	0	0	0	0	0	0
chr8	16355426	16358460	Amillepora24699	1	1	1	1	100	100	NA	NA	100	100
chr8	16346384	16352129	Amillepora24697	6	6	1	1	100	100	0	0	100	100
chr8	16311921	16313165	Amillepora24693	4	0	0	0	0	0	0	0	0	0
chr8	16274452	16282687	Amillepora24692	2	2	1	1	100	100	0	0	100	100
chr8	16371454	16372800	Amillepora24702	2	0	0	0	0	0	0	0	0	0
chr8	16259200	16271389	Amillepora24690	5	5	1	1	100	100	0	0	100	100
chr8	16248508	16257307	Amillepora24689	6	4	0.6666666666666666	0.6666666666666666	66.66666666666667	100	51.63977794943223	21.081851067789195	100	0
chr8	16340840	16346316	Amillepora24696	1	0	0	0	0	0	NA	NA	0	0
chr8	16366558	16370875	Amillepora24701	1	0	0	0	0	0	NA	NA	0	0
chr8	16359208	16364860	Amillepora24700	2	0	0	0	0	0	0	0	0	0
chr8	16375109	16386400	Amillepora24703	19	0	0	0	0	0	0	0	0	0
chr8	16425413	16434168	Amillepora24708	7	2	0.2857142857142857	0.2857142857142857	28.571428571428573	0	48.79500364742666	18.442777839082936	100	0
chr8	16462716	16471460	Amillepora24714	13	0	0	0	0	0	0	0	0	0
chr8	16393448	16396916	Amillepora24704	1	0	0	0	0	0	NA	NA	0	0
chr8	16404592	16423946	Amillepora24707	6	1	0.16666666666666666	0.16666666666666666	16.666666666666668	0	40.8248290463863	16.66666666666667	100	0
chr8	16436582	16439208	Amillepora24711	1	0	0	0	0	0	NA	NA	0	0
chr8	16399111	16400388	Amillepora24705	1	0	0	0	0	0	NA	NA	0	0
chr8	16473393	16487361	Amillepora24715	24	0	0	0	0	0	0	0	0	0
chr8	16452213	16462197	Amillepora24713	19	1	0.05263157894736842	0.05263157894736842	5.2631578947368425	0	22.941573387056177	5.263157894736841	100	0
chr8	16401073	16417926	Amillepora24706	2	1	0.5	0.5	50	50	70.71067811865476	50	100	0
chr8	16521713	16524855	Amillepora24721	5	0	0	0	0	0	0	0	0	0
chr8	16495989	16500483	Amillepora24718	5	1	0.2	0.2	20	0	44.721359549995796	20	100	0
chr8	16501216	16512135	Amillepora24719	5	4	0.8	0.8	80	100	44.721359549995796	20	100	0
chr8	16512543	16516912	Amillepora24720	3	3	1	1	100	100	0	0	100	100
chr8	16491306	16492473	Amillepora24717	6	0	0	0	0	0	0	0	0	0
chr8	16530979	16549094	Amillepora24722	8	8	1	1	100	100	0	0	100	100
chr8	16609293	16614842	Amillepora24726	4	2	0.5	0.5	50	50	57.735026918962575	28.867513459481287	100	0
chr8	16620844	16622344	Amillepora24730	4	0	0	0	0	0	0	0	0	0
chr8	16614851	16618138	Amillepora24728	6	0	0	0	0	0	0	0	0	0
chr8	16596035	16608916	Amillepora24725	6	1	0.16666666666666666	0.16666666666666666	16.666666666666668	0	40.8248290463863	16.66666666666667	100	0
chr8	16579447	16594886	Amillepora24723	7	2	0.2857142857142857	0.2857142857142857	28.571428571428573	0	48.79500364742666	18.442777839082936	100	0
chr8	16626088	16639801	Amillepora24731	9	2	0.2222222222222222	0.2222222222222222	22.22222222222222	0	44.09585518440984	14.698618394803281	100	0
chr8	16756571	16761852	Amillepora24738	5	3	0.6	0.6	60	100	54.772255750516614	24.49489742783178	100	0
chr8	16641113	16650592	Amillepora24732	5	2	0.4	0.4	40	0	54.772255750516614	24.49489742783178	100	0
chr8	16711466	16727244	Amillepora24736	18	3	0.16666666666666666	0.16666666666666666	16.666666666666668	0	38.34824944236851	9.03876907577734	100	0
chr8	16658262	16682886	Amillepora24733	4	2	0.5	0.5	50	50	57.735026918962575	28.867513459481287	100	0
chr8	16727392	16752678	Amillepora24737	22	3	0.13636363636363635	0.13636363636363635	13.636363636363637	0	35.12500866571045	7.48867700952649	100	0
chr8	16698858	16706622	Amillepora24734	2	2	1	1	100	100	0	0	100	100
chr8	16792323	16795805	Amillepora24740	5	0	0	0	0	0	0	0	0	0
chr8	16846866	16860062	Amillepora24746	4	0	0	0	0	0	0	0	0	0
chr8	16799787	16807170	Amillepora24741	2	1	0.5	0.5	50	50	70.71067811865476	50	100	0
chr8	16765952	16791763	Amillepora24739	24	7	0.2916666666666667	0.2916666666666667	29.166666666666668	0	46.43056214875365	9.477598811252413	100	0
chr8	16860856	16869068	Amillepora24747	3	2	0.6666666666666666	0.6666666666666666	66.66666666666667	100	57.735026918962575	33.333333333333336	100	0
chr8	16873509	16883809	Amillepora24748	7	1	0.14285714285714285	0.14285714285714285	14.285714285714286	0	37.79644730092272	14.285714285714285	100	0
chr8	16837497	16846711	Amillepora24745	8	2	0.25	0.25	25	0	46.29100498862757	16.366341767699428	100	0
chr8	16892378	16900191	Amillepora24750	6	0	0	0	0	0	0	0	0	0
chr8	16883878	16887887	Amillepora24749	1	1	1	1	100	100	NA	NA	100	100
chr8	16933831	16938796	Amillepora24756	1	1	1	1	100	100	NA	NA	100	100
chr8	16902892	16910523	Amillepora24751	1	1	1	1	100	100	NA	NA	100	100
chr8	16912438	16917755	Amillepora24752	1	1	1	1	100	100	NA	NA	100	100
chr8	16926739	16933630	Amillepora24755	4	2	0.5	0.5	50	50	57.735026918962575	28.867513459481287	100	0
chr8	16981408	16995191	Amillepora24763	4	2	0.5	0.5	50	50	57.735026918962575	28.867513459481287	100	0
chr8	17014085	17022283	Amillepora24767	3	2	0.6666666666666666	0.6666666666666666	66.66666666666667	100	57.73502691896258	33.333333333333336	100	0
chr8	16938745	16966922	Amillepora24757	11	8	0.7272727272727273	0.7272727272727273	72.72727272727273	100	46.70993664969138	14.083575804390607	100	0
chr8	16917924	16924845	Amillepora24753	1	0	0	0	0	0	NA	NA	0	0
chr8	16998511	17007097	Amillepora24765	4	3	0.75	0.75	75	100	50	25	100	0
chr8	17082342	17083427	Amillepora24773	2	0	0	0	0	0	0	0	0	0
chr8	17187032	17189320	Amillepora24781	2	0	0	0	0	0	0	0	0	0
chr8	17118725	17144118	Amillepora24778	7	7	1	1	100	100	0	0	100	100
chr8	17085399	17091592	Amillepora24774	6	0	0	0	0	0	0	0	0	0
chr8	17144708	17168524	Amillepora24780	7	1	0.14285714285714285	0.14285714285714285	14.285714285714286	0	37.79644730092272	14.285714285714285	100	0
chr8	17023569	17032571	Amillepora24768	9	1	0.1111111111111111	0.1111111111111111	11.11111111111111	0	33.333333333333336	11.111111111111112	100	0
chr8	17068958	17075378	Amillepora24771	3	1	0.3333333333333333	0.3333333333333333	33.333333333333336	0	57.735026918962575	33.333333333333336	100	0
chr8	17037791	17041771	Amillepora24769	2	0	0	0	0	0	0	0	0	0
chr8	17256193	17261627	Amillepora24790	10	1	0.1	0.1	10	0	31.622776601683793	10	100	0
chr8	17250040	17253615	Amillepora24789	6	0	0	0	0	0	0	0	0	0
chr8	17263409	17283556	Amillepora24791	8	5	0.625	0.625	62.5	100	51.75491695067657	18.298126367784995	100	0
chr8	17190595	17199629	Amillepora24782	5	1	0.2	0.2	20	0	44.721359549995796	20	100	0
chr8	17200446	17205595	Amillepora24783	13	0	0	0	0	0	0	0	0	0
chr8	17209374	17219875	Amillepora24784	13	0	0	0	0	0	0	0	0	0
chr8	17242851	17245743	Amillepora24788	9	0	0	0	0	0	0	0	0	0
chr8	17237424	17240456	Amillepora24787	4	0	0	0	0	0	0	0	0	0
chr8	17233197	17235878	Amillepora24786	5	0	0	0	0	0	0	0	0	0
chr8	17220201	17232203	Amillepora24785	12	1	0.08333333333333333	0.08333333333333333	8.333333333333334	0	28.867513459481298	8.333333333333334	100	0
chr8	17337593	17342568	Amillepora24800	1	1	1	1	100	100	NA	NA	100	100
chr8	17357905	17362464	Amillepora24803	4	0	0	0	0	0	0	0	0	0
chr8	17348744	17354303	Amillepora24802	1	0	0	0	0	0	NA	NA	0	0
chr8	17309915	17311406	Amillepora24795	1	1	1	1	100	100	NA	NA	100	100
chr8	17329355	17333039	Amillepora24798	7	0	0	0	0	0	0	0	0	0
chr8	17333093	17335123	Amillepora24799	4	0	0	0	0	0	0	0	0	0
chr8	17299545	17300557	Amillepora24794	2	0	0	0	0	0	0	0	0	0
chr8	17324198	17328871	Amillepora24797	5	0	0	0	0	0	0	0	0	0
chr8	17379467	17382214	Amillepora24807	6	1	0.16666666666666666	0.16666666666666666	16.666666666666668	0	40.8248290463863	16.66666666666667	100	0
chr8	17343275	17346294	Amillepora24801	3	1	0.3333333333333333	0.3333333333333333	33.333333333333336	0	57.735026918962575	33.333333333333336	100	0
chr8	17373437	17378604	Amillepora24806	8	0	0	0	0	0	0	0	0	0
chr8	17364358	17368505	Amillepora24805	2	0	0	0	0	0	0	0	0	0
chr8	17410370	17412515	Amillepora24813	2	2	1	1	100	100	0	0	100	100
chr8	17425170	17427579	Amillepora24814	1	0	0	0	0	0	NA	NA	0	0
chr8	17457192	17467905	Amillepora24820	3	3	1	1	100	100	0	0	100	100
chr8	17429587	17435951	Amillepora24815	10	0	0	0	0	0	0	0	0	0
chr8	17442294	17445903	Amillepora24817	4	2	0.5	0.5	50	50	57.735026918962575	28.867513459481287	100	0
chr8	17468465	17470982	Amillepora24821	1	0	0	0	0	0	NA	NA	0	0
chr8	17437592	17442182	Amillepora24816	5	1	0.2	0.2	20	0	44.721359549995796	20	100	0
chr8	17451817	17457146	Amillepora24819	1	1	1	1	100	100	NA	NA	100	100
chr8	17383551	17390530	Amillepora24808	9	0	0	0	0	0	0	0	0	0
chr8	17398509	17404561	Amillepora24810	8	0	0	0	0	0	0	0	0	0
chr8	17404646	17410074	Amillepora24811	5	2	0.4	0.4	40	0	54.772255750516614	24.49489742783178	100	0
chr8	17392751	17397628	Amillepora24809	10	0	0	0	0	0	0	0	0	0
chr8	17447374	17448350	Amillepora24818	3	0	0	0	0	0	0	0	0	0
chr8	17410101	17432904	Amillepora24812	19	6	0.3157894736842105	0.3157894736842105	31.57894736842105	0	47.75669329409193	10.956136839295434	100	0
chr8	17528419	17531983	Amillepora24828	3	0	0	0	0	0	0	0	0	0
chr8	17548948	17553276	Amillepora24830	7	0	0	0	0	0	0	0	0	0
chr8	17492938	17508015	Amillepora24825	8	4	0.5	0.5	50	50	53.45224838248488	18.89822365046136	100	0
chr8	17532398	17541673	Amillepora24829	7	1	0.14285714285714285	0.14285714285714285	14.285714285714286	0	37.79644730092272	14.285714285714285	100	0
chr8	17510769	17526952	Amillepora24826	8	5	0.625	0.625	62.5	100	51.75491695067657	18.298126367784995	100	0
chr8	17479877	17492244	Amillepora24823	15	4	0.26666666666666666	0.26666666666666666	26.666666666666668	0	45.77377082170634	11.818736805705578	100	0
chr8	17574360	17575274	Amillepora24831	1	0	0	0	0	0	NA	NA	0	0
chr8	17577616	17582832	Amillepora24832	5	0	0	0	0	0	0	0	0	0
chr8	17673781	17676928	Amillepora24842	10	0	0	0	0	0	0	0	0	0
chr8	17670397	17672311	Amillepora24840	2	1	0.5	0.5	50	50	70.71067811865476	50	100	0
chr8	17661911	17664460	Amillepora24837	3	0	0	0	0	0	0	0	0	0
chr8	17639463	17659093	Amillepora24836	42	0	0	0	0	0	0	0	0	0
chr8	17607568	17636669	Amillepora24835	14	3	0.21428571428571427	0.21428571428571427	21.428571428571427	0	42.581531362632	11.380392954509878	100	0
chr8	17587402	17606650	Amillepora24833	5	2	0.4	0.4	40	0	54.772255750516614	24.49489742783178	100	0
chr8	17672533	17673938	Amillepora24841	1	0	0	0	0	0	NA	NA	0	0
chr8	17667722	17670368	Amillepora24839	1	0	0	0	0	0	NA	NA	0	0
chr8	17663945	17667268	Amillepora24838	5	0	0	0	0	0	0	0	0	0
chr8	17709620	17716979	Amillepora24848	2	2	1	1	100	100	0	0	100	100
chr8	17686007	17694492	Amillepora24844	3	0	0	0	0	0	0	0	0	0
chr8	17720809	17737584	Amillepora24850	5	2	0.4	0.4	40	0	54.772255750516614	24.49489742783178	100	0
chr8	17718649	17720767	Amillepora24849	1	1	1	1	100	100	NA	NA	100	100
chr8	17766578	17773408	Amillepora24851	3	3	1	1	100	100	0	0	100	100
chr8	17676182	17685948	Amillepora24843	6	1	0.16666666666666666	0.16666666666666666	16.666666666666668	0	40.8248290463863	16.66666666666667	100	0
chr8	17804887	17816422	Amillepora24853	2	1	0.5	0.5	50	50	70.71067811865476	50	100	0
chr9	35656	37082	Amillepora20351	5	1	0.2	0.2	20	0	44.721359549995796	20	100	0
chr9	32694	33950	Amillepora20350	2	0	0	0	0	0	0	0	0	0
chr9	17895	29307	Amillepora20347	17	0	0	0	0	0	0	0	0	0
chr9	5445	16920	Amillepora20346	3	1	0.3333333333333333	0.3333333333333333	33.333333333333336	0	57.735026918962575	33.333333333333336	100	0
chr9	141072	155848	Amillepora20362	6	1	0.16666666666666666	0.16666666666666666	16.666666666666668	0	40.8248290463863	16.66666666666667	100	0
chr9	158898	164768	Amillepora20363	10	0	0	0	0	0	0	0	0	0
chr9	131015	134245	Amillepora20359	3	3	1	1	100	100	0	0	100	100
chr9	51330	56709	Amillepora20352	1	0	0	0	0	0	NA	NA	0	0
chr9	116071	123859	Amillepora20357	2	2	1	1	100	100	0	0	100	100
chr9	108934	115253	Amillepora20356	4	2	0.5	0.5	50	50	57.735026918962575	28.867513459481287	100	0
chr9	168819	171841	Amillepora20365	2	0	0	0	0	0	0	0	0	0
chr9	124524	130895	Amillepora20358	3	1	0.3333333333333333	0.3333333333333333	33.333333333333336	0	57.735026918962575	33.333333333333336	100	0
chr9	55645	104583	Amillepora20353	15	12	0.8	0.8	80	100	41.403933560541255	10.690449676496975	100	0
chr9	263237	269174	Amillepora20377	5	1	0.2	0.2	20	0	44.721359549995796	20	100	0
chr9	226304	237180	Amillepora20373	5	0	0	0	0	0	0	0	0	0
chr9	172323	196918	Amillepora20366	39	1	0.02564102564102564	0.02564102564102564	2.5641025641025643	0	16.01281538050869	2.564102564102564	100	0
chr9	241215	243697	Amillepora20374	1	0	0	0	0	0	NA	NA	0	0
chr9	199001	206081	Amillepora20367	10	0	0	0	0	0	0	0	0	0
chr9	218178	220117	Amillepora20369	1	0	0	0	0	0	NA	NA	0	0
chr9	270501	277729	Amillepora20378	6	0	0	0	0	0	0	0	0	0
chr9	248620	263175	Amillepora20376	8	0	0	0	0	0	0	0	0	0
chr9	209126	215906	Amillepora20368	4	1	0.25	0.25	25	0	50	25	100	0
chr9	220662	225733	Amillepora20370	1	0	0	0	0	0	NA	NA	0	0
chr9	374475	377744	Amillepora20387	6	0	0	0	0	0	0	0	0	0
chr9	282704	291083	Amillepora20379	11	1	0.09090909090909091	0.09090909090909091	9.090909090909092	0	30.151134457776354	9.09090909090909	100	0
chr9	362441	363451	Amillepora20384	1	1	1	1	100	100	NA	NA	100	100
chr9	369322	371834	Amillepora20386	1	1	1	1	100	100	NA	NA	100	100
chr9	349847	362382	Amillepora20382	9	1	0.1111111111111111	0.1111111111111111	11.11111111111111	0	33.333333333333336	11.111111111111112	100	0
chr9	330728	346842	Amillepora20381	19	1	0.05263157894736842	0.05263157894736842	5.2631578947368425	0	22.94157338705618	5.263157894736841	100	0
chr9	295465	326025	Amillepora20380	29	9	0.3103448275862069	0.3103448275862069	31.03448275862069	0	47.08236154307584	8.742975048915689	100	0
chr9	364736	369060	Amillepora20385	2	1	0.5	0.5	50	50	70.71067811865476	50	100	0
chr9	379265	382164	Amillepora20388	4	2	0.5	0.5	50	50	57.735026918962575	28.867513459481287	100	0
chr9	421847	426299	Amillepora20393	6	0	0	0	0	0	0	0	0	0
chr9	396633	405303	Amillepora20390	1	1	1	1	100	100	NA	NA	100	100
chr9	449522	452314	Amillepora20397	1	0	0	0	0	0	NA	NA	0	0
chr9	469683	478131	Amillepora20399	6	4	0.6666666666666666	0.6666666666666666	66.66666666666667	100	51.63977794943223	21.081851067789195	100	0
chr9	406751	410222	Amillepora20391	4	3	0.75	0.75	75	100	50	25	100	0
chr9	478270	481699	Amillepora20400	6	2	0.3333333333333333	0.3333333333333333	33.333333333333336	0	51.63977794943222	21.081851067789195	100	0
chr9	382141	396457	Amillepora20389	3	0	0	0	0	0	0	0	0	0
chr9	455000	460487	Amillepora20398	7	0	0	0	0	0	0	0	0	0
chr9	410261	421604	Amillepora20392	2	2	1	1	100	100	0	0	100	100
chr9	435258	437475	Amillepora20394	4	0	0	0	0	0	0	0	0	0
chr9	438723	441219	Amillepora20395	3	1	0.3333333333333333	0.3333333333333333	33.333333333333336	0	57.735026918962575	33.333333333333336	100	0
chr9	485725	492914	Amillepora20401	5	3	0.6	0.6	60	100	54.772255750516614	24.49489742783178	100	0
chr9	546959	550554	Amillepora20407	4	1	0.25	0.25	25	0	50	25	100	0
chr9	586901	588362	Amillepora20411	1	0	0	0	0	0	NA	NA	0	0
chr9	515865	519443	Amillepora20403	1	0	0	0	0	0	NA	NA	0	0
chr9	551257	570835	Amillepora20408	24	1	0.041666666666666664	0.041666666666666664	4.166666666666667	0	20.412414523193156	4.166666666666668	100	0
chr9	519231	525941	Amillepora20404	2	2	1	1	100	100	0	0	100	100
chr9	536221	545273	Amillepora20406	12	0	0	0	0	0	0	0	0	0
chr9	494295	515713	Amillepora20402	29	2	0.06896551724137931	0.06896551724137931	6.896551724137931	0	25.788071477756382	4.788724653995956	100	0
chr9	600773	604778	Amillepora20414	1	1	1	1	100	100	NA	NA	100	100
chr9	571635	582219	Amillepora20409	10	1	0.1	0.1	10	0	31.622776601683793	10	100	0
chr9	604678	621218	Amillepora20415	3	3	1	1	100	100	0	0	100	100
chr9	623165	646136	Amillepora20417	7	0	0	0	0	0	0	0	0	0
chr9	591946	600599	Amillepora20413	2	2	1	1	100	100	0	0	100	100
chr9	658855	674811	Amillepora20419	3	0	0	0	0	0	0	0	0	0
chr9	583511	586585	Amillepora20410	3	0	0	0	0	0	0	0	0	0
chr9	647761	656594	Amillepora20418	1	0	0	0	0	0	NA	NA	0	0
chr9	770225	778741	Amillepora20429	3	0	0	0	0	0	0	0	0	0
chr9	758786	767822	Amillepora20428	5	0	0	0	0	0	0	0	0	0
chr9	691333	697545	Amillepora20423	1	0	0	0	0	0	NA	NA	0	0
chr9	696744	705293	Amillepora20424	5	0	0	0	0	0	0	0	0	0
chr9	777940	784165	Amillepora20430	1	0	0	0	0	0	NA	NA	0	0
chr9	715705	719355	Amillepora20426	1	0	0	0	0	0	NA	NA	0	0
chr9	836439	859602	Amillepora20436	5	2	0.4	0.4	40	0	54.772255750516614	24.49489742783178	100	0
chr9	864105	880334	Amillepora20438	6	1	0.16666666666666666	0.16666666666666666	16.666666666666668	0	40.8248290463863	16.66666666666667	100	0
chr9	801534	823163	Amillepora20434	4	0	0	0	0	0	0	0	0	0
chr9	967969	973156	Amillepora20450	2	1	0.5	0.5	50	50	70.71067811865476	50	100	0
chr9	949466	956696	Amillepora20448	6	4	0.6666666666666666	0.6666666666666666	66.66666666666667	100	51.63977794943223	21.081851067789195	100	0
chr9	979521	989419	Amillepora20452	2	1	0.5	0.5	50	50	70.71067811865476	50	100	0
chr9	914204	921442	Amillepora20444	6	0	0	0	0	0	0	0	0	0
chr9	945154	948832	Amillepora20447	1	0	0	0	0	0	NA	NA	0	0
chr9	905044	908301	Amillepora20443	6	3	0.5	0.5	50	50	54.772255750516614	22.3606797749979	100	0
chr9	965146	967890	Amillepora20449	4	0	0	0	0	0	0	0	0	0
chr9	973840	979373	Amillepora20451	5	0	0	0	0	0	0	0	0	0
chr9	881538	891108	Amillepora20440	5	2	0.4	0.4	40	0	54.772255750516614	24.49489742783178	100	0
chr9	893853	903693	Amillepora20441	10	2	0.2	0.2	20	0	42.16370213557839	13.333333333333332	100	0
chr9	932043	939553	Amillepora20446	3	2	0.6666666666666666	0.6666666666666666	66.66666666666667	100	57.735026918962575	33.333333333333336	100	0
chr9	992913	1001447	Amillepora20454	6	1	0.16666666666666666	0.16666666666666666	16.666666666666668	0	40.82482904638629	16.66666666666667	100	0
chr9	1014263	1032164	Amillepora20456	8	0	0	0	0	0	0	0	0	0
chr9	1075399	1082785	Amillepora20465	3	1	0.3333333333333333	0.3333333333333333	33.333333333333336	0	57.735026918962575	33.333333333333336	100	0
chr9	990201	992486	Amillepora20453	5	0	0	0	0	0	0	0	0	0
chr9	1010112	1014001	Amillepora20455	6	1	0.16666666666666666	0.16666666666666666	16.666666666666668	0	40.8248290463863	16.66666666666667	100	0
chr9	1046720	1048294	Amillepora20459	1	0	0	0	0	0	NA	NA	0	0
chr9	1082769	1086037	Amillepora20467	1	0	0	0	0	0	NA	NA	0	0
chr9	1069939	1074024	Amillepora20464	1	0	0	0	0	0	NA	NA	0	0
chr9	1143500	1160037	Amillepora20474	5	2	0.4	0.4	40	0	54.772255750516614	24.49489742783178	100	0
chr9	1111000	1112581	Amillepora20471	1	0	0	0	0	0	NA	NA	0	0
chr9	1062009	1064296	Amillepora20461	3	1	0.3333333333333333	0.3333333333333333	33.333333333333336	0	57.735026918962575	33.333333333333336	100	0
chr9	1064695	1066296	Amillepora20462	3	0	0	0	0	0	0	0	0	0
chr9	1098353	1104733	Amillepora20470	7	0	0	0	0	0	0	0	0	0
chr9	1086045	1095336	Amillepora20468	4	1	0.25	0.25	25	0	50	25	100	0
chr9	1112568	1120280	Amillepora20472	2	1	0.5	0.5	50	50	70.71067811865476	50	100	0
chr9	1128691	1143346	Amillepora20473	8	3	0.375	0.375	37.5	0	51.75491695067657	18.298126367784995	100	0
chr9	1241048	1242011	Amillepora20477	1	0	0	0	0	0	NA	NA	0	0
chr9	1244196	1251879	Amillepora20478	7	0	0	0	0	0	0	0	0	0
chr9	1344277	1352992	Amillepora20483	3	0	0	0	0	0	0	0	0	0
chr9	1300453	1310279	Amillepora20480	3	0	0	0	0	0	0	0	0	0
chr9	1314517	1326563	Amillepora20481	11	0	0	0	0	0	0	0	0	0
chr9	1403334	1435059	Amillepora20487	34	7	0.20588235294117646	0.20588235294117646	20.58823529411765	0	41.04256301219046	7.038741487212932	100	0
chr9	1438117	1460374	Amillepora20488	16	1	0.0625	0.0625	6.25	0	25	6.25	100	0
chr9	1375518	1396014	Amillepora20485	33	0	0	0	0	0	0	0	0	0
chr9	1367612	1371936	Amillepora20484	1	0	0	0	0	0	NA	NA	0	0
chr9	1535981	1543104	Amillepora20493	1	0	0	0	0	0	NA	NA	0	0
chr9	1533829	1535915	Amillepora20492	3	1	0.3333333333333333	0.3333333333333333	33.333333333333336	0	57.735026918962575	33.333333333333336	100	0
chr9	1493151	1531616	Amillepora20490	57	1	0.017543859649122806	0.017543859649122806	1.7543859649122806	0	13.24532357065042	1.7543859649122806	100	0
chr9	1461425	1468951	Amillepora20489	7	0	0	0	0	0	0	0	0	0
chr9	1611039	1615487	Amillepora20502	8	0	0	0	0	0	0	0	0	0
chr9	1604932	1609618	Amillepora20501	3	0	0	0	0	0	0	0	0	0
chr9	1616642	1637924	Amillepora20503	18	0	0	0	0	0	0	0	0	0
chr9	1658431	1669260	Amillepora20504	12	0	0	0	0	0	0	0	0	0
chr9	1673994	1675995	Amillepora20506	3	2	0.6666666666666666	0.6666666666666666	66.66666666666667	100	57.73502691896258	33.333333333333336	100	0
chr9	1545410	1547464	Amillepora20494	2	0	0	0	0	0	0	0	0	0
chr9	1600187	1605063	Amillepora20500	1	0	0	0	0	0	NA	NA	0	0
chr9	1567174	1571753	Amillepora20497	4	0	0	0	0	0	0	0	0	0
chr9	1593496	1594765	Amillepora20499	1	0	0	0	0	0	NA	NA	0	0
chr9	1579798	1582239	Amillepora20498	1	0	0	0	0	0	NA	NA	0	0
chr9	1553139	1555445	Amillepora20495	4	0	0	0	0	0	0	0	0	0
chr9	1558991	1564833	Amillepora20496	5	0	0	0	0	0	0	0	0	0
chr9	1745208	1754839	Amillepora20515	2	1	0.5	0.5	50	50	70.71067811865476	50	100	0
chr9	1768658	1778856	Amillepora20518	1	1	1	1	100	100	NA	NA	100	100
chr9	1708131	1717137	Amillepora20509	3	3	1	1	100	100	0	0	100	100
chr9	1712846	1727829	Amillepora20511	8	6	0.75	0.75	75	100	46.29100498862757	16.366341767699428	100	0
chr9	1728786	1741135	Amillepora20513	15	0	0	0	0	0	0	0	0	0
chr9	1756509	1760232	Amillepora20516	5	2	0.4	0.4	40	0	54.772255750516614	24.49489742783178	100	0
chr9	1766563	1768563	Amillepora20517	1	1	1	1	100	100	NA	NA	100	100
chr9	1820742	1833295	Amillepora20524	18	0	0	0	0	0	0	0	0	0
chr9	1802059	1809286	Amillepora20523	1	0	0	0	0	0	NA	NA	0	0
chr9	1786150	1798612	Amillepora20520	8	3	0.375	0.375	37.5	0	51.75491695067657	18.298126367784995	100	0
chr9	1839912	1845332	Amillepora20525	12	0	0	0	0	0	0	0	0	0
chr9	1856988	1872524	Amillepora20528	22	5	0.22727272727272727	0.22727272727272727	22.727272727272727	0	42.89320272288886	9.144861547306324	100	0
chr9	1846784	1850978	Amillepora20526	2	0	0	0	0	0	0	0	0	0
chr9	1945608	1946890	Amillepora20536	3	0	0	0	0	0	0	0	0	0
chr9	1924621	1931931	Amillepora20534	7	1	0.14285714285714285	0.14285714285714285	14.285714285714286	0	37.79644730092272	14.285714285714285	100	0
chr9	1952081	1968232	Amillepora20537	10	1	0.1	0.1	10	0	31.622776601683793	10	100	0
chr9	1939368	1942627	Amillepora20535	8	0	0	0	0	0	0	0	0	0
chr9	2043222	2050399	Amillepora20540	6	0	0	0	0	0	0	0	0	0
chr9	1972610	2015105	Amillepora20538	45	5	0.1111111111111111	0.1111111111111111	11.11111111111111	0	31.7820863081864	4.737793696791343	100	0
chr9	2015931	2036838	Amillepora20539	20	2	0.1	0.1	10	0	30.779350562554622	6.882472016116853	100	0
chr9	2053203	2064508	Amillepora20541	11	1	0.09090909090909091	0.09090909090909091	9.090909090909092	0	30.151134457776354	9.09090909090909	100	0
chr9	2065570	2088840	Amillepora20542	23	3	0.13043478260869565	0.13043478260869565	13.043478260869565	0	34.4350221575091	7.180198468215396	100	0
chr9	2089877	2096619	Amillepora20543	8	0	0	0	0	0	0	0	0	0
chr9	2136055	2147457	Amillepora20549	13	0	0	0	0	0	0	0	0	0
chr9	2126191	2134359	Amillepora20547	12	0	0	0	0	0	0	0	0	0
chr9	2168190	2181630	Amillepora20552	24	1	0.041666666666666664	0.041666666666666664	4.166666666666667	0	20.412414523193156	4.166666666666668	100	0
chr9	2098384	2107360	Amillepora20544	8	0	0	0	0	0	0	0	0	0
chr9	2152541	2157795	Amillepora20551	5	1	0.2	0.2	20	0	44.721359549995796	20	100	0
chr9	2110737	2115336	Amillepora20545	5	0	0	0	0	0	0	0	0	0
chr9	2121148	2122891	Amillepora20546	4	0	0	0	0	0	0	0	0	0
chr9	2208201	2232655	Amillepora20556	23	3	0.13043478260869565	0.13043478260869565	13.043478260869565	0	34.4350221575091	7.180198468215396	100	0
chr9	2245592	2261074	Amillepora20558	2	0	0	0	0	0	0	0	0	0
chr9	2195474	2205926	Amillepora20555	16	0	0	0	0	0	0	0	0	0
chr9	2284997	2288942	Amillepora20560	2	0	0	0	0	0	0	0	0	0
chr9	2263239	2274354	Amillepora20559	3	0	0	0	0	0	0	0	0	0
chr9	2184110	2192360	Amillepora20553	11	0	0	0	0	0	0	0	0	0
chr9	2290822	2292504	Amillepora20561	1	0	0	0	0	0	NA	NA	0	0
chr9	2329760	2336413	Amillepora20566	1	1	1	1	100	100	NA	NA	100	100
chr9	2301328	2306552	Amillepora20563	1	0	0	0	0	0	NA	NA	0	0
chr9	2293403	2301236	Amillepora20562	3	0	0	0	0	0	0	0	0	0
chr9	2356555	2365989	Amillepora20568	1	0	0	0	0	0	NA	NA	0	0
chr9	2377097	2383580	Amillepora20571	1	0	0	0	0	0	NA	NA	0	0
chr9	2433560	2445256	Amillepora20578	1	1	1	1	100	100	NA	NA	100	100
chr9	2418943	2428844	Amillepora20577	4	1	0.25	0.25	25	0	50	25	100	0
chr9	2408749	2417240	Amillepora20575	1	0	0	0	0	0	NA	NA	0	0
chr9	2463380	2471693	Amillepora20580	2	2	1	1	100	100	0	0	100	100
chr9	2449054	2455859	Amillepora20579	2	2	1	1	100	100	0	0	100	100
chr9	2484802	2494327	Amillepora20583	2	0	0	0	0	0	0	0	0	0
chr9	2520254	2530721	Amillepora20586	3	0	0	0	0	0	0	0	0	0
chr9	2550223	2568841	Amillepora20588	4	0	0	0	0	0	0	0	0	0
chr9	2572223	2574402	Amillepora20589	3	0	0	0	0	0	0	0	0	0
chr9	2579412	2582895	Amillepora20590	5	0	0	0	0	0	0	0	0	0
chr9	2532794	2548719	Amillepora20587	7	0	0	0	0	0	0	0	0	0
chr9	2596726	2599094	Amillepora20594	1	0	0	0	0	0	NA	NA	0	0
chr9	2590113	2594889	Amillepora20593	5	1	0.2	0.2	20	0	44.721359549995796	20	100	0
chr9	2606017	2626712	Amillepora20596	2	1	0.5	0.5	50	50	70.71067811865476	50	100	0
chr9	2636341	2649568	Amillepora20598	17	0	0	0	0	0	0	0	0	0
chr9	2602025	2605955	Amillepora20595	1	0	0	0	0	0	NA	NA	0	0
chr9	2671800	2685607	Amillepora20599	3	1	0.3333333333333333	0.3333333333333333	33.333333333333336	0	57.735026918962575	33.333333333333336	100	0
chr9	2583501	2585845	Amillepora20591	6	0	0	0	0	0	0	0	0	0
chr9	2587477	2590065	Amillepora20592	2	0	0	0	0	0	0	0	0	0
chr9	2692622	2693290	Amillepora20601	4	0	0	0	0	0	0	0	0	0
chr9	2710070	2728816	Amillepora20603	14	5	0.35714285714285715	0.35714285714285715	35.714285714285715	0	49.72451580988469	13.289435848843764	100	0
chr9	2696578	2705500	Amillepora20602	2	1	0.5	0.5	50	50	70.71067811865476	50	100	0
chr9	2880890	2886503	Amillepora20617	13	0	0	0	0	0	0	0	0	0
chr9	2790670	2794332	Amillepora20607	5	0	0	0	0	0	0	0	0	0
chr9	2733877	2735842	Amillepora20604	2	0	0	0	0	0	0	0	0	0
chr9	2764556	2767551	Amillepora20606	1	0	0	0	0	0	NA	NA	0	0
chr9	2865176	2874926	Amillepora20615	6	0	0	0	0	0	0	0	0	0
chr9	2806105	2812342	Amillepora20608	9	0	0	0	0	0	0	0	0	0
chr9	2841751	2843959	Amillepora20611	5	0	0	0	0	0	0	0	0	0
chr9	2815309	2823010	Amillepora20609	10	0	0	0	0	0	0	0	0	0
chr9	2828997	2833544	Amillepora20610	9	0	0	0	0	0	0	0	0	0
chr9	2844627	2847819	Amillepora20612	3	0	0	0	0	0	0	0	0	0
chr9	2890306	2912719	Amillepora20619	33	2	0.06060606060606061	0.06060606060606061	6.0606060606060606	0	24.230584229877998	4.21800330517426	100	0
chr9	2913606	2923869	Amillepora20620	3	2	0.6666666666666666	0.6666666666666666	66.66666666666667	100	57.73502691896258	33.333333333333336	100	0
chr9	2924654	2928697	Amillepora20621	3	0	0	0	0	0	0	0	0	0
chr9	3018749	3044279	Amillepora20632	27	4	0.14814814814814814	0.14814814814814814	14.814814814814815	0	36.201399289824565	6.966962541673779	100	0
chr9	2964302	2979925	Amillepora20626	31	1	0.03225806451612903	0.03225806451612903	3.225806451612903	0	17.96053020267751	3.2258064516129035	100	0
chr9	2989105	2999582	Amillepora20628	23	0	0	0	0	0	0	0	0	0
chr9	3008088	3014654	Amillepora20631	10	0	0	0	0	0	0	0	0	0
chr9	2981935	2987244	Amillepora20627	3	0	0	0	0	0	0	0	0	0
chr9	2941646	2942554	Amillepora20622	1	0	0	0	0	0	NA	NA	0	0
chr9	3001721	3006086	Amillepora20629	9	2	0.2222222222222222	0.2222222222222222	22.22222222222222	0	44.09585518440984	14.698618394803281	100	0
chr9	2960264	2964145	Amillepora20625	10	0	0	0	0	0	0	0	0	0
chr9	2942963	2944864	Amillepora20623	4	0	0	0	0	0	0	0	0	0
chr9	2947317	2952336	Amillepora20624	13	0	0	0	0	0	0	0	0	0
chr9	3062358	3063451	Amillepora20635	6	0	0	0	0	0	0	0	0	0
chr9	3139675	3160123	Amillepora20638	2	0	0	0	0	0	0	0	0	0
chr9	3164771	3173511	Amillepora20641	2	1	0.5	0.5	50	50	70.71067811865476	50	100	0
chr9	3118646	3134014	Amillepora20636	14	0	0	0	0	0	0	0	0	0
chr9	3173980	3176746	Amillepora20642	1	0	0	0	0	0	NA	NA	0	0
chr9	3227736	3276885	Amillepora20651	21	0	0	0	0	0	0	0	0	0
chr9	3217180	3227557	Amillepora20650	1	0	0	0	0	0	NA	NA	0	0
chr9	3192519	3204482	Amillepora20647	1	1	1	1	100	100	NA	NA	100	100
chr9	3295936	3311051	Amillepora20655	4	0	0	0	0	0	0	0	0	0
chr9	3379799	3384002	Amillepora20661	1	0	0	0	0	0	NA	NA	0	0
chr9	3276888	3289892	Amillepora20654	3	1	0.3333333333333333	0.3333333333333333	33.333333333333336	0	57.735026918962575	33.333333333333336	100	0
chr9	3330752	3360407	Amillepora20656	11	0	0	0	0	0	0	0	0	0
chr9	3360585	3370787	Amillepora20659	2	1	0.5	0.5	50	50	70.71067811865476	50	100	0
chr9	3448093	3462333	Amillepora20673	6	1	0.16666666666666666	0.16666666666666666	16.666666666666668	0	40.8248290463863	16.66666666666667	100	0
chr9	3396447	3401548	Amillepora20664	3	1	0.3333333333333333	0.3333333333333333	33.333333333333336	0	57.735026918962575	33.333333333333336	100	0
chr9	3406820	3409121	Amillepora20667	1	0	0	0	0	0	NA	NA	0	0
chr9	3427525	3447883	Amillepora20672	2	1	0.5	0.5	50	50	70.71067811865476	50	100	0
chr9	3413284	3422311	Amillepora20669	4	0	0	0	0	0	0	0	0	0
chr9	3409840	3412827	Amillepora20668	1	0	0	0	0	0	NA	NA	0	0
chr9	3460746	3462332	Amillepora20674	4	0	0	0	0	0	0	0	0	0
chr9	3528291	3528836	Amillepora20680	2	0	0	0	0	0	0	0	0	0
chr9	3536350	3545024	Amillepora20682	12	0	0	0	0	0	0	0	0	0
chr9	3547500	3556669	Amillepora20685	18	0	0	0	0	0	0	0	0	0
chr9	3508975	3518591	Amillepora20678	4	3	0.75	0.75	75	100	50	25	100	0
chr9	3470856	3477601	Amillepora20675	1	0	0	0	0	0	NA	NA	0	0
chr9	3530029	3534917	Amillepora20681	3	1	0.3333333333333333	0.3333333333333333	33.333333333333336	0	57.735026918962575	33.333333333333336	100	0
chr9	3517140	3528045	Amillepora20679	3	2	0.6666666666666666	0.6666666666666666	66.66666666666667	100	57.73502691896258	33.333333333333336	100	0
chr9	3478496	3484943	Amillepora20676	8	0	0	0	0	0	0	0	0	0
chr9	3558616	3576326	Amillepora20686	15	0	0	0	0	0	0	0	0	0
chr9	3491381	3502569	Amillepora20677	5	2	0.4	0.4	40	0	54.772255750516614	24.49489742783178	100	0
chr9	3583007	3590474	Amillepora20689	7	1	0.14285714285714285	0.14285714285714285	14.285714285714286	0	37.79644730092272	14.285714285714285	100	0
chr9	3613210	3620368	Amillepora20693	5	0	0	0	0	0	0	0	0	0
chr9	3648367	3661573	Amillepora20695	2	0	0	0	0	0	0	0	0	0
chr9	3630362	3635436	Amillepora20694	6	0	0	0	0	0	0	0	0	0
chr9	3667816	3685974	Amillepora20696	4	0	0	0	0	0	0	0	0	0
chr9	3600145	3604041	Amillepora20692	7	0	0	0	0	0	0	0	0	0
chr9	3752528	3759261	Amillepora20701	2	0	0	0	0	0	0	0	0	0
chr9	3737104	3745989	Amillepora20700	1	0	0	0	0	0	NA	NA	0	0
chr9	3766110	3773346	Amillepora20702	4	1	0.25	0.25	25	0	50	25	100	0
chr9	3695423	3701657	Amillepora20697	1	0	0	0	0	0	NA	NA	0	0
chr9	3865233	3871116	Amillepora20718	7	0	0	0	0	0	0	0	0	0
chr9	3806424	3819728	Amillepora20705	24	0	0	0	0	0	0	0	0	0
chr9	3821180	3833400	Amillepora20706	6	3	0.5	0.5	50	50	54.772255750516614	22.3606797749979	100	0
chr9	3852479	3857858	Amillepora20713	2	0	0	0	0	0	0	0	0	0
chr9	3836288	3842879	Amillepora20709	1	0	0	0	0	0	NA	NA	0	0
chr9	3798048	3804034	Amillepora20704	10	0	0	0	0	0	0	0	0	0
chr9	3786940	3796592	Amillepora20703	11	0	0	0	0	0	0	0	0	0
chr9	3834903	3836217	Amillepora20708	1	0	0	0	0	0	NA	NA	0	0
chr9	3858560	3861355	Amillepora20715	1	1	1	1	100	100	NA	NA	100	100
chr9	3872024	3888323	Amillepora20719	20	2	0.1	0.1	10	0	30.779350562554622	6.882472016116853	100	0
chr9	3843752	3852257	Amillepora20710	6	2	0.3333333333333333	0.3333333333333333	33.333333333333336	0	51.63977794943222	21.081851067789195	100	0
chr9	3974562	3988762	Amillepora20732	22	1	0.045454545454545456	0.045454545454545456	4.545454545454546	0	21.32007163556104	4.545454545454545	100	0
chr9	3962332	3970924	Amillepora20729	6	0	0	0	0	0	0	0	0	0
chr9	3902357	3924144	Amillepora20723	6	4	0.6666666666666666	0.6666666666666666	66.66666666666667	100	51.63977794943223	21.081851067789195	100	0
chr9	3889215	3896525	Amillepora20721	8	3	0.375	0.375	37.5	0	51.75491695067657	18.298126367784995	100	0
chr9	3938217	3955105	Amillepora20727	6	0	0	0	0	0	0	0	0	0
chr9	3924199	3925546	Amillepora20725	2	0	0	0	0	0	0	0	0	0
chr9	3899339	3902119	Amillepora20722	3	0	0	0	0	0	0	0	0	0
chr9	4050275	4067484	Amillepora20738	18	0	0	0	0	0	0	0	0	0
chr9	4067917	4071689	Amillepora20740	7	0	0	0	0	0	0	0	0	0
chr9	4073727	4075159	Amillepora20741	1	0	0	0	0	0	NA	NA	0	0
chr9	3993952	4002734	Amillepora20734	3	0	0	0	0	0	0	0	0	0
chr9	4033567	4041584	Amillepora20737	3	0	0	0	0	0	0	0	0	0
chr9	3989315	3992257	Amillepora20733	2	0	0	0	0	0	0	0	0	0
chr9	4121890	4136131	Amillepora20748	2	1	0.5	0.5	50	50	70.71067811865476	50	100	0
chr9	4101955	4120824	Amillepora20747	10	0	0	0	0	0	0	0	0	0
chr9	4159887	4161406	Amillepora20752	1	0	0	0	0	0	NA	NA	0	0
chr9	4137228	4141596	Amillepora20749	1	1	1	1	100	100	NA	NA	100	100
chr9	4177476	4182691	Amillepora20756	1	0	0	0	0	0	NA	NA	0	0
chr9	4170849	4174565	Amillepora20755	1	0	0	0	0	0	NA	NA	0	0
chr9	4252628	4266774	Amillepora20764	1	0	0	0	0	0	NA	NA	0	0
chr9	4229498	4248370	Amillepora20763	3	0	0	0	0	0	0	0	0	0
chr9	4185325	4189000	Amillepora20758	2	0	0	0	0	0	0	0	0	0
chr9	4191588	4199151	Amillepora20759	2	0	0	0	0	0	0	0	0	0
chr9	4183739	4184584	Amillepora20757	2	0	0	0	0	0	0	0	0	0
chr9	4214351	4228512	Amillepora20762	1	0	0	0	0	0	NA	NA	0	0
chr9	4323716	4327793	Amillepora20777	5	2	0.4	0.4	40	0	54.772255750516614	24.49489742783178	100	0
chr9	4308062	4312446	Amillepora20772	16	1	0.0625	0.0625	6.25	0	25	6.25	100	0
chr9	4296347	4300876	Amillepora20769	4	0	0	0	0	0	0	0	0	0
chr9	4358692	4361849	Amillepora20781	3	0	0	0	0	0	0	0	0	0
chr9	4332778	4342769	Amillepora20779	4	1	0.25	0.25	25	0	50	25	100	0
chr9	4313093	4319260	Amillepora20773	5	2	0.4	0.4	40	0	54.772255750516614	24.49489742783178	100	0
chr9	4343531	4351321	Amillepora20780	3	0	0	0	0	0	0	0	0	0
chr9	4278458	4293560	Amillepora20768	26	0	0	0	0	0	0	0	0	0
chr9	4301605	4304283	Amillepora20770	4	0	0	0	0	0	0	0	0	0
chr9	4428024	4437315	Amillepora20788	21	0	0	0	0	0	0	0	0	0
chr9	4371103	4373208	Amillepora20782	6	0	0	0	0	0	0	0	0	0
chr9	4416867	4419766	Amillepora20786	1	0	0	0	0	0	NA	NA	0	0
chr9	4398175	4408876	Amillepora20785	10	0	0	0	0	0	0	0	0	0
chr9	4374932	4388282	Amillepora20783	10	0	0	0	0	0	0	0	0	0
chr9	4452349	4453278	Amillepora20790	1	0	0	0	0	0	NA	NA	0	0
chr9	4437825	4450674	Amillepora20789	10	1	0.1	0.1	10	0	31.622776601683793	10	100	0
chr9	4460790	4471638	Amillepora20791	15	1	0.06666666666666667	0.0625	6.666666666666667	0	25.81988897471611	6.666666666666666	100	0
chr9	4583493	4585343	Amillepora20807	5	0	0	0	0	0	0	0	0	0
chr9	4559323	4567024	Amillepora20804	11	0	0	0	0	0	0	0	0	0
chr9	4570547	4576566	Amillepora20805	1	1	1	1	100	100	NA	NA	100	100
chr9	4546244	4547427	Amillepora20803	2	1	0.5	0.5	50	50	70.71067811865476	50	100	0
chr9	4488303	4495932	Amillepora20795	1	0	0	0	0	0	NA	NA	0	0
chr9	4505480	4510852	Amillepora20796	2	1	0.5	0.5	50	50	70.71067811865476	50	100	0
chr9	4513708	4514997	Amillepora20797	1	0	0	0	0	0	NA	NA	0	0
chr9	4523734	4525041	Amillepora20798	1	0	0	0	0	0	NA	NA	0	0
chr9	4617803	4622764	Amillepora20811	1	1	1	1	100	100	NA	NA	100	100
chr9	4656153	4665247	Amillepora20815	2	1	0.5	0.5	50	50	70.71067811865476	50	100	0
chr9	4623167	4637520	Amillepora20812	5	2	0.4	0.4	40	0	54.772255750516614	24.49489742783178	100	0
chr9	4647753	4654352	Amillepora20814	7	0	0	0	0	0	0	0	0	0
chr9	4600247	4617712	Amillepora20809	17	0	0	0	0	0	0	0	0	0
chr9	4638491	4644431	Amillepora20813	2	0	0	0	0	0	0	0	0	0
chr9	4585483	4599474	Amillepora20808	11	2	0.18181818181818182	0.18181818181818182	18.181818181818183	0	40.45199174779453	12.196734422726125	100	0
chr9	4719806	4720531	Amillepora20818	1	0	0	0	0	0	NA	NA	0	0
chr9	4768492	4770545	Amillepora20825	2	0	0	0	0	0	0	0	0	0
chr9	4761196	4762141	Amillepora20824	2	0	0	0	0	0	0	0	0	0
chr9	4672663	4705200	Amillepora20816	25	3	0.12	0.12	12	0	33.166247903554	6.6332495807108005	100	0
chr9	4729807	4736234	Amillepora20820	8	0	0	0	0	0	0	0	0	0
chr9	4723156	4729395	Amillepora20819	8	1	0.125	0.125	12.5	0	35.35533905932738	12.5	100	0
chr9	4747493	4753680	Amillepora20822	2	0	0	0	0	0	0	0	0	0
chr9	4876075	4881832	Amillepora20829	7	0	0	0	0	0	0	0	0	0
chr9	4830907	4844955	Amillepora20828	18	0	0	0	0	0	0	0	0	0
chr9	4805470	4807540	Amillepora20826	1	1	1	1	100	100	NA	NA	100	100
chr9	4819440	4821087	Amillepora20827	1	0	0	0	0	0	NA	NA	0	0
chr9	4885785	4890716	Amillepora20830	8	0	0	0	0	0	0	0	0	0
chr9	4899001	4899606	Amillepora20831	2	0	0	0	0	0	0	0	0	0
chr9	4912000	4923595	Amillepora20834	13	0	0	0	0	0	0	0	0	0
chr9	4948429	4962871	Amillepora20837	10	0	0	0	0	0	0	0	0	0
chr9	4902050	4911589	Amillepora20832	4	0	0	0	0	0	0	0	0	0
chr9	4947549	4947855	Amillepora20836	1	0	0	0	0	0	NA	NA	0	0
chr9	5001701	5017700	Amillepora20840	15	0	0	0	0	0	0	0	0	0
chr9	5021866	5027280	Amillepora20841	7	0	0	0	0	0	0	0	0	0
chr9	5048698	5049820	Amillepora20843	3	0	0	0	0	0	0	0	0	0
chr9	5029874	5032318	Amillepora20842	11	0	0	0	0	0	0	0	0	0
chr9	4971821	4977489	Amillepora20838	4	0	0	0	0	0	0	0	0	0
chr9	4978324	4981678	Amillepora20839	1	0	0	0	0	0	NA	NA	0	0
chr9	5148519	5149856	Amillepora20853	1	0	0	0	0	0	NA	NA	0	0
chr9	5120363	5126847	Amillepora20850	8	1	0.125	0.125	12.5	0	35.35533905932738	12.5	100	0
chr9	5082371	5106967	Amillepora20849	10	0	0	0	0	0	0	0	0	0
chr9	5153613	5157056	Amillepora20854	3	0	0	0	0	0	0	0	0	0
chr9	5065792	5070583	Amillepora20845	1	0	0	0	0	0	NA	NA	0	0
chr9	5128944	5148445	Amillepora20852	24	0	0	0	0	0	0	0	0	0
chr9	5159250	5188566	Amillepora20855	42	0	0	0	0	0	0	0	0	0
chr9	5275340	5277061	Amillepora20865	5	0	0	0	0	0	0	0	0	0
chr9	5210779	5215192	Amillepora20861	1	1	1	1	100	100	NA	NA	100	100
chr9	5198589	5202935	Amillepora20859	1	0	0	0	0	0	NA	NA	0	0
chr9	5193499	5197755	Amillepora20857	6	0	0	0	0	0	0	0	0	0
chr9	5203825	5210105	Amillepora20860	3	1	0.3333333333333333	0.3333333333333333	33.333333333333336	0	57.735026918962575	33.333333333333336	100	0
chr9	5271589	5273250	Amillepora20864	6	0	0	0	0	0	0	0	0	0
chr9	5252594	5265400	Amillepora20863	5	1	0.2	0.2	20	0	44.721359549995796	20	100	0
chr9	5245717	5248763	Amillepora20862	3	3	1	1	100	100	0	0	100	100
chr9	5279833	5286384	Amillepora20866	2	0	0	0	0	0	0	0	0	0
chr9	5295286	5305587	Amillepora20867	5	0	0	0	0	0	0	0	0	0
chr9	5309504	5315257	Amillepora20869	1	0	0	0	0	0	NA	NA	0	0
chr9	5406906	5422937	Amillepora20877	5	0	0	0	0	0	0	0	0	0
chr9	5346047	5359303	Amillepora20873	5	0	0	0	0	0	0	0	0	0
chr9	5336547	5343456	Amillepora20872	4	1	0.25	0.25	25	0	50	25	100	0
chr9	5366957	5377824	Amillepora20874	4	0	0	0	0	0	0	0	0	0
chr9	5325029	5330897	Amillepora20871	3	2	0.6666666666666666	0.6666666666666666	66.66666666666667	100	57.735026918962575	33.333333333333336	100	0
chr9	5392999	5402725	Amillepora20876	4	0	0	0	0	0	0	0	0	0
chr9	5380828	5388725	Amillepora20875	4	1	0.25	0.25	25	0	50	25	100	0
chr9	5425107	5425806	Amillepora20880	2	0	0	0	0	0	0	0	0	0
chr9	5554946	5555494	Amillepora20895	3	0	0	0	0	0	0	0	0	0
chr9	5583451	5588450	Amillepora20897	11	0	0	0	0	0	0	0	0	0
chr9	5524062	5534829	Amillepora20892	22	1	0.045454545454545456	0.045454545454545456	4.545454545454546	0	21.320071635561042	4.545454545454545	100	0
chr9	5562615	5580362	Amillepora20896	15	1	0.06666666666666667	0.06666666666666667	6.666666666666667	0	25.81988897471612	6.666666666666666	100	0
chr9	5509064	5517351	Amillepora20890	10	3	0.3	0.3	30	0	48.3045891539648	15.275252316519467	100	0
chr9	5540099	5546945	Amillepora20893	4	0	0	0	0	0	0	0	0	0
chr9	5501880	5508219	Amillepora20889	5	3	0.6	0.6	60	100	54.772255750516614	24.49489742783178	100	0
chr9	5474236	5480668	Amillepora20887	4	0	0	0	0	0	0	0	0	0
chr9	5465732	5473418	Amillepora20886	6	1	0.16666666666666666	0.16666666666666666	16.666666666666668	0	40.8248290463863	16.66666666666667	100	0
chr9	5434392	5436416	Amillepora20881	1	0	0	0	0	0	NA	NA	0	0
chr9	5450892	5457394	Amillepora20883	3	0	0	0	0	0	0	0	0	0
chr9	5439032	5444707	Amillepora20882	4	0	0	0	0	0	0	0	0	0
chr9	5547752	5548107	Amillepora20894	1	0	0	0	0	0	NA	NA	0	0
chr9	5604476	5622705	Amillepora20899	19	1	0.05263157894736842	0.05263157894736842	5.2631578947368425	0	22.941573387056177	5.263157894736841	100	0
chr9	5592899	5598102	Amillepora20898	2	1	0.5	0.5	50	50	70.71067811865476	50	100	0
chr9	5637497	5645095	Amillepora20901	9	0	0	0	0	0	0	0	0	0
chr9	5685106	5688346	Amillepora20906	1	1	1	1	100	100	NA	NA	100	100
chr9	5657124	5666158	Amillepora20903	2	0	0	0	0	0	0	0	0	0
chr9	5647029	5656845	Amillepora20902	5	0	0	0	0	0	0	0	0	0
chr9	5667532	5670152	Amillepora20904	2	0	0	0	0	0	0	0	0	0
chr9	5726915	5732271	Amillepora20911	3	0	0	0	0	0	0	0	0	0
chr9	5698763	5703255	Amillepora20907	1	0	0	0	0	0	NA	NA	0	0
chr9	5751458	5758233	Amillepora20913	2	0	0	0	0	0	0	0	0	0
chr9	5765645	5766859	Amillepora20914	1	0	0	0	0	0	NA	NA	0	0
chr9	5777123	5778797	Amillepora20916	1	0	0	0	0	0	NA	NA	0	0
chr9	5815824	5816986	Amillepora20921	4	0	0	0	0	0	0	0	0	0
chr9	5792118	5793805	Amillepora20917	1	0	0	0	0	0	NA	NA	0	0
chr9	5809992	5811231	Amillepora20920	3	0	0	0	0	0	0	0	0	0
chr9	5793987	5794253	Amillepora20918	1	0	0	0	0	0	NA	NA	0	0
chr9	5837727	5840006	Amillepora20924	1	0	0	0	0	0	NA	NA	0	0
chr9	5874738	5877659	Amillepora20927	1	0	0	0	0	0	NA	NA	0	0
chr9	5852215	5861260	Amillepora20925	14	1	0.07142857142857142	0.07142857142857142	7.142857142857143	0	26.726124191242445	7.142857142857143	100	0
chr9	5865819	5867743	Amillepora20926	2	0	0	0	0	0	0	0	0	0
chr9	5924312	5928970	Amillepora20933	6	1	0.16666666666666666	0.16666666666666666	16.666666666666668	0	40.8248290463863	16.66666666666667	100	0
chr9	5933667	5935829	Amillepora20934	7	0	0	0	0	0	0	0	0	0
chr9	6020405	6028354	Amillepora20942	11	0	0	0	0	0	0	0	0	0
chr9	6043459	6047409	Amillepora20944	1	0	0	0	0	0	NA	NA	0	0
chr9	5973030	5977582	Amillepora20939	5	1	0.2	0.2	20	0	44.721359549995796	20	100	0
chr9	5952402	5953707	Amillepora20936	6	0	0	0	0	0	0	0	0	0
chr9	5953731	5954487	Amillepora20937	5	0	0	0	0	0	0	0	0	0
chr9	6082125	6082616	Amillepora20946	5	0	0	0	0	0	0	0	0	0
chr9	6007317	6012583	Amillepora20941	5	1	0.2	0.2	20	0	44.721359549995796	20	100	0
chr9	6049961	6061530	Amillepora20945	14	0	0	0	0	0	0	0	0	0
chr9	6031872	6042965	Amillepora20943	9	0	0	0	0	0	0	0	0	0
chr9	5985601	5996201	Amillepora20940	4	0	0	0	0	0	0	0	0	0
chr9	6125008	6146027	Amillepora20952	10	1	0.1	0.1	10	0	31.622776601683793	10	100	0
chr9	6097766	6112938	Amillepora20948	2	0	0	0	0	0	0	0	0	0
chr9	6147792	6150336	Amillepora20953	1	0	0	0	0	0	NA	NA	0	0
chr9	6161454	6162917	Amillepora20954	3	0	0	0	0	0	0	0	0	0
chr9	6163015	6164087	Amillepora20955	2	0	0	0	0	0	0	0	0	0
chr9	6083821	6097379	Amillepora20947	4	0	0	0	0	0	0	0	0	0
chr9	6119431	6124355	Amillepora20951	9	1	0.1111111111111111	0.1111111111111111	11.11111111111111	0	33.333333333333336	11.111111111111112	100	0
chr9	6113636	6117163	Amillepora20949	2	1	0.5	0.5	50	50	70.71067811865476	50	100	0
chr9	6187772	6188218	Amillepora20958	4	0	0	0	0	0	0	0	0	0
chr9	6249119	6250909	Amillepora20964	4	0	0	0	0	0	0	0	0	0
chr9	6199325	6219390	Amillepora20960	21	1	0.047619047619047616	0.047619047619047616	4.761904761904762	0	21.821789023599244	4.761904761904762	100	0
chr9	6164714	6179473	Amillepora20956	8	1	0.125	0.125	12.5	0	35.35533905932738	12.5	100	0
chr9	6258809	6263569	Amillepora20966	3	0	0	0	0	0	0	0	0	0
chr9	6254992	6258696	Amillepora20965	5	0	0	0	0	0	0	0	0	0
chr9	6198422	6199231	Amillepora20959	2	0	0	0	0	0	0	0	0	0
chr9	6263757	6267480	Amillepora20967	3	0	0	0	0	0	0	0	0	0
chr9	6315078	6331106	Amillepora20972	20	0	0	0	0	0	0	0	0	0
chr9	6283016	6303037	Amillepora20968	19	0	0	0	0	0	0	0	0	0
chr9	6371400	6379970	Amillepora20974	1	0	0	0	0	0	NA	NA	0	0
chr9	6434667	6436316	Amillepora20977	1	0	0	0	0	0	NA	NA	0	0
chr9	6476549	6479255	Amillepora20980	1	0	0	0	0	0	NA	NA	0	0
chr9	6558789	6560397	Amillepora20988	1	0	0	0	0	0	NA	NA	0	0
chr9	6489329	6494729	Amillepora20981	1	0	0	0	0	0	NA	NA	0	0
chr9	6537483	6539380	Amillepora20985	2	0	0	0	0	0	0	0	0	0
chr9	6579918	6581475	Amillepora20989	1	0	0	0	0	0	NA	NA	0	0
chr9	6607716	6631277	Amillepora20992	32	1	0.03125	0.03125	3.125	0	17.67766952966369	3.125	100	0
chr9	6592445	6607422	Amillepora20991	18	4	0.2222222222222222	0.2222222222222222	22.22222222222222	0	42.77926319464986	10.08316903303367	100	0
chr9	6654912	6658537	Amillepora20995	4	0	0	0	0	0	0	0	0	0
chr9	6676535	6680724	Amillepora20996	1	0	0	0	0	0	NA	NA	0	0
chr9	6638886	6650411	Amillepora20993	12	0	0	0	0	0	0	0	0	0
chr9	6583419	6597108	Amillepora20990	17	1	0.058823529411764705	0.058823529411764705	5.882352941176471	0	24.253562503633294	5.88235294117647	100	0
chr9	6681993	6683164	Amillepora20997	1	0	0	0	0	0	NA	NA	0	0
chr9	6724052	6731305	Amillepora21001	1	0	0	0	0	0	NA	NA	0	0
chr9	6734197	6737923	Amillepora21003	2	0	0	0	0	0	0	0	0	0
chr9	6760872	6788859	Amillepora21007	2	0	0	0	0	0	0	0	0	0
chr9	6690043	6702405	Amillepora20998	9	0	0	0	0	0	0	0	0	0
chr9	6702476	6706086	Amillepora20999	5	0	0	0	0	0	0	0	0	0
chr9	6744249	6745871	Amillepora21004	2	0	0	0	0	0	0	0	0	0
chr9	6810828	6814298	Amillepora21009	1	0	0	0	0	0	NA	NA	0	0
chr9	6852639	6853859	Amillepora21014	1	0	0	0	0	0	NA	NA	0	0
chr9	6835141	6843530	Amillepora21013	10	2	0.2	0.2	20	0	42.16370213557839	13.333333333333332	100	0
chr9	6975257	6980738	Amillepora21018	7	0	0	0	0	0	0	0	0	0
chr9	6943684	6954837	Amillepora21015	13	1	0.07692307692307693	0.07692307692307693	7.6923076923076925	0	27.735009811261456	7.6923076923076925	100	0
chr9	6960303	6965121	Amillepora21017	7	0	0	0	0	0	0	0	0	0
chr9	7015977	7017839	Amillepora21021	1	1	1	1	100	100	NA	NA	100	100
chr9	7024591	7031531	Amillepora21023	18	0	0	0	0	0	0	0	0	0
chr9	7007610	7012372	Amillepora21020	1	1	1	1	100	100	NA	NA	100	100
chr9	6981790	7004212	Amillepora21019	21	1	0.047619047619047616	0.047619047619047616	4.761904761904762	0	21.821789023599244	4.761904761904762	100	0
chr9	7019830	7022583	Amillepora21022	5	0	0	0	0	0	0	0	0	0
chr9	7080786	7094071	Amillepora21026	11	0	0	0	0	0	0	0	0	0
chr9	7035456	7066580	Amillepora21024	46	1	0.021739130434782608	0.021739130434782608	2.1739130434782608	0	14.744195615489723	2.1739130434782608	100	0
chr9	7071087	7078346	Amillepora21025	13	0	0	0	0	0	0	0	0	0
chr9	7178373	7190037	Amillepora21034	5	0	0	0	0	0	0	0	0	0
chr9	7159767	7171057	Amillepora21033	4	0	0	0	0	0	0	0	0	0
chr9	7146653	7154144	Amillepora21032	1	0	0	0	0	0	NA	NA	0	0
chr9	7244263	7257694	Amillepora21038	8	0	0	0	0	0	0	0	0	0
chr9	7293203	7316009	Amillepora21041	7	1	0.14285714285714285	0.14285714285714285	14.285714285714286	0	37.79644730092272	14.285714285714285	100	0
chr9	7265456	7279039	Amillepora21039	4	1	0.25	0.25	25	0	50	25	100	0
chr9	7335486	7348779	Amillepora21044	3	0	0	0	0	0	0	0	0	0
chr9	7320350	7327044	Amillepora21042	8	1	0.125	0.125	12.5	0	35.35533905932738	12.5	100	0
chr9	7328554	7332169	Amillepora21043	1	0	0	0	0	0	NA	NA	0	0
chr9	7351823	7360847	Amillepora21045	2	0	0	0	0	0	0	0	0	0
chr9	7355996	7363903	Amillepora21047	4	0	0	0	0	0	0	0	0	0
chr9	7388154	7391123	Amillepora21051	2	0	0	0	0	0	0	0	0	0
chr9	7420280	7432069	Amillepora21057	2	0	0	0	0	0	0	0	0	0
chr9	7366735	7380111	Amillepora21049	13	0	0	0	0	0	0	0	0	0
chr9	7439905	7448811	Amillepora21058	1	0	0	0	0	0	NA	NA	0	0
chr9	7397618	7399249	Amillepora21053	2	0	0	0	0	0	0	0	0	0
chr9	7391740	7397603	Amillepora21052	4	0	0	0	0	0	0	0	0	0
chr9	7556228	7562717	Amillepora21072	2	1	0.5	0.5	50	50	70.71067811865476	50	100	0
chr9	7581039	7584701	Amillepora21075	2	0	0	0	0	0	0	0	0	0
chr9	7563510	7579010	Amillepora21073	6	0	0	0	0	0	0	0	0	0
chr9	7515123	7526323	Amillepora21064	2	0	0	0	0	0	0	0	0	0
chr9	7531779	7545257	Amillepora21070	7	0	0	0	0	0	0	0	0	0
chr9	7498414	7507249	Amillepora21062	5	0	0	0	0	0	0	0	0	0
chr9	7491693	7497190	Amillepora21061	2	0	0	0	0	0	0	0	0	0
chr9	7593881	7595375	Amillepora21077	1	0	0	0	0	0	NA	NA	0	0
chr9	7618965	7621907	Amillepora21079	3	0	0	0	0	0	0	0	0	0
chr9	7733510	7758091	Amillepora21090	16	1	0.0625	0.0625	6.25	0	25	6.25	100	0
chr9	7706757	7707845	Amillepora21085	2	1	0.5	0.5	50	50	70.71067811865476	50	100	0
chr9	7824390	7826225	Amillepora21096	1	0	0	0	0	0	NA	NA	0	0
chr9	7851040	7853459	Amillepora21099	9	0	0	0	0	0	0	0	0	0
chr9	7816641	7818262	Amillepora21095	1	0	0	0	0	0	NA	NA	0	0
chr9	7860886	7863401	Amillepora21100	1	1	1	1	100	100	NA	NA	100	100
chr9	7863983	7928933	Amillepora21101	66	1	0.015151515151515152	0.015151515151515152	1.5151515151515151	0	12.309149097933268	1.515151515151515	100	0
chr9	7942134	7954640	Amillepora21103	17	0	0	0	0	0	0	0	0	0
chr9	7974833	7981153	Amillepora21105	2	1	0.5	0.5	50	50	70.71067811865476	50	100	0
chr9	7844204	7851060	Amillepora21098	7	0	0	0	0	0	0	0	0	0
chr9	7829249	7843998	Amillepora21097	13	1	0.07692307692307693	0.07692307692307693	7.6923076923076925	0	27.735009811261456	7.6923076923076925	100	0
chr9	7987262	7987876	Amillepora21106	2	0	0	0	0	0	0	0	0	0
chr9	7956431	7967394	Amillepora21104	25	1	0.04	0.04	4	0	20	4	100	0
chr9	7933019	7941783	Amillepora21102	10	3	0.3	0.3	30	0	48.3045891539648	15.275252316519467	100	0
chr9	8012940	8016491	Amillepora21110	6	0	0	0	0	0	0	0	0	0
chr9	7990854	7996051	Amillepora21107	3	2	0.6666666666666666	0.6666666666666666	66.66666666666667	100	57.735026918962575	33.333333333333336	100	0
chr9	8044140	8045869	Amillepora21115	1	0	0	0	0	0	NA	NA	0	0
chr9	8064545	8071162	Amillepora21118	1	0	0	0	0	0	NA	NA	0	0
chr9	8071441	8078089	Amillepora21119	3	0	0	0	0	0	0	0	0	0
chr9	8039205	8040015	Amillepora21114	1	0	0	0	0	0	NA	NA	0	0
chr9	8003583	8005798	Amillepora21109	1	0	0	0	0	0	NA	NA	0	0
chr9	7996927	8001160	Amillepora21108	10	1	0.1	0.1	10	0	31.622776601683793	10	100	0
chr9	8150333	8152543	Amillepora21123	5	0	0	0	0	0	0	0	0	0
chr9	8091421	8130107	Amillepora21121	41	1	0.024390243902439025	0.024390243902439025	2.4390243902439024	0	15.617376188860613	2.439024390243903	100	0
chr9	8214082	8216943	Amillepora21131	7	0	0	0	0	0	0	0	0	0
chr9	8235635	8251823	Amillepora21134	12	0	0	0	0	0	0	0	0	0
chr9	8189821	8202760	Amillepora21126	5	1	0.2	0.2	20	0	44.721359549995796	20	100	0
chr9	8176991	8177824	Amillepora21125	1	0	0	0	0	0	NA	NA	0	0
chr9	8205190	8210743	Amillepora21130	10	0	0	0	0	0	0	0	0	0
chr9	8247104	8247730	Amillepora21135	3	0	0	0	0	0	0	0	0	0
chr9	8228424	8231823	Amillepora21133	7	1	0.14285714285714285	0.14285714285714285	14.285714285714286	0	37.79644730092272	14.285714285714285	100	0
chr9	8220046	8223300	Amillepora21132	3	0	0	0	0	0	0	0	0	0
chr9	8260797	8307650	Amillepora21136	42	0	0	0	0	0	0	0	0	0
chr9	8324011	8326860	Amillepora21141	7	0	0	0	0	0	0	0	0	0
chr9	8358533	8363406	Amillepora21143	2	1	0.5	0.5	50	50	70.71067811865476	50	100	0
chr9	8343528	8348714	Amillepora21142	8	0	0	0	0	0	0	0	0	0
chr9	8448157	8461556	Amillepora21151	1	1	1	1	100	100	NA	NA	100	100
chr9	8393503	8401013	Amillepora21147	7	0	0	0	0	0	0	0	0	0
chr9	8367400	8390888	Amillepora21145	23	1	0.043478260869565216	0.043478260869565216	4.3478260869565215	0	20.851441405707472	4.347826086956522	100	0
chr9	8472213	8473757	Amillepora21154	3	0	0	0	0	0	0	0	0	0
chr9	8468372	8471018	Amillepora21152	3	0	0	0	0	0	0	0	0	0
chr9	8471349	8472017	Amillepora21153	1	0	0	0	0	0	NA	NA	0	0
chr9	8542938	8547817	Amillepora21160	1	0	0	0	0	0	NA	NA	0	0
chr9	8523410	8536827	Amillepora21158	2	0	0	0	0	0	0	0	0	0
chr9	8632406	8633935	Amillepora21165	1	0	0	0	0	0	NA	NA	0	0
chr9	8629292	8632383	Amillepora21164	4	0	0	0	0	0	0	0	0	0
chr9	8719619	8720521	Amillepora21171	1	0	0	0	0	0	NA	NA	0	0
chr9	8792073	8794440	Amillepora21176	3	1	0.3333333333333333	0.3333333333333333	33.333333333333336	0	57.735026918962575	33.333333333333336	100	0
chr9	8798477	8801601	Amillepora21177	1	0	0	0	0	0	NA	NA	0	0
chr9	9343879	9353301	Amillepora21205	6	0	0	0	0	0	0	0	0	0
chr9	9366451	9368200	Amillepora21206	1	0	0	0	0	0	NA	NA	0	0
chr9	9337215	9341071	Amillepora21204	1	0	0	0	0	0	NA	NA	0	0
chr9	9423727	9430314	Amillepora21210	5	0	0	0	0	0	0	0	0	0
chr9	9389123	9404072	Amillepora21207	21	1	0.047619047619047616	0.047619047619047616	4.761904761904762	0	21.82178902359924	4.761904761904762	100	0
chr9	9417280	9421801	Amillepora21209	9	0	0	0	0	0	0	0	0	0
chr9	9452515	9470016	Amillepora21211	15	0	0	0	0	0	0	0	0	0
chr9	9528149	9530788	Amillepora21217	4	0	0	0	0	0	0	0	0	0
chr9	9504035	9507143	Amillepora21214	1	0	0	0	0	0	NA	NA	0	0
chr9	9553405	9565949	Amillepora21220	4	0	0	0	0	0	0	0	0	0
chr9	9543735	9551953	Amillepora21219	10	1	0.1	0.1	10	0	31.622776601683793	10	100	0
chr9	9539069	9541071	Amillepora21218	4	0	0	0	0	0	0	0	0	0
chr9	9479311	9502486	Amillepora21213	6	1	0.16666666666666666	0.16666666666666666	16.666666666666668	0	40.82482904638629	16.66666666666667	100	0
chr9	9508009	9516269	Amillepora21215	3	2	0.6666666666666666	0.6666666666666666	66.66666666666667	100	57.73502691896258	33.333333333333336	100	0
chr9	9576048	9591886	Amillepora21222	18	2	0.1111111111111111	0.1111111111111111	11.11111111111111	0	32.338083338177725	7.622159339667059	100	0
chr9	9634193	9636011	Amillepora21227	2	0	0	0	0	0	0	0	0	0
chr9	9665137	9667825	Amillepora21234	1	0	0	0	0	0	NA	NA	0	0
chr9	9595517	9599012	Amillepora21223	3	0	0	0	0	0	0	0	0	0
chr9	9714713	9731159	Amillepora21241	12	2	0.16666666666666666	0.16666666666666666	16.666666666666668	0	38.92494720807615	11.236664374387368	100	0
chr9	9696955	9699418	Amillepora21238	1	0	0	0	0	0	NA	NA	0	0
chr9	9679910	9681682	Amillepora21235	1	0	0	0	0	0	NA	NA	0	0
chr9	9689108	9691845	Amillepora21237	8	0	0	0	0	0	0	0	0	0
chr9	9697872	9706649	Amillepora21239	1	0	0	0	0	0	NA	NA	0	0
chr9	9682441	9685182	Amillepora21236	3	0	0	0	0	0	0	0	0	0
chr9	9861446	9877140	Amillepora21247	15	0	0	0	0	0	0	0	0	0
chr9	9790735	9791478	Amillepora21243	1	1	1	1	100	100	NA	NA	100	100
chr9	9901147	9904653	Amillepora21249	2	1	0.5	0.5	50	50	70.71067811865476	50	100	0
chr9	10077606	10080624	Amillepora21251	1	0	0	0	0	0	NA	NA	0	0
chr9	10151860	10154621	Amillepora21254	1	0	0	0	0	0	NA	NA	0	0
chr9	10128762	10135241	Amillepora21253	1	0	0	0	0	0	NA	NA	0	0
chr9	10163959	10180658	Amillepora21257	25	1	0.04	0.04	4	0	20	4	100	0
chr9	10181065	10202218	Amillepora21258	17	3	0.17647058823529413	0.17647058823529413	17.647058823529413	0	39.295262399668786	9.530501027070382	100	0
chr9	10233833	10256826	Amillepora21260	24	1	0.041666666666666664	0.04	4.166666666666667	0	20.412414523193153	4.166666666666668	100	0
chr9	10262788	10288228	Amillepora21261	40	1	0.025	0.024390243902439025	2.5	0	15.811388300841896	2.5	100	0
chr9	10204658	10231466	Amillepora21259	27	2	0.07407407407407407	0.07407407407407407	7.407407407407407	0	26.688025634181187	5.13611292801138	100	0
chr9	10317728	10320963	Amillepora21262	3	0	0	0	0	0	0	0	0	0
chr9	10388738	10391308	Amillepora21266	1	0	0	0	0	0	NA	NA	0	0
chr9	10651490	10677307	Amillepora21273	24	0	0	0	0	0	0	0	0	0
chr9	10679318	10683549	Amillepora21274	3	1	0.3333333333333333	0.3333333333333333	33.333333333333336	0	57.735026918962575	33.333333333333336	100	0
chr9	10624541	10625229	Amillepora21271	1	0	0	0	0	0	NA	NA	0	0
chr9	10683659	10694446	Amillepora21275	10	2	0.2	0.2	20	0	42.16370213557839	13.333333333333332	100	0
chr9	10752797	10759577	Amillepora21285	11	0	0	0	0	0	0	0	0	0
chr9	10773866	10775131	Amillepora21288	5	0	0	0	0	0	0	0	0	0
chr9	10703107	10713990	Amillepora21280	5	2	0.4	0.4	40	0	54.772255750516614	24.49489742783178	100	0
chr9	10694576	10703024	Amillepora21277	3	1	0.3333333333333333	0.3333333333333333	33.333333333333336	0	57.735026918962575	33.333333333333336	100	0
chr9	10726385	10734117	Amillepora21282	4	2	0.5	0.5	50	50	57.735026918962575	28.867513459481287	100	0
chr9	10710838	10723078	Amillepora21281	8	3	0.375	0.375	37.5	0	51.75491695067657	18.298126367784995	100	0
chr9	10735217	10737887	Amillepora21283	1	0	0	0	0	0	NA	NA	0	0
chr9	10751697	10752362	Amillepora21284	1	0	0	0	0	0	NA	NA	0	0
chr9	10830512	10839523	Amillepora21293	4	0	0	0	0	0	0	0	0	0
chr9	10882711	10884817	Amillepora21299	2	0	0	0	0	0	0	0	0	0
chr9	10887400	10889072	Amillepora21301	4	0	0	0	0	0	0	0	0	0
chr9	10862969	10864788	Amillepora21296	1	0	0	0	0	0	NA	NA	0	0
chr9	10824133	10830416	Amillepora21292	5	1	0.2	0.2	20	0	44.721359549995796	20	100	0
chr9	10866391	10871310	Amillepora21298	3	0	0	0	0	0	0	0	0	0
chr9	10917788	10937595	Amillepora21304	28	2	0.07142857142857142	0.07142857142857142	7.142857142857143	0	26.22652641564811	4.956347617776506	100	0
chr9	10909586	10911535	Amillepora21303	3	0	0	0	0	0	0	0	0	0
chr9	10894751	10896643	Amillepora21302	2	0	0	0	0	0	0	0	0	0
chr9	11174780	11183278	Amillepora21321	1	0	0	0	0	0	NA	NA	0	0
chr9	11127165	11150064	Amillepora21319	15	1	0.06666666666666667	0.06666666666666667	6.666666666666667	0	25.819888974716115	6.666666666666666	100	0
chr9	11191023	11231406	Amillepora21322	6	0	0	0	0	0	0	0	0	0
chr9	11243406	11253890	Amillepora21324	5	0	0	0	0	0	0	0	0	0
chr9	11354116	11365565	Amillepora21331	12	0	0	0	0	0	0	0	0	0
chr9	11367173	11373180	Amillepora21332	6	0	0	0	0	0	0	0	0	0
chr9	11313621	11315974	Amillepora21328	6	0	0	0	0	0	0	0	0	0
chr9	11285492	11299328	Amillepora21327	4	0	0	0	0	0	0	0	0	0
chr9	11320746	11350100	Amillepora21329	24	2	0.08333333333333333	0.08333333333333333	8.333333333333334	0	28.232985128664	5.763033956734373	100	0
chr9	11416667	11426700	Amillepora21333	7	2	0.2857142857142857	0.2857142857142857	28.571428571428573	0	48.79500364742666	18.442777839082936	100	0
chr9	11453710	11472284	Amillepora21335	7	0	0	0	0	0	0	0	0	0
chr9	11428646	11453564	Amillepora21334	23	2	0.08695652173913043	0.08695652173913043	8.695652173913043	0	28.810406552003037	6.007385040937022	100	0
chr9	11489293	11493503	Amillepora21352	8	1	0.125	0.125	12.5	0	35.35533905932738	12.5	100	0
chr9	11526445	11539594	Amillepora21357	12	1	0.08333333333333333	0.08333333333333333	8.333333333333334	0	28.867513459481295	8.333333333333334	100	0
chr9	11571931	11586695	Amillepora21360	20	0	0	0	0	0	0	0	0	0
chr9	11540848	11554839	Amillepora21358	15	0	0	0	0	0	0	0	0	0
chr9	11506824	11519640	Amillepora21356	5	4	0.8	0.8	80	100	44.721359549995796	20	100	0
chr9	11494378	11502994	Amillepora21353	4	2	0.5	0.5	50	50	57.735026918962575	28.867513459481287	100	0
chr9	11586992	11604345	Amillepora21361	23	0	0	0	0	0	0	0	0	0
chr9	11627564	11641583	Amillepora21363	8	0	0	0	0	0	0	0	0	0
chr9	11610809	11626090	Amillepora21362	9	0	0	0	0	0	0	0	0	0
chr9	11751576	11756443	Amillepora21371	8	0	0	0	0	0	0	0	0	0
chr9	11738572	11740198	Amillepora21370	8	1	0.125	0.125	12.5	0	35.35533905932738	12.5	100	0
chr9	11642909	11660128	Amillepora21364	16	0	0	0	0	0	0	0	0	0
chr9	11663264	11676111	Amillepora21365	18	0	0	0	0	0	0	0	0	0
chr9	11681658	11690697	Amillepora21367	10	0	0	0	0	0	0	0	0	0
chr9	11759059	11771786	Amillepora21372	16	0	0	0	0	0	0	0	0	0
chr9	11704764	11707128	Amillepora21368	1	0	0	0	0	0	NA	NA	0	0
chr9	11790567	11802024	Amillepora21373	5	0	0	0	0	0	0	0	0	0
chr9	11812282	11813921	Amillepora21377	2	0	0	0	0	0	0	0	0	0
chr9	11840957	11870687	Amillepora21380	34	3	0.08823529411764706	0.08571428571428572	8.823529411764707	0	28.79022412812367	4.937482703908927	100	0
chr9	11871810	11878148	Amillepora21381	6	5	0.8333333333333334	0.8333333333333334	83.33333333333333	100	40.8248290463863	16.66666666666667	100	0
chr9	11802148	11810602	Amillepora21375	11	0	0	0	0	0	0	0	0	0
chr9	11836454	11838264	Amillepora21379	2	0	0	0	0	0	0	0	0	0
chr9	11878292	11893967	Amillepora21382	20	1	0.05	0.05	5	0	22.360679774997898	5	100	0
chr9	11946759	11947972	Amillepora21383	1	0	0	0	0	0	NA	NA	0	0
chr9	11963790	11965545	Amillepora21384	9	0	0	0	0	0	0	0	0	0
chr9	12003890	12026061	Amillepora21385	12	0	0	0	0	0	0	0	0	0
chr9	12051081	12082321	Amillepora21388	13	0	0	0	0	0	0	0	0	0
chr9	12030342	12042570	Amillepora21386	2	0	0	0	0	0	0	0	0	0
chr9	12243684	12278389	Amillepora21398	46	2	0.043478260869565216	0.043478260869565216	4.3478260869565215	0	20.618457094236224	3.0400256468700046	100	0
chr9	12228769	12231291	Amillepora21396	1	1	1	1	100	100	NA	NA	100	100
chr9	12238315	12243557	Amillepora21397	2	0	0	0	0	0	0	0	0	0
chr9	12325387	12343881	Amillepora21401	13	4	0.3076923076923077	0.3076923076923077	30.76923076923077	0	48.03844614152614	13.323467750529826	100	0
chr9	12348087	12356181	Amillepora21404	7	1	0.14285714285714285	0.14285714285714285	14.285714285714286	0	37.79644730092272	14.285714285714285	100	0
chr9	12344915	12349609	Amillepora21402	4	1	0.25	0.25	25	0	50	25	100	0
chr9	12356885	12368349	Amillepora21406	8	1	0.125	0.125	12.5	0	35.35533905932738	12.5	100	0
chr9	12370471	12377750	Amillepora21407	2	0	0	0	0	0	0	0	0	0
chr9	12309858	12315121	Amillepora21400	3	0	0	0	0	0	0	0	0	0
chr9	12406290	12407252	Amillepora21410	2	0	0	0	0	0	0	0	0	0
chr9	12396055	12400419	Amillepora21409	4	1	0.25	0.25	25	0	50	25	100	0
chr9	12438647	12439383	Amillepora21412	1	0	0	0	0	0	NA	NA	0	0
chr9	12486029	12490281	Amillepora21415	2	1	0.5	0.5	50	50	70.71067811865476	50	100	0
chr9	12560173	12571009	Amillepora21418	2	0	0	0	0	0	0	0	0	0
chr9	12562552	12594457	Amillepora21419	4	0	0	0	0	0	0	0	0	0
chr9	12611983	12612796	Amillepora21421	1	0	0	0	0	0	NA	NA	0	0
chr9	12666623	12669579	Amillepora21424	4	0	0	0	0	0	0	0	0	0
chr9	12701599	12702413	Amillepora21430	1	0	0	0	0	0	NA	NA	0	0
chr9	12745987	12751506	Amillepora21431	2	1	0.5	0.5	50	50	70.71067811865476	50	100	0
chr9	12820650	12857339	Amillepora21435	8	5	0.625	0.625	62.5	100	51.75491695067657	18.298126367784995	100	0
chr9	12901277	12916394	Amillepora21436	6	3	0.5	0.5	50	50	54.772255750516614	22.3606797749979	100	0
chr9	12926756	12928325	Amillepora21439	1	1	1	1	100	100	NA	NA	100	100
chr9	13003380	13006976	Amillepora21443	1	1	1	1	100	100	NA	NA	100	100
chr9	13171380	13179102	Amillepora21451	4	0	0	0	0	0	0	0	0	0
chr9	13250088	13264885	Amillepora21461	9	0	0	0	0	0	0	0	0	0
chr9	13238670	13245877	Amillepora21460	4	0	0	0	0	0	0	0	0	0
chr9	13233457	13238184	Amillepora21459	1	0	0	0	0	0	NA	NA	0	0
chr9	13225861	13229010	Amillepora21454	2	0	0	0	0	0	0	0	0	0
chr9	13196751	13201074	Amillepora21452	2	0	0	0	0	0	0	0	0	0
chr9	13218110	13223171	Amillepora21453	4	0	0	0	0	0	0	0	0	0
chr9	13353884	13354857	Amillepora21463	1	0	0	0	0	0	NA	NA	0	0
chr9	13295595	13313232	Amillepora21462	31	1	0.03225806451612903	0.03225806451612903	3.225806451612903	0	17.960530202677496	3.2258064516129035	100	0
chr9	13392595	13398636	Amillepora21467	2	2	1	1	100	100	0	0	100	100
chr9	13403129	13407037	Amillepora21468	1	0	0	0	0	0	NA	NA	0	0
chr9	13409370	13422764	Amillepora21469	12	3	0.25	0.25	25	0	45.22670168666454	13.055824196677337	100	0
chr9	13428822	13430977	Amillepora21470	1	0	0	0	0	0	NA	NA	0	0
chr9	13438183	13451584	Amillepora21473	10	1	0.1	0.1	10	0	31.622776601683793	10	100	0
chr9	13358622	13392329	Amillepora21464	31	2	0.06451612903225806	0.06451612903225806	6.451612903225806	0	24.973103811470743	4.485301852605207	100	0
chr9	13539239	13557231	Amillepora21477	7	0	0	0	0	0	0	0	0	0
chr9	13528868	13531918	Amillepora21475	1	0	0	0	0	0	NA	NA	0	0
chr9	13724410	13738233	Amillepora21481	17	0	0	0	0	0	0	0	0	0
chr9	13784950	13790092	Amillepora21487	4	1	0.25	0.25	25	0	50	25	100	0
chr9	13801653	13818397	Amillepora21489	18	0	0	0	0	0	0	0	0	0
chr9	13871378	13873062	Amillepora21495	4	0	0	0	0	0	0	0	0	0
chr9	13860908	13864695	Amillepora21494	2	0	0	0	0	0	0	0	0	0
chr9	13764646	13784824	Amillepora21486	23	10	0.43478260869565216	0.43478260869565216	43.47826086956522	0	50.68698018697019	10.568965974008648	100	0
chr9	13748162	13762151	Amillepora21482	7	2	0.2857142857142857	0.2857142857142857	28.571428571428573	0	48.79500364742666	18.442777839082936	100	0
chr9	13791561	13801533	Amillepora21488	7	0	0	0	0	0	0	0	0	0
chr9	13837100	13839513	Amillepora21492	2	0	0	0	0	0	0	0	0	0
chr9	13904438	13916212	Amillepora21496	7	0	0	0	0	0	0	0	0	0
chr9	13960246	13977011	Amillepora21498	17	0	0	0	0	0	0	0	0	0
chr9	14056739	14082197	Amillepora21505	25	0	0	0	0	0	0	0	0	0
chr9	13929009	13951888	Amillepora21497	26	0	0	0	0	0	0	0	0	0
chr9	13981570	13988999	Amillepora21499	3	0	0	0	0	0	0	0	0	0
chr9	14038455	14049401	Amillepora21504	1	0	0	0	0	0	NA	NA	0	0
chr9	14028469	14034703	Amillepora21502	1	0	0	0	0	0	NA	NA	0	0
chr9	13990912	13996958	Amillepora21500	4	0	0	0	0	0	0	0	0	0
chr9	14119310	14121086	Amillepora21507	5	0	0	0	0	0	0	0	0	0
chr9	14092394	14107914	Amillepora21506	18	0	0	0	0	0	0	0	0	0
chr9	14189261	14195726	Amillepora21515	5	0	0	0	0	0	0	0	0	0
chr9	14206170	14213014	Amillepora21517	5	0	0	0	0	0	0	0	0	0
chr9	14214627	14230894	Amillepora21518	18	1	0.05555555555555555	0.05555555555555555	5.555555555555555	0	23.570226039551585	5.555555555555556	100	0
chr9	14244262	14259552	Amillepora21519	25	5	0.2	0.2	20	0	40.824829046386306	8.16496580927726	100	0
chr9	14277306	14287620	Amillepora21522	13	1	0.07692307692307693	0.07692307692307693	7.6923076923076925	0	27.735009811261456	7.6923076923076925	100	0
chr9	14268330	14275949	Amillepora21521	16	1	0.0625	0.0625	6.25	0	25	6.25	100	0
chr9	14130470	14137957	Amillepora21510	1	0	0	0	0	0	NA	NA	0	0
chr9	14170878	14191213	Amillepora21513	12	0	0	0	0	0	0	0	0	0
chr9	14162836	14170540	Amillepora21512	2	0	0	0	0	0	0	0	0	0
chr9	14125580	14129661	Amillepora21508	2	0	0	0	0	0	0	0	0	0
chr9	14316881	14322685	Amillepora21525	2	1	0.5	0.5	50	50	70.71067811865476	50	100	0
chr9	14363559	14375864	Amillepora21530	11	1	0.09090909090909091	0.09090909090909091	9.090909090909092	0	30.151134457776354	9.09090909090909	100	0
chr9	14353610	14360355	Amillepora21528	4	0	0	0	0	0	0	0	0	0
chr9	14314449	14315183	Amillepora21524	6	0	0	0	0	0	0	0	0	0
chr9	14322982	14335632	Amillepora21526	16	1	0.0625	0.0625	6.25	0	25	6.25	100	0
chr9	14291097	14308925	Amillepora21523	22	1	0.045454545454545456	0.045454545454545456	4.545454545454546	0	21.320071635561042	4.545454545454545	100	0
chr9	14340816	14346198	Amillepora21527	5	0	0	0	0	0	0	0	0	0
chr9	14460895	14461239	Amillepora21536	1	0	0	0	0	0	NA	NA	0	0
chr9	14407375	14409538	Amillepora21534	3	0	0	0	0	0	0	0	0	0
chr9	14564008	14564403	Amillepora21541	2	0	0	0	0	0	0	0	0	0
chr9	14585730	14591937	Amillepora21542	2	0	0	0	0	0	0	0	0	0
chr9	14638175	14640403	Amillepora21548	4	0	0	0	0	0	0	0	0	0
chr9	14623782	14626567	Amillepora21545	4	0	0	0	0	0	0	0	0	0
chr9	14629368	14632001	Amillepora21546	1	0	0	0	0	0	NA	NA	0	0
chr9	14603921	14623688	Amillepora21544	22	3	0.13636363636363635	0.13636363636363635	13.636363636363637	0	35.12500866571045	7.48867700952649	100	0
chr9	14592956	14599564	Amillepora21543	15	0	0	0	0	0	0	0	0	0
chr9	14726868	14732730	Amillepora21554	5	2	0.4	0.4	40	0	54.772255750516614	24.49489742783178	100	0
chr9	14691702	14694695	Amillepora21550	2	1	0.5	0.5	50	50	70.71067811865476	50	100	0
chr9	14713828	14716290	Amillepora21552	8	0	0	0	0	0	0	0	0	0
chr9	14817468	14826883	Amillepora21557	5	0	0	0	0	0	0	0	0	0
chr9	14832591	14845776	Amillepora21558	14	1	0.07142857142857142	0.07142857142857142	7.142857142857143	0	26.72612419124244	7.142857142857143	100	0
chr9	14782547	14816018	Amillepora21555	35	0	0	0	0	0	0	0	0	0
chr9	14857262	14867132	Amillepora21559	4	0	0	0	0	0	0	0	0	0
chr9	14873657	14919276	Amillepora21560	23	1	0.043478260869565216	0.043478260869565216	4.3478260869565215	0	20.851441405707472	4.347826086956522	100	0
chr9	14988383	15007100	Amillepora21564	2	0	0	0	0	0	0	0	0	0
chr9	15060532	15067131	Amillepora21566	5	0	0	0	0	0	0	0	0	0
chr9	15168940	15170307	Amillepora21567	4	0	0	0	0	0	0	0	0	0
chr9	15283661	15292012	Amillepora21570	10	0	0	0	0	0	0	0	0	0
chr9	15352600	15362607	Amillepora21575	17	1	0.058823529411764705	0.058823529411764705	5.882352941176471	0	24.253562503633294	5.88235294117647	100	0
chr9	15329594	15331759	Amillepora21573	7	1	0.14285714285714285	0.14285714285714285	14.285714285714286	0	37.79644730092272	14.285714285714285	100	0
chr9	15373051	15407105	Amillepora21577	33	1	0.030303030303030304	0.030303030303030304	3.0303030303030303	0	17.40776559556978	3.03030303030303	100	0
chr9	15425549	15451014	Amillepora21580	25	1	0.04	0.04	4	0	20	4	100	0
chr9	15465266	15482472	Amillepora21581	9	0	0	0	0	0	0	0	0	0
chr9	15418130	15422656	Amillepora21579	7	0	0	0	0	0	0	0	0	0
chr9	15544155	15558693	Amillepora21586	10	0	0	0	0	0	0	0	0	0
chr9	15499798	15505181	Amillepora21585	2	0	0	0	0	0	0	0	0	0
chr9	15565551	15575454	Amillepora21587	1	0	0	0	0	0	NA	NA	0	0
chr9	15486568	15498462	Amillepora21583	13	2	0.15384615384615385	0.15384615384615385	15.384615384615385	0	37.553380809940535	10.415433852097385	100	0
chr9	15641090	15651157	Amillepora21593	4	0	0	0	0	0	0	0	0	0
chr9	15662506	15672067	Amillepora21594	3	0	0	0	0	0	0	0	0	0
chr9	15620503	15623725	Amillepora21592	1	0	0	0	0	0	NA	NA	0	0
chr9	15769892	15776670	Amillepora21605	1	0	0	0	0	0	NA	NA	0	0
chr9	15747576	15765991	Amillepora21604	16	1	0.0625	0.0625	6.25	0	25	6.25	100	0
chr9	15726181	15730753	Amillepora21601	3	0	0	0	0	0	0	0	0	0
chr9	15681242	15691045	Amillepora21595	8	0	0	0	0	0	0	0	0	0
chr9	15737679	15740063	Amillepora21603	5	0	0	0	0	0	0	0	0	0
chr9	15731460	15734484	Amillepora21602	1	0	0	0	0	0	NA	NA	0	0
chr9	15697991	15708724	Amillepora21599	8	0	0	0	0	0	0	0	0	0
chr9	15859085	15879448	Amillepora21611	22	2	0.09090909090909091	0.09090909090909091	9.090909090909092	0	29.42449431682498	6.273323266748674	100	0
chr9	15819111	15825565	Amillepora21608	12	1	0.08333333333333333	0.08333333333333333	8.333333333333334	0	28.867513459481298	8.333333333333334	100	0
chr9	15788874	15798514	Amillepora21607	12	0	0	0	0	0	0	0	0	0
chr9	15855182	15858156	Amillepora21610	2	2	1	1	100	100	0	0	100	100
chr9	15831562	15839644	Amillepora21609	7	0	0	0	0	0	0	0	0	0
chr9	15880939	15884774	Amillepora21612	8	0	0	0	0	0	0	0	0	0
chr9	15885756	15888333	Amillepora21613	2	0	0	0	0	0	0	0	0	0
chr9	15931694	15947936	Amillepora21616	25	1	0.04	0.04	4	0	20	4	100	0
chr9	15905609	15921100	Amillepora21615	11	2	0.18181818181818182	0.18181818181818182	18.181818181818183	0	40.45199174779452	12.196734422726125	100	0
chr9	15894462	15902702	Amillepora21614	4	0	0	0	0	0	0	0	0	0
chr9	15975812	15979842	Amillepora21620	3	0	0	0	0	0	0	0	0	0
chr9	16069219	16073465	Amillepora21629	1	0	0	0	0	0	NA	NA	0	0
chr9	16088162	16089215	Amillepora21630	1	0	0	0	0	0	NA	NA	0	0
chr9	16015028	16015751	Amillepora21624	1	0	0	0	0	0	NA	NA	0	0
chr9	16089689	16090132	Amillepora21631	1	0	0	0	0	0	NA	NA	0	0
chr9	16226747	16231187	Amillepora21639	1	0	0	0	0	0	NA	NA	0	0
chr9	16181831	16226027	Amillepora21635	16	5	0.3125	0.3125	31.25	0	47.871355387816905	11.967838846954226	100	0
chr9	16274146	16276889	Amillepora21642	1	0	0	0	0	0	NA	NA	0	0
chr9	16352877	16359647	Amillepora21645	3	0	0	0	0	0	0	0	0	0
chr9	16346301	16351835	Amillepora21644	7	2	0.2857142857142857	0.2857142857142857	28.571428571428573	0	48.79500364742666	18.442777839082936	100	0
chr9	16432982	16436131	Amillepora21647	3	0	0	0	0	0	0	0	0	0
chr9	16549638	16552268	Amillepora21658	5	0	0	0	0	0	0	0	0	0
chr9	16543972	16545748	Amillepora21657	3	0	0	0	0	0	0	0	0	0
chr9	16500375	16503285	Amillepora21656	2	1	0.5	0.5	50	50	70.71067811865476	50	100	0
chr9	16554846	16595969	Amillepora21659	39	4	0.10256410256410256	0.10256410256410256	10.256410256410257	0	30.73547406047282	4.921614717627658	100	0
chr9	16656404	16664984	Amillepora21669	5	0	0	0	0	0	0	0	0	0
chr9	16704896	16713271	Amillepora21672	17	0	0	0	0	0	0	0	0	0
chr9	16670263	16703911	Amillepora21670	7	3	0.42857142857142855	0.42857142857142855	42.857142857142854	0	53.45224838248488	20.203050891044217	100	0
chr9	16759822	16777374	Amillepora21673	9	5	0.5555555555555556	0.5555555555555556	55.55555555555556	100	52.70462766947299	17.568209223157663	100	0
chr9	16883480	16887485	Amillepora21680	2	0	0	0	0	0	0	0	0	0
chr9	16865002	16867451	Amillepora21678	3	1	0.3333333333333333	0.3333333333333333	33.333333333333336	0	57.735026918962575	33.333333333333336	100	0
chr9	16867468	16870894	Amillepora21679	1	0	0	0	0	0	NA	NA	0	0
chr9	16790530	16803000	Amillepora21675	8	4	0.5	0.5	50	50	53.45224838248488	18.89822365046136	100	0
chr9	16981281	16985710	Amillepora21684	6	2	0.3333333333333333	0.3333333333333333	33.333333333333336	0	51.63977794943222	21.081851067789195	100	0
chr9	16941226	16946762	Amillepora21682	1	1	1	1	100	100	NA	NA	100	100
chr9	16894174	16895863	Amillepora21681	2	2	1	1	100	100	0	0	100	100
chr9	16947509	16955004	Amillepora21683	7	3	0.42857142857142855	0.42857142857142855	42.857142857142854	0	53.45224838248488	20.203050891044217	100	0
chr9	17025696	17028758	Amillepora21688	1	0	0	0	0	0	NA	NA	0	0
chr9	17077444	17081713	Amillepora21695	3	0	0	0	0	0	0	0	0	0
chr9	17068693	17069314	Amillepora21693	3	2	0.6666666666666666	0.6666666666666666	66.66666666666667	100	57.73502691896258	33.333333333333336	100	0
chr9	17067058	17068668	Amillepora21692	9	5	0.5555555555555556	0.5555555555555556	55.55555555555556	100	52.70462766947299	17.568209223157663	100	0
chr9	17123969	17126163	Amillepora21696	2	1	0.5	0.5	50	50	70.71067811865476	50	100	0
chr9	17136211	17137186	Amillepora21698	1	0	0	0	0	0	NA	NA	0	0
chr9	17127677	17129349	Amillepora21697	2	0	0	0	0	0	0	0	0	0
chr9	17209465	17213576	Amillepora21705	1	1	1	1	100	100	NA	NA	100	100
chr9	17185246	17189992	Amillepora21703	5	4	0.8	0.8	80	100	44.721359549995796	20	100	0
chr9	17302278	17304671	Amillepora21709	4	1	0.25	0.25	25	0	50	25	100	0
chr9	17471418	17472294	Amillepora21716	1	1	1	1	100	100	NA	NA	100	100
chr9	17428243	17430020	Amillepora21712	2	1	0.5	0.5	50	50	70.71067811865476	50	100	0
chr9	17430852	17433486	Amillepora21714	1	1	1	1	100	100	NA	NA	100	100
chr9	17563794	17566887	Amillepora21720	1	0	0	0	0	0	NA	NA	0	0
chr9	17516330	17520628	Amillepora21717	1	0	0	0	0	0	NA	NA	0	0
chr9	17610619	17611131	Amillepora21721	1	1	1	1	100	100	NA	NA	100	100
chr9	17651200	17654528	Amillepora21723	1	0	0	0	0	0	NA	NA	0	0
chr9	17613276	17616233	Amillepora21722	1	0	0	0	0	0	NA	NA	0	0
chr9	17654745	17656780	Amillepora21724	2	0	0	0	0	0	0	0	0	0
chr9	17742379	17743847	Amillepora21731	4	0	0	0	0	0	0	0	0	0
chr9	17739099	17742369	Amillepora21730	3	1	0.3333333333333333	0.3333333333333333	33.333333333333336	0	57.735026918962575	33.333333333333336	100	0
chr9	17802419	17805764	Amillepora21739	2	0	0	0	0	0	0	0	0	0
chr9	17844890	17850672	Amillepora21742	3	0	0	0	0	0	0	0	0	0
chr9	17865982	17899830	Amillepora21743	25	2	0.08	0.08	8	0	27.688746209726915	5.537749241945383	100	0
chr9	17937212	17939539	Amillepora21745	9	0	0	0	0	0	0	0	0	0
chr9	17971271	17975299	Amillepora21746	2	0	0	0	0	0	0	0	0	0
chr9	17982297	17985009	Amillepora21747	5	0	0	0	0	0	0	0	0	0
chr9	18040554	18041954	Amillepora21748	1	1	1	1	100	100	NA	NA	100	100
chr9	18071799	18073034	Amillepora21755	2	1	0.5	0.5	50	50	70.71067811865476	50	100	0
chr9	18064208	18070304	Amillepora21754	9	6	0.6666666666666666	0.6666666666666666	66.66666666666667	100	49.99999999999999	16.666666666666668	100	0
chr9	18050518	18053777	Amillepora21752	3	0	0	0	0	0	0	0	0	0
chr9	18128044	18130761	Amillepora21758	2	1	0.5	0.5	50	50	70.71067811865476	50	100	0
chr9	18091011	18093119	Amillepora21756	4	3	0.75	0.75	75	100	50	25	100	0
chr9	18238962	18243156	Amillepora21775	9	2	0.2222222222222222	0.2	22.22222222222222	0	44.09585518440984	14.698618394803281	100	0
chr9	18260589	18263144	Amillepora21776	3	0	0	0	0	0	0	0	0	0
chr9	18211821	18215859	Amillepora21769	1	0	0	0	0	0	NA	NA	0	0
chr9	18200181	18205380	Amillepora21766	7	1	0.14285714285714285	0.14285714285714285	14.285714285714286	0	37.79644730092272	14.285714285714285	100	0
chr9	18205451	18206606	Amillepora21767	1	1	1	1	100	100	NA	NA	100	100
chr9	18225577	18227260	Amillepora21772	1	0	0	0	0	0	NA	NA	0	0
chr9	18189143	18190141	Amillepora21765	1	1	1	1	100	100	NA	NA	100	100
chr9	18380927	18382931	Amillepora21789	7	4	0.5714285714285714	0.5714285714285714	57.142857142857146	100	53.452248382484875	20.203050891044217	100	0
chr9	18350833	18351246	Amillepora21783	1	0	0	0	0	0	NA	NA	0	0
chr9	18358070	18362764	Amillepora21786	2	0	0	0	0	0	0	0	0	0
chr9	18351291	18353936	Amillepora21784	1	0	0	0	0	0	NA	NA	0	0
chr9	18381747	18384192	Amillepora21790	1	1	1	1	100	100	NA	NA	100	100
chr9	18374888	18380265	Amillepora21788	43	11	0.2558139534883721	0.2558139534883721	25.58139534883721	0	44.148144844882665	6.732528971681358	100	0
chr9	18422392	18431372	Amillepora21799	3	0	0	0	0	0	0	0	0	0
chr9	18417783	18420093	Amillepora21796	1	0	0	0	0	0	NA	NA	0	0
chr9	18392707	18396730	Amillepora21793	3	0	0	0	0	0	0	0	0	0
chr9	18420798	18422072	Amillepora21798	1	0	0	0	0	0	NA	NA	0	0
chr9	18399533	18400585	Amillepora21794	1	0	0	0	0	0	NA	NA	0	0
chr9	18467885	18472441	Amillepora21803	1	0	0	0	0	0	NA	NA	0	0
chr9	18487803	18492026	Amillepora21805	2	1	0.5	0.5	50	50	70.71067811865476	50	100	0
chr9	18541558	18548116	Amillepora21809	2	0	0	0	0	0	0	0	0	0
chr9	18595578	18597205	Amillepora21811	1	0	0	0	0	0	NA	NA	0	0
chr9	18666242	18669870	Amillepora21824	1	0	0	0	0	0	NA	NA	0	0
chr9	18625232	18625462	Amillepora21813	1	0	0	0	0	0	NA	NA	0	0
chr9	18767292	18770633	Amillepora21828	8	2	0.25	0.25	25	0	46.29100498862757	16.366341767699428	100	0
chr9	18701989	18705827	Amillepora21825	9	1	0.1111111111111111	0.1111111111111111	11.11111111111111	0	33.333333333333336	11.111111111111112	100	0
chr9	18770986	18772374	Amillepora21829	1	1	1	1	100	100	NA	NA	100	100
chr9	18766139	18766780	Amillepora21827	1	0	0	0	0	0	NA	NA	0	0
chr9	18737719	18738993	Amillepora21826	2	0	0	0	0	0	0	0	0	0
chr9	18874828	18884907	Amillepora21835	12	0	0	0	0	0	0	0	0	0
chr9	18906660	18907874	Amillepora21837	4	1	0.25	0.25	25	0	50	25	100	0
chr9	18909370	18911469	Amillepora21838	2	0	0	0	0	0	0	0	0	0
chr9	18966413	18985951	Amillepora21842	28	1	0.03571428571428571	0.03571428571428571	3.5714285714285716	0	18.89822365046134	3.571428571428571	100	0
chr9	18888940	18896114	Amillepora21836	3	0	0	0	0	0	0	0	0	0
chr9	19098280	19112918	Amillepora21847	8	0	0	0	0	0	0	0	0	0
chr9	19256019	19258497	Amillepora21854	3	0	0	0	0	0	0	0	0	0
chr9	19321370	19325255	Amillepora21858	1	0	0	0	0	0	NA	NA	0	0
chr9	19356764	19375903	Amillepora21861	25	0	0	0	0	0	0	0	0	0
chr9	19468645	19475750	Amillepora21865	7	4	0.5714285714285714	0.5714285714285714	57.142857142857146	100	53.452248382484875	20.203050891044217	100	0
chr9	19426218	19461853	Amillepora21864	45	3	0.06666666666666667	0.06521739130434782	6.666666666666667	0	25.22624895547566	3.7605071654517745	100	0
chr9	19411386	19414517	Amillepora21863	4	0	0	0	0	0	0	0	0	0
chr9	19507078	19507673	Amillepora21868	2	1	0.5	0.5	50	50	70.71067811865476	50	100	0
chr9	19504851	19507050	Amillepora21867	2	1	0.5	0.5	50	50	70.71067811865476	50	100	0
chr9	19516674	19518039	Amillepora21869	1	0	0	0	0	0	NA	NA	0	0
chr9	19483649	19486673	Amillepora21866	1	0	0	0	0	0	NA	NA	0	0
chr9	19634089	19642706	Amillepora21872	3	0	0	0	0	0	0	0	0	0
Sc0000028	361	2209	Amillepora27779	2	0	0	0	0	0	0	0	0	0
Sc0000028	131286	132272	Amillepora27784	2	0	0	0	0	0	0	0	0	0
Sc0000028	126139	128397	Amillepora27782	1	0	0	0	0	0	NA	NA	0	0
Sc0000028	121243	125377	Amillepora27781	2	1	0.5	0.5	50	50	70.71067811865476	50	100	0
Sc0000028	190428	275751	Amillepora27789	7	1	0.14285714285714285	0.14285714285714285	14.285714285714286	0	37.79644730092272	14.285714285714285	100	0
Sc0000028	424141	431220	Amillepora27804	1	0	0	0	0	0	NA	NA	0	0
Sc0000028	486753	498557	Amillepora27806	1	0	0	0	0	0	NA	NA	0	0
Sc0000028	498550	504845	Amillepora27807	3	1	0.3333333333333333	0.3333333333333333	33.333333333333336	0	57.735026918962575	33.333333333333336	100	0
Sc0000028	507001	510667	Amillepora27808	5	4	0.8	0.8	80	100	44.721359549995796	20	100	0
Sc0000028	970671	982850	Amillepora27826	5	0	0	0	0	0	0	0	0	0
Sc0000028	920530	930933	Amillepora27821	2	1	0.5	0.5	50	50	70.71067811865476	50	100	0
Sc0000028	815326	823172	Amillepora27817	2	2	1	1	100	100	0	0	100	100
Sc0000028	956637	960348	Amillepora27825	7	0	0	0	0	0	0	0	0	0
Sc0000028	930934	955013	Amillepora27822	8	4	0.5	0.5	50	50	53.45224838248488	18.89822365046136	100	0
Sc0000028	986666	992390	Amillepora27827	5	1	0.2	0.2	20	0	44.721359549995796	20	100	0
Sc0000028	1024964	1026656	Amillepora27829	7	0	0	0	0	0	0	0	0	0
Sc0000028	993628	996376	Amillepora27828	6	0	0	0	0	0	0	0	0	0
Sc0000028	1050203	1059950	Amillepora27832	4	4	1	1	100	100	0	0	100	100
Sc0000028	1030819	1046349	Amillepora27831	29	2	0.06896551724137931	0.06896551724137931	6.896551724137931	0	25.788071477756368	4.788724653995956	100	0
Sc0000028	1027285	1030064	Amillepora27830	4	0	0	0	0	0	0	0	0	0
Sc0000028	1148193	1169033	Amillepora27837	7	3	0.42857142857142855	0.42857142857142855	42.857142857142854	0	53.45224838248488	20.203050891044217	100	0
Sc0000028	1156880	1168681	Amillepora27838	2	2	1	1	100	100	0	0	100	100
Sc0000028	1065381	1075977	Amillepora27833	3	0	0	0	0	0	0	0	0	0
Sc0000028	1095944	1099681	Amillepora27835	3	0	0	0	0	0	0	0	0	0
Sc0000028	1132571	1144807	Amillepora27836	6	0	0	0	0	0	0	0	0	0
Sc0000028	1169782	1187773	Amillepora27839	3	3	1	1	100	100	0	0	100	100
Sc0000028	1205340	1224959	Amillepora27845	10	0	0	0	0	0	0	0	0	0
Sc0000028	1227317	1241152	Amillepora27846	4	2	0.5	0.5	50	50	57.735026918962575	28.867513459481287	100	0
Sc0000028	1258636	1279941	Amillepora27848	12	1	0.08333333333333333	0.08333333333333333	8.333333333333334	0	28.867513459481305	8.333333333333334	100	0
Sc0000028	1199406	1200710	Amillepora27843	3	0	0	0	0	0	0	0	0	0
Sc0000028	1188049	1194997	Amillepora27841	1	0	0	0	0	0	NA	NA	0	0
Sc0000028	1201665	1206091	Amillepora27844	4	0	0	0	0	0	0	0	0	0
Sc0000028	1375487	1378145	Amillepora27854	8	0	0	0	0	0	0	0	0	0
Sc0000028	1330660	1333875	Amillepora27852	2	0	0	0	0	0	0	0	0	0
Sc0000028	1342136	1371581	Amillepora27853	17	3	0.17647058823529413	0.17647058823529413	17.647058823529413	0	39.29526239966879	9.530501027070382	100	0
Sc0000028	1306736	1314980	Amillepora27849	2	1	0.5	0.5	50	50	70.71067811865476	50	100	0
Sc0000028	1385064	1387427	Amillepora27856	2	0	0	0	0	0	0	0	0	0
Sc0000028	1430009	1438497	Amillepora27861	7	0	0	0	0	0	0	0	0	0
Sc0000028	1389650	1413846	Amillepora27857	4	1	0.25	0.25	25	0	50	25	100	0
Sc0000028	1420861	1427840	Amillepora27859	3	0	0	0	0	0	0	0	0	0
Sc0000028	1442357	1443451	Amillepora27862	6	0	0	0	0	0	0	0	0	0
Sc0000028	1404192	1416030	Amillepora27858	1	0	0	0	0	0	NA	NA	0	0
Sc0000028	1507519	1570057	Amillepora27863	9	1	0.1111111111111111	0.1111111111111111	11.11111111111111	0	33.333333333333336	11.111111111111112	100	0
Sc0000028	1787499	1788025	Amillepora27870	2	0	0	0	0	0	0	0	0	0
Sc0000028	1933152	1939026	Amillepora27872	1	0	0	0	0	0	NA	NA	0	0
Sc0000077	72358	75665	Amillepora29223	6	0	0	0	0	0	0	0	0	0
Sc0000077	36752	38758	Amillepora29220	3	0	0	0	0	0	0	0	0	0
Sc0000077	57886	70537	Amillepora29222	114	4	0.03508771929824561	0.032520325203252036	3.508771929824561	0	18.48139251449839	1.7309410007351322	100	0
Sc0000077	83010	83501	Amillepora29224	1	0	0	0	0	0	NA	NA	0	0
Sc0000077	35431	36696	Amillepora29219	2	0	0	0	0	0	0	0	0	0
Sc0000077	52091	54036	Amillepora29221	1	0	0	0	0	0	NA	NA	0	0
Sc0000077	1761	8028	Amillepora29218	9	1	0.1111111111111111	0.1111111111111111	11.11111111111111	0	33.333333333333336	11.111111111111112	100	0
Sc0000077	90371	91333	Amillepora29225	5	0	0	0	0	0	0	0	0	0
Sc0000077	133001	133708	Amillepora29231	2	0	0	0	0	0	0	0	0	0
Sc0000077	117884	129641	Amillepora29230	12	0	0	0	0	0	0	0	0	0
Sc0000077	145476	177509	Amillepora29234	17	13	0.7647058823529411	0.7647058823529411	76.47058823529412	100	43.72373160976031	10.604562574894086	100	0
Sc0000077	94205	94579	Amillepora29226	1	0	0	0	0	0	NA	NA	0	0
Sc0000077	96426	110435	Amillepora29227	22	0	0	0	0	0	0	0	0	0
Sc0000077	164167	166309	Amillepora29237	4	2	0.5	0.5	50	50	57.735026918962575	28.867513459481287	100	0
Sc0000077	170580	174203	Amillepora29238	2	1	0.5	0.5	50	50	70.71067811865476	50	100	0
Sc0000077	252706	255153	Amillepora29249	3	3	1	1	100	100	0	0	100	100
Sc0000077	280895	285113	Amillepora29254	5	2	0.4	0.4	40	0	54.772255750516614	24.49489742783178	100	0
Sc0000077	265269	273584	Amillepora29252	1	1	1	1	100	100	NA	NA	100	100
Sc0000077	194916	196356	Amillepora29242	1	1	1	1	100	100	NA	NA	100	100
Sc0000077	274888	278320	Amillepora29253	1	1	1	1	100	100	NA	NA	100	100
Sc0000077	259669	260873	Amillepora29251	1	0	0	0	0	0	NA	NA	0	0
Sc0000077	216134	216756	Amillepora29245	1	1	1	1	100	100	NA	NA	100	100
Sc0000077	196361	206862	Amillepora29243	7	4	0.5714285714285714	0.5714285714285714	57.142857142857146	100	53.45224838248488	20.203050891044217	100	0
Sc0000077	380514	381245	Amillepora29266	4	1	0.25	0.25	25	0	50	25	100	0
Sc0000077	350196	354527	Amillepora29261	16	6	0.375	0.375	37.5	0	50	12.5	100	0
Sc0000077	342316	342873	Amillepora29260	1	1	1	1	100	100	NA	NA	100	100
Sc0000077	305307	307766	Amillepora29256	5	2	0.4	0.4	40	0	54.772255750516614	24.49489742783178	100	0
Sc0000077	354737	355945	Amillepora29262	9	5	0.5555555555555556	0.5555555555555556	55.55555555555556	100	52.70462766947299	17.568209223157663	100	0
Sc0000077	363658	369931	Amillepora29265	4	2	0.5	0.5	50	50	57.735026918962575	28.867513459481287	100	0
Sc0000077	335481	339696	Amillepora29259	9	6	0.6666666666666666	0.6666666666666666	66.66666666666667	100	50	16.666666666666668	100	0
Sc0000077	458730	462493	Amillepora29284	1	0	0	0	0	0	NA	NA	0	0
Sc0000077	414206	414448	Amillepora29274	2	2	1	1	100	100	0	0	100	100
Sc0000077	431169	434105	Amillepora29277	1	1	1	1	100	100	NA	NA	100	100
Sc0000077	436810	437726	Amillepora29278	1	1	1	1	100	100	NA	NA	100	100
Sc0000077	417804	419969	Amillepora29276	2	2	1	1	100	100	0	0	100	100
Sc0000077	405263	408190	Amillepora29271	1	1	1	1	100	100	NA	NA	100	100
Sc0000077	409445	410212	Amillepora29272	1	1	1	1	100	100	NA	NA	100	100
Sc0000077	393012	393311	Amillepora29267	1	1	1	1	100	100	NA	NA	100	100
Sc0000077	393607	394543	Amillepora29269	1	1	1	1	100	100	NA	NA	100	100
Sc0000077	539074	542964	Amillepora29295	7	1	0.14285714285714285	0.14285714285714285	14.285714285714286	0	37.79644730092272	14.285714285714285	100	0
Sc0000077	530249	531823	Amillepora29294	1	0	0	0	0	0	NA	NA	0	0
Sc0000077	562674	565814	Amillepora29297	1	0	0	0	0	0	NA	NA	0	0
Sc0000077	551642	557220	Amillepora29296	1	0	0	0	0	0	NA	NA	0	0
Sc0000077	507834	513700	Amillepora29291	3	0	0	0	0	0	0	0	0	0
Sc0000077	525563	530043	Amillepora29293	2	0	0	0	0	0	0	0	0	0
Sc0000077	575793	577489	Amillepora29299	5	0	0	0	0	0	0	0	0	0
Sc0000077	573078	575156	Amillepora29298	10	0	0	0	0	0	0	0	0	0
Sc0000077	622343	627766	Amillepora29314	2	0	0	0	0	0	0	0	0	0
Sc0000077	646406	650563	Amillepora29320	1	0	0	0	0	0	NA	NA	0	0
Sc0000077	607061	612781	Amillepora29307	2	0	0	0	0	0	0	0	0	0
Sc0000077	636538	640688	Amillepora29315	1	1	1	1	100	100	NA	NA	100	100
Sc0000077	595930	596515	Amillepora29304	1	0	0	0	0	0	NA	NA	0	0
Sc0000077	646048	652083	Amillepora29319	1	0	0	0	0	0	NA	NA	0	0
Sc0000077	598710	599192	Amillepora29306	1	0	0	0	0	0	NA	NA	0	0
Sc0000077	616889	618775	Amillepora29310	3	0	0	0	0	0	0	0	0	0
Sc0000077	670487	671980	Amillepora29324	4	2	0.5	0.5	50	50	57.735026918962575	28.867513459481287	100	0
Sc0000077	654536	655859	Amillepora29321	4	2	0.5	0.5	50	50	57.735026918962575	28.867513459481287	100	0
Sc0000077	672834	674014	Amillepora29325	2	1	0.5	0.5	50	50	70.71067811865476	50	100	0
Sc0000077	753990	762882	Amillepora29341	6	2	0.3333333333333333	0.3333333333333333	33.333333333333336	0	51.63977794943222	21.081851067789195	100	0
Sc0000077	729817	730610	Amillepora29337	1	1	1	1	100	100	NA	NA	100	100
Sc0000077	695395	695849	Amillepora29328	1	1	1	1	100	100	NA	NA	100	100
Sc0000077	737544	739106	Amillepora29339	2	1	0.5	0.5	50	50	70.71067811865476	50	100	0
Sc0000077	724029	725053	Amillepora29335	2	0	0	0	0	0	0	0	0	0
Sc0000077	706059	708607	Amillepora29331	1	0	0	0	0	0	NA	NA	0	0
Sc0000077	811131	812747	Amillepora29347	2	2	1	1	100	100	0	0	100	100
Sc0000077	785774	798304	Amillepora29342	1	0	0	0	0	0	NA	NA	0	0
Sc0000077	803410	804608	Amillepora29346	1	1	1	1	100	100	NA	NA	100	100
Sc0000077	876289	878863	Amillepora29358	1	0	0	0	0	0	NA	NA	0	0
Sc0000077	867915	870861	Amillepora29357	3	1	0.3333333333333333	0.3333333333333333	33.333333333333336	0	57.735026918962575	33.333333333333336	100	0
Sc0000077	824668	826024	Amillepora29350	1	0	0	0	0	0	NA	NA	0	0
Sc0000077	830382	830702	Amillepora29352	1	1	1	1	100	100	NA	NA	100	100
Sc0000077	988827	989573	Amillepora29378	1	1	1	1	100	100	NA	NA	100	100
Sc0000077	936968	941013	Amillepora29369	16	2	0.125	0.125	12.5	0	34.15650255319866	8.539125638299666	100	0
Sc0000077	906714	907698	Amillepora29363	4	2	0.5	0.5	50	50	57.735026918962575	28.867513459481287	100	0
Sc0000077	984672	986777	Amillepora29377	1	0	0	0	0	0	NA	NA	0	0
Sc0000077	971393	978998	Amillepora29376	6	1	0.16666666666666666	0.16666666666666666	16.666666666666668	0	40.82482904638629	16.66666666666667	100	0
Sc0000077	916842	922108	Amillepora29366	5	1	0.2	0.2	20	0	44.721359549995796	20	100	0
Sc0000077	888594	892871	Amillepora29359	1	0	0	0	0	0	NA	NA	0	0
Sc0000077	910699	913842	Amillepora29364	3	2	0.6666666666666666	0.6666666666666666	66.66666666666667	100	57.735026918962575	33.333333333333336	100	0
Sc0000077	1054658	1069666	Amillepora29383	7	0	0	0	0	0	0	0	0	0
Sc0000077	1118697	1120215	Amillepora29387	1	0	0	0	0	0	NA	NA	0	0
Sc0000077	1088518	1096723	Amillepora29384	6	0	0	0	0	0	0	0	0	0
Sc0000077	1003864	1004673	Amillepora29382	4	0	0	0	0	0	0	0	0	0
Sc0000077	1176939	1178743	Amillepora29403	2	1	0.5	0.5	50	50	70.71067811865476	50	100	0
Sc0000077	1158118	1174455	Amillepora29392	7	1	0.14285714285714285	0.14285714285714285	14.285714285714286	0	37.79644730092272	14.285714285714285	100	0
Sc0000077	1097440	1098379	Amillepora29385	2	0	0	0	0	0	0	0	0	0
Sc0000077	1101633	1102811	Amillepora29386	7	0	0	0	0	0	0	0	0	0
Sc0000077	1180288	1181117	Amillepora29407	1	0	0	0	0	0	NA	NA	0	0
Sc0000072	72435	73676	Amillepora29125	1	0	0	0	0	0	NA	NA	0	0
Sc0000072	25833	28395	Amillepora29121	3	1	0.3333333333333333	0.3333333333333333	33.333333333333336	0	57.735026918962575	33.333333333333336	100	0
Sc0000072	28843	30441	Amillepora29122	2	0	0	0	0	0	0	0	0	0
Sc0000072	258636	259188	Amillepora29136	1	0	0	0	0	0	NA	NA	0	0
Sc0000072	324651	331094	Amillepora29142	6	0	0	0	0	0	0	0	0	0
Sc0000072	344616	348209	Amillepora29143	4	0	0	0	0	0	0	0	0	0
Sc0000072	288723	291985	Amillepora29138	1	0	0	0	0	0	NA	NA	0	0
Sc0000072	324649	344184	Amillepora29141	13	0	0	0	0	0	0	0	0	0
Sc0000072	286807	293486	Amillepora29137	4	0	0	0	0	0	0	0	0	0
Sc0000072	296546	302498	Amillepora29140	9	1	0.1111111111111111	0.1111111111111111	11.11111111111111	0	33.333333333333336	11.111111111111112	100	0
Sc0000072	458588	468946	Amillepora29151	6	1	0.16666666666666666	0.16666666666666666	16.666666666666668	0	40.8248290463863	16.66666666666667	100	0
Sc0000072	481283	487012	Amillepora29152	4	0	0	0	0	0	0	0	0	0
Sc0000072	440071	446798	Amillepora29150	10	1	0.1	0.1	10	0	31.622776601683793	10	100	0
Sc0000072	391016	435772	Amillepora29147	42	3	0.07142857142857142	0.07142857142857142	7.142857142857143	0	26.066118021500664	4.022089331224807	100	0
Sc0000072	364175	382176	Amillepora29144	10	1	0.1	0.1	10	0	31.622776601683793	10	100	0
Sc0000072	388308	390143	Amillepora29145	4	0	0	0	0	0	0	0	0	0
Sc0000072	519576	535083	Amillepora29154	15	0	0	0	0	0	0	0	0	0
Sc0000072	540547	562029	Amillepora29155	30	0	0	0	0	0	0	0	0	0
Sc0000072	607963	616305	Amillepora29161	10	0	0	0	0	0	0	0	0	0
Sc0000072	623851	641630	Amillepora29162	13	0	0	0	0	0	0	0	0	0
Sc0000072	745542	770587	Amillepora29173	2	0	0	0	0	0	0	0	0	0
Sc0000072	721927	740052	Amillepora29171	3	1	0.3333333333333333	0.3333333333333333	33.333333333333336	0	57.735026918962575	33.333333333333336	100	0
Sc0000072	658896	682988	Amillepora29165	1	0	0	0	0	0	NA	NA	0	0
Sc0000072	800242	808639	Amillepora29176	14	0	0	0	0	0	0	0	0	0
Sc0000072	830257	831610	Amillepora29178	3	0	0	0	0	0	0	0	0	0
Sc0000072	810727	827735	Amillepora29177	36	1	0.027777777777777776	0.027777777777777776	2.7777777777777777	0	16.666666666666664	2.777777777777778	100	0
Sc0000072	780717	793583	Amillepora29174	12	0	0	0	0	0	0	0	0	0
Sc0000072	939560	944070	Amillepora29192	8	0	0	0	0	0	0	0	0	0
Sc0000072	843782	847447	Amillepora29180	4	0	0	0	0	0	0	0	0	0
Sc0000072	849117	856506	Amillepora29181	3	1	0.3333333333333333	0.3333333333333333	33.333333333333336	0	57.735026918962575	33.333333333333336	100	0
Sc0000072	921779	924074	Amillepora29191	2	0	0	0	0	0	0	0	0	0
Sc0000072	860379	862390	Amillepora29182	2	0	0	0	0	0	0	0	0	0
Sc0000072	912408	914567	Amillepora29190	2	0	0	0	0	0	0	0	0	0
Sc0000072	900768	903351	Amillepora29189	3	0	0	0	0	0	0	0	0	0
Sc0000072	890686	894267	Amillepora29188	2	0	0	0	0	0	0	0	0	0
Sc0000072	956944	967558	Amillepora29194	12	3	0.25	0.25	25	0	45.22670168666454	13.055824196677337	100	0
Sc0000072	971262	981919	Amillepora29196	8	2	0.25	0.25	25	0	46.29100498862757	16.366341767699428	100	0
Sc0000072	949830	955569	Amillepora29193	2	1	0.5	0.5	50	50	70.71067811865476	50	100	0
Sc0000072	869365	872292	Amillepora29184	5	0	0	0	0	0	0	0	0	0
Sc0000072	994361	996067	Amillepora29197	6	0	0	0	0	0	0	0	0	0
Sc0000072	1033679	1042655	Amillepora29201	4	0	0	0	0	0	0	0	0	0
Sc0000072	1019659	1020264	Amillepora29199	1	0	0	0	0	0	NA	NA	0	0
Sc0000072	1021306	1026043	Amillepora29200	8	0	0	0	0	0	0	0	0	0
Sc0000072	1054352	1057501	Amillepora29202	1	0	0	0	0	0	NA	NA	0	0
Sc0000072	1074354	1075419	Amillepora29203	1	0	0	0	0	0	NA	NA	0	0
Sc0000072	1081532	1084526	Amillepora29207	7	0	0	0	0	0	0	0	0	0
Sc0000072	1079305	1080036	Amillepora29206	1	0	0	0	0	0	NA	NA	0	0
Sc0000072	1078362	1078929	Amillepora29205	6	0	0	0	0	0	0	0	0	0
Sc0000072	1244994	1253004	Amillepora29217	10	0	0	0	0	0	0	0	0	0
Sc0000072	1086272	1096389	Amillepora29208	10	1	0.1	0.1	10	0	31.622776601683793	10	100	0
Sc0000072	1113067	1121501	Amillepora29210	8	1	0.125	0.125	12.5	0	35.35533905932738	12.5	100	0
Sc0000072	1125608	1140978	Amillepora29211	13	0	0	0	0	0	0	0	0	0
Sc0000072	1144769	1149003	Amillepora29212	4	0	0	0	0	0	0	0	0	0
Sc0000072	1205304	1218999	Amillepora29216	13	1	0.07692307692307693	0.07692307692307693	7.6923076923076925	0	27.735009811261456	7.6923076923076925	100	0
Sc0000072	1180285	1203498	Amillepora29214	19	0	0	0	0	0	0	0	0	0
Sc0000072	1153103	1171086	Amillepora29213	17	0	0	0	0	0	0	0	0	0
Sc0000086	168962	176761	Amillepora29570	13	0	0	0	0	0	0	0	0	0
Sc0000086	93747	104120	Amillepora29565	9	0	0	0	0	0	0	0	0	0
Sc0000086	148001	160577	Amillepora29569	4	0	0	0	0	0	0	0	0	0
Sc0000086	125423	127762	Amillepora29566	3	0	0	0	0	0	0	0	0	0
Sc0000086	140338	143454	Amillepora29568	6	0	0	0	0	0	0	0	0	0
Sc0000086	217387	221093	Amillepora29575	5	0	0	0	0	0	0	0	0	0
Sc0000086	207199	210628	Amillepora29574	4	0	0	0	0	0	0	0	0	0
Sc0000086	196116	201046	Amillepora29573	2	1	0.5	0.5	50	50	70.71067811865476	50	100	0
Sc0000086	228294	259727	Amillepora29577	24	4	0.16666666666666666	0.16666666666666666	16.666666666666668	0	38.06934938134405	7.770873402002615	100	0
Sc0000086	225167	228222	Amillepora29576	3	1	0.3333333333333333	0.3333333333333333	33.333333333333336	0	57.735026918962575	33.333333333333336	100	0
Sc0000086	346934	352069	Amillepora29588	7	0	0	0	0	0	0	0	0	0
Sc0000086	358932	371388	Amillepora29589	12	7	0.5833333333333334	0.5833333333333334	58.333333333333336	100	51.49286505444372	14.864709750264078	100	0
Sc0000086	302790	311770	Amillepora29583	3	1	0.3333333333333333	0.3333333333333333	33.333333333333336	0	57.735026918962575	33.333333333333336	100	0
Sc0000086	324226	329648	Amillepora29587	7	5	0.7142857142857143	0.7142857142857143	71.42857142857143	100	48.79500364742666	18.442777839082936	100	0
Sc0000086	291942	302341	Amillepora29582	6	0	0	0	0	0	0	0	0	0
Sc0000086	265405	285584	Amillepora29578	35	1	0.02857142857142857	0.02857142857142857	2.857142857142857	0	16.903085094570333	2.857142857142857	100	0
Sc0000086	483715	488054	Amillepora29600	12	0	0	0	0	0	0	0	0	0
Sc0000086	444137	458021	Amillepora29598	7	1	0.14285714285714285	0.14285714285714285	14.285714285714286	0	37.79644730092272	14.285714285714285	100	0
Sc0000086	430455	440535	Amillepora29597	7	2	0.2857142857142857	0.2857142857142857	28.571428571428573	0	48.79500364742666	18.442777839082936	100	0
Sc0000086	382888	385806	Amillepora29591	1	1	1	1	100	100	NA	NA	100	100
Sc0000086	387074	393221	Amillepora29592	1	0	0	0	0	0	NA	NA	0	0
Sc0000086	371854	382792	Amillepora29590	7	5	0.7142857142857143	0.7142857142857143	71.42857142857143	100	48.79500364742666	18.442777839082936	100	0
Sc0000086	467370	483448	Amillepora29599	10	1	0.1	0.1	10	0	31.622776601683793	10	100	0
Sc0000086	394340	398165	Amillepora29594	4	3	0.75	0.75	75	100	50	25	100	0
Sc0000086	413653	423056	Amillepora29596	1	1	1	1	100	100	NA	NA	100	100
Sc0000086	400157	406894	Amillepora29595	4	3	0.75	0.75	75	100	50	25	100	0
Sc0000086	493643	507303	Amillepora29601	24	0	0	0	0	0	0	0	0	0
Sc0000086	515228	526989	Amillepora29602	14	1	0.07142857142857142	0.07142857142857142	7.142857142857143	0	26.726124191242445	7.142857142857143	100	0
Sc0000086	528938	531351	Amillepora29603	4	0	0	0	0	0	0	0	0	0
Sc0000086	642274	643572	Amillepora29612	1	0	0	0	0	0	NA	NA	0	0
Sc0000086	640135	641490	Amillepora29610	1	0	0	0	0	0	NA	NA	0	0
Sc0000086	669421	670730	Amillepora29615	2	0	0	0	0	0	0	0	0	0
Sc0000086	742553	748938	Amillepora29619	8	0	0	0	0	0	0	0	0	0
Sc0000086	695482	697140	Amillepora29618	4	0	0	0	0	0	0	0	0	0
Sc0000086	752761	757996	Amillepora29620	4	0	0	0	0	0	0	0	0	0
Sc0000086	758004	758551	Amillepora29621	1	0	0	0	0	0	NA	NA	0	0
Sc0000086	863681	873464	Amillepora29628	8	0	0	0	0	0	0	0	0	0
Sc0000086	830124	844291	Amillepora29625	11	0	0	0	0	0	0	0	0	0
Sc0000086	801439	806932	Amillepora29624	8	1	0.125	0.1111111111111111	6.25	0	17.67766952966369	6.25	50	0
Sc0000086	794505	801336	Amillepora29623	1	0	0	0	0	0	NA	NA	0	0
Sc0000086	844979	855650	Amillepora29626	1	0	0	0	0	0	NA	NA	0	0
Sc0000086	924097	932333	Amillepora29633	3	0	0	0	0	0	0	0	0	0
Sc0000086	881416	891372	Amillepora29630	16	2	0.125	0.125	12.5	0	34.15650255319866	8.539125638299666	100	0
Sc0000086	915566	918380	Amillepora29632	3	0	0	0	0	0	0	0	0	0
Sc0000086	889594	913785	Amillepora29631	20	14	0.7	0.7	70	100	47.016234598162725	10.513149660756936	100	0
Sc0000086	933622	963521	Amillepora29634	43	2	0.046511627906976744	0.046511627906976744	4.651162790697675	0	21.308263231644645	3.2494796790966136	100	0
Sc0000086	991914	994871	Amillepora29644	1	0	0	0	0	0	NA	NA	0	0
Sc0000086	1021583	1040510	Amillepora29646	23	1	0.043478260869565216	0.043478260869565216	4.3478260869565215	0	20.851441405707476	4.347826086956522	100	0
Sc0000086	1002105	1020949	Amillepora29645	16	2	0.125	0.125	12.5	0	34.15650255319866	8.539125638299666	100	0
Sc0000086	981978	1007905	Amillepora29640	16	0	0	0	0	0	0	0	0	0
Sc0000086	1043313	1045601	Amillepora29647	5	0	0	0	0	0	0	0	0	0
Sc0000086	1092409	1101755	Amillepora29649	2	0	0	0	0	0	0	0	0	0
Sc0000086	977955	981132	Amillepora29638	2	0	0	0	0	0	0	0	0	0
Sc0000080	33228	66966	Amillepora29412	43	1	0.023255813953488372	0.023255813953488372	2.3255813953488373	0	15.249857033260453	2.3255813953488373	100	0
Sc0000080	57996	61447	Amillepora29414	4	0	0	0	0	0	0	0	0	0
Sc0000080	25833	27491	Amillepora29411	5	0	0	0	0	0	0	0	0	0
Sc0000080	116733	155952	Amillepora29415	107	4	0.037383177570093455	0.037383177570093455	3.7383177570093458	0	19.05916134318677	1.8425186721067217	100	0
Sc0000080	269653	274521	Amillepora29418	1	1	1	1	100	100	NA	NA	100	100
Sc0000080	367251	379647	Amillepora29423	2	0	0	0	0	0	0	0	0	0
Sc0000080	352671	357666	Amillepora29422	3	0	0	0	0	0	0	0	0	0
Sc0000080	405824	430354	Amillepora29426	19	2	0.10526315789473684	0.10526315789473684	10.526315789473685	0	31.53017676423058	7.233518641434491	100	0
Sc0000080	388458	400117	Amillepora29424	17	0	0	0	0	0	0	0	0	0
Sc0000080	435140	439546	Amillepora29428	1	0	0	0	0	0	NA	NA	0	0
Sc0000080	444726	472223	Amillepora29429	28	1	0.03571428571428571	0.03571428571428571	3.5714285714285716	0	18.898223650461357	3.571428571428571	100	0
Sc0000080	400981	405725	Amillepora29425	5	0	0	0	0	0	0	0	0	0
Sc0000080	432395	434636	Amillepora29427	1	1	1	1	100	100	NA	NA	100	100
Sc0000080	478020	490133	Amillepora29430	12	0	0	0	0	0	0	0	0	0
Sc0000080	492876	517519	Amillepora29431	9	0	0	0	0	0	0	0	0	0
Sc0000080	522735	535235	Amillepora29432	6	1	0.16666666666666666	0.16666666666666666	16.666666666666668	0	40.8248290463863	16.66666666666667	100	0
Sc0000080	537585	552482	Amillepora29433	13	0	0	0	0	0	0	0	0	0
Sc0000080	557383	561714	Amillepora29434	4	0	0	0	0	0	0	0	0	0
Sc0000080	587723	606629	Amillepora29436	8	0	0	0	0	0	0	0	0	0
Sc0000080	563729	584376	Amillepora29435	10	0	0	0	0	0	0	0	0	0
Sc0000080	612065	641493	Amillepora29438	9	0	0	0	0	0	0	0	0	0
Sc0000080	752557	770606	Amillepora29448	17	0	0	0	0	0	0	0	0	0
Sc0000080	728606	738546	Amillepora29445	7	0	0	0	0	0	0	0	0	0
Sc0000080	650561	686085	Amillepora29440	8	0	0	0	0	0	0	0	0	0
Sc0000080	691684	715522	Amillepora29443	6	0	0	0	0	0	0	0	0	0
Sc0000080	725826	727079	Amillepora29444	1	0	0	0	0	0	NA	NA	0	0
Sc0000080	764320	765159	Amillepora29449	1	0	0	0	0	0	NA	NA	0	0
Sc0000080	745200	745863	Amillepora29447	2	0	0	0	0	0	0	0	0	0
Sc0000080	780208	780871	Amillepora29450	1	0	0	0	0	0	NA	NA	0	0
Sc0000080	738747	739624	Amillepora29446	1	0	0	0	0	0	NA	NA	0	0
Sc0000080	783251	800469	Amillepora29451	5	0	0	0	0	0	0	0	0	0
Sc0000080	809095	812326	Amillepora29453	2	0	0	0	0	0	0	0	0	0
Sc0000080	813157	819565	Amillepora29454	3	0	0	0	0	0	0	0	0	0
Sc0000080	896564	929797	Amillepora29463	19	0	0	0	0	0	0	0	0	0
Sc0000080	841563	841865	Amillepora29457	1	0	0	0	0	0	NA	NA	0	0
Sc0000080	851368	863617	Amillepora29458	12	0	0	0	0	0	0	0	0	0
Sc0000080	885072	889885	Amillepora29462	1	0	0	0	0	0	NA	NA	0	0
Sc0000080	930995	935513	Amillepora29464	1	0	0	0	0	0	NA	NA	0	0
Sc0000080	936007	940863	Amillepora29465	1	0	0	0	0	0	NA	NA	0	0
Sc0000080	1025448	1040690	Amillepora29468	8	0	0	0	0	0	0	0	0	0
Sc0000038	6580	19805	Amillepora28049	2	0	0	0	0	0	0	0	0	0
Sc0000038	15950	25516	Amillepora28050	1	0	0	0	0	0	NA	NA	0	0
Sc0000038	157153	160469	Amillepora28061	2	1	0.5	0.5	50	50	70.71067811865476	50	100	0
Sc0000038	130901	135960	Amillepora28059	3	2	0.6666666666666666	0.6666666666666666	66.66666666666667	100	57.73502691896258	33.333333333333336	100	0
Sc0000038	128146	129146	Amillepora28058	1	0	0	0	0	0	NA	NA	0	0
Sc0000038	54223	60056	Amillepora28053	2	1	0.5	0.5	50	50	70.71067811865476	50	100	0
Sc0000038	131380	138297	Amillepora28060	3	2	0.6666666666666666	0.6666666666666666	66.66666666666667	100	57.73502691896258	33.333333333333336	100	0
Sc0000038	187354	192368	Amillepora28063	2	0	0	0	0	0	0	0	0	0
Sc0000038	339387	340510	Amillepora28071	1	0	0	0	0	0	NA	NA	0	0
Sc0000038	325806	331744	Amillepora28070	3	1	0.3333333333333333	0.3333333333333333	33.333333333333336	0	57.735026918962575	33.333333333333336	100	0
Sc0000038	424589	425152	Amillepora28078	1	0	0	0	0	0	NA	NA	0	0
Sc0000038	409710	421566	Amillepora28076	4	0	0	0	0	0	0	0	0	0
Sc0000038	465609	487623	Amillepora28080	15	0	0	0	0	0	0	0	0	0
Sc0000038	387343	390959	Amillepora28073	1	0	0	0	0	0	NA	NA	0	0
Sc0000038	406654	407631	Amillepora28075	1	0	0	0	0	0	NA	NA	0	0
Sc0000038	531026	532309	Amillepora28081	2	1	0.5	0.5	50	50	70.71067811865476	50	100	0
Sc0000038	618209	619194	Amillepora28088	5	0	0	0	0	0	0	0	0	0
Sc0000038	610118	614113	Amillepora28087	1	0	0	0	0	0	NA	NA	0	0
Sc0000038	727037	731557	Amillepora28093	2	0	0	0	0	0	0	0	0	0
Sc0000038	735351	737445	Amillepora28094	1	0	0	0	0	0	NA	NA	0	0
Sc0000038	858141	860126	Amillepora28098	13	2	0.15384615384615385	0.15384615384615385	15.384615384615385	0	37.553380809940535	10.415433852097385	100	0
Sc0000038	876545	891744	Amillepora28100	10	1	0.1	0.1	10	0	31.622776601683793	10	100	0
Sc0000038	943948	961704	Amillepora28105	1	0	0	0	0	0	NA	NA	0	0
Sc0000038	900242	937333	Amillepora28104	3	0	0	0	0	0	0	0	0	0
Sc0000038	892094	897967	Amillepora28103	2	0	0	0	0	0	0	0	0	0
Sc0000038	1041385	1045550	Amillepora28111	1	0	0	0	0	0	NA	NA	0	0
Sc0000038	1005480	1008615	Amillepora28109	2	0	0	0	0	0	0	0	0	0
Sc0000038	1154956	1158567	Amillepora28120	3	0	0	0	0	0	0	0	0	0
Sc0000038	1123221	1144797	Amillepora28117	13	1	0.07692307692307693	0.07692307692307693	7.6923076923076925	0	27.735009811261456	7.6923076923076925	100	0
Sc0000038	1215363	1216806	Amillepora28126	3	0	0	0	0	0	0	0	0	0
Sc0000038	1216990	1222392	Amillepora28127	2	0	0	0	0	0	0	0	0	0
Sc0000038	1210635	1215303	Amillepora28125	6	0	0	0	0	0	0	0	0	0
Sc0000038	1406783	1435145	Amillepora28135	5	0	0	0	0	0	0	0	0	0
Sc0000038	1501035	1506850	Amillepora28138	3	0	0	0	0	0	0	0	0	0
Sc0000038	1510377	1515696	Amillepora28139	4	1	0.25	0.25	25	0	50	25	100	0
Sc0000038	1515746	1545192	Amillepora28140	3	0	0	0	0	0	0	0	0	0
Sc0000038	1564612	1578301	Amillepora28143	3	0	0	0	0	0	0	0	0	0
Sc0000038	1598519	1655168	Amillepora28146	12	1	0.08333333333333333	0.08333333333333333	8.333333333333334	0	28.867513459481305	8.333333333333334	100	0
Sc0000038	1700289	1701743	Amillepora28150	1	0	0	0	0	0	NA	NA	0	0
Sc0000038	1780648	1782915	Amillepora28154	1	0	0	0	0	0	NA	NA	0	0
Sc0000038	1778308	1780635	Amillepora28153	2	0	0	0	0	0	0	0	0	0
Sc0000038	1786151	1786988	Amillepora28155	1	0	0	0	0	0	NA	NA	0	0
Sc0000038	1831685	1843171	Amillepora28157	5	1	0.2	0.2	20	0	44.721359549995796	20	100	0
Sc0000038	1852403	1858777	Amillepora28160	1	0	0	0	0	0	NA	NA	0	0
Sc0000038	1863841	1872721	Amillepora28163	3	1	0.3333333333333333	0.3333333333333333	33.333333333333336	0	57.735026918962575	33.333333333333336	100	0
Sc0000030	45452	47631	Amillepora27883	5	1	0.2	0.2	20	0	44.721359549995796	20	100	0
Sc0000030	30205	31232	Amillepora27882	2	0	0	0	0	0	0	0	0	0
Sc0000030	166630	169390	Amillepora27892	3	0	0	0	0	0	0	0	0	0
Sc0000030	157836	159335	Amillepora27890	1	0	0	0	0	0	NA	NA	0	0
Sc0000030	140437	156161	Amillepora27888	8	2	0.25	0.25	25	0	46.29100498862757	16.366341767699428	100	0
Sc0000030	234758	248073	Amillepora27894	3	0	0	0	0	0	0	0	0	0
Sc0000030	319707	321386	Amillepora27899	1	0	0	0	0	0	NA	NA	0	0
Sc0000030	277114	285763	Amillepora27895	8	1	0.125	0.125	12.5	0	35.35533905932738	12.5	100	0
Sc0000030	379457	380886	Amillepora27901	2	0	0	0	0	0	0	0	0	0
Sc0000030	446385	447293	Amillepora27911	1	0	0	0	0	0	NA	NA	0	0
Sc0000030	428037	436703	Amillepora27906	6	1	0.16666666666666666	0.16666666666666666	16.666666666666668	0	40.8248290463863	16.66666666666667	100	0
Sc0000030	392756	396748	Amillepora27902	1	1	1	1	100	100	NA	NA	100	100
Sc0000030	576765	577626	Amillepora27916	2	0	0	0	0	0	0	0	0	0
Sc0000030	499917	501287	Amillepora27913	4	0	0	0	0	0	0	0	0	0
Sc0000030	646733	653451	Amillepora27920	6	2	0.3333333333333333	0.3333333333333333	33.333333333333336	0	51.63977794943222	21.081851067789195	100	0
Sc0000030	608247	619513	Amillepora27918	8	5	0.625	0.625	62.5	100	51.75491695067657	18.298126367784995	100	0
Sc0000030	620602	637919	Amillepora27919	16	0	0	0	0	0	0	0	0	0
Sc0000030	654739	685296	Amillepora27921	11	3	0.2727272727272727	0.2727272727272727	27.272727272727273	0	46.70993664969137	14.083575804390607	100	0
Sc0000030	596386	597176	Amillepora27917	1	0	0	0	0	0	NA	NA	0	0
Sc0000030	766777	770719	Amillepora27931	1	0	0	0	0	0	NA	NA	0	0
Sc0000030	733112	735255	Amillepora27926	7	0	0	0	0	0	0	0	0	0
Sc0000030	710343	729454	Amillepora27925	11	1	0.09090909090909091	0.08333333333333333	9.090909090909092	0	30.151134457776358	9.09090909090909	100	0
Sc0000030	739363	763589	Amillepora27927	6	2	0.3333333333333333	0.3333333333333333	33.333333333333336	0	51.63977794943222	21.081851067789195	100	0
Sc0000030	772018	773001	Amillepora27933	1	0	0	0	0	0	NA	NA	0	0
Sc0000030	778011	778541	Amillepora27934	1	0	0	0	0	0	NA	NA	0	0
Sc0000030	763961	766217	Amillepora27929	4	0	0	0	0	0	0	0	0	0
Sc0000030	690376	694620	Amillepora27923	7	1	0.14285714285714285	0.14285714285714285	14.285714285714286	0	37.79644730092272	14.285714285714285	100	0
Sc0000030	698515	702871	Amillepora27924	1	1	1	1	100	100	NA	NA	100	100
Sc0000030	767198	774861	Amillepora27932	9	0	0	0	0	0	0	0	0	0
Sc0000030	851483	881823	Amillepora27939	37	1	0.02702702702702703	0.02702702702702703	2.7027027027027026	0	16.439898730535738	2.7027027027027026	100	0
Sc0000030	801026	801637	Amillepora27936	1	0	0	0	0	0	NA	NA	0	0
Sc0000030	804012	847796	Amillepora27937	64	0	0	0	0	0	0	0	0	0
Sc0000030	780936	797857	Amillepora27935	19	4	0.21052631578947367	0.21052631578947367	21.05263157894737	0	41.885390829169545	9.60916767552923	100	0
Sc0000030	911248	913144	Amillepora27942	1	0	0	0	0	0	NA	NA	0	0
Sc0000030	963389	972275	Amillepora27949	2	0	0	0	0	0	0	0	0	0
Sc0000030	913961	919437	Amillepora27943	3	1	0.3333333333333333	0.3333333333333333	33.333333333333336	0	57.735026918962575	33.333333333333336	100	0
Sc0000030	926569	932234	Amillepora27944	2	0	0	0	0	0	0	0	0	0
Sc0000030	942907	947204	Amillepora27945	1	0	0	0	0	0	NA	NA	0	0
Sc0000030	954216	963169	Amillepora27948	2	0	0	0	0	0	0	0	0	0
Sc0000030	883109	895201	Amillepora27941	2	0	0	0	0	0	0	0	0	0
Sc0000030	1038461	1045880	Amillepora27955	1	0	0	0	0	0	NA	NA	0	0
Sc0000030	1052934	1057800	Amillepora27956	5	0	0	0	0	0	0	0	0	0
Sc0000030	1002802	1014328	Amillepora27953	1	0	0	0	0	0	NA	NA	0	0
Sc0000030	975688	979995	Amillepora27950	1	0	0	0	0	0	NA	NA	0	0
Sc0000030	1087066	1096857	Amillepora27960	1	0	0	0	0	0	NA	NA	0	0
Sc0000030	1184824	1188470	Amillepora27970	4	0	0	0	0	0	0	0	0	0
Sc0000030	1124110	1129653	Amillepora27964	1	0	0	0	0	0	NA	NA	0	0
Sc0000030	1100341	1102734	Amillepora27961	2	0	0	0	0	0	0	0	0	0
Sc0000030	1237982	1240991	Amillepora27973	2	0	0	0	0	0	0	0	0	0
Sc0000030	1414800	1416094	Amillepora27989	1	0	0	0	0	0	NA	NA	0	0
Sc0000030	1220325	1233978	Amillepora27972	1	0	0	0	0	0	NA	NA	0	0
Sc0000030	1385154	1394289	Amillepora27987	1	0	0	0	0	0	NA	NA	0	0
Sc0000030	1245730	1246416	Amillepora27974	1	0	0	0	0	0	NA	NA	0	0
Sc0000030	1551224	1560849	Amillepora28030	12	1	0.08333333333333333	0.08333333333333333	8.333333333333334	0	28.867513459481295	8.333333333333334	100	0
Sc0000030	1511116	1518806	Amillepora27994	3	0	0	0	0	0	0	0	0	0
Sc0000030	1541466	1550672	Amillepora28029	4	0	0	0	0	0	0	0	0	0
Sc0000030	1519901	1536395	Amillepora27995	11	0	0	0	0	0	0	0	0	0
Sc0000030	1458482	1505570	Amillepora27993	30	6	0.2	0.2	20	0	40.68381021724862	7.4278135270820735	100	0
Sc0000030	1445287	1447656	Amillepora27991	1	0	0	0	0	0	NA	NA	0	0
Sc0000030	1448988	1455769	Amillepora27992	3	1	0.3333333333333333	0.3333333333333333	33.333333333333336	0	57.735026918962575	33.333333333333336	100	0
Sc0000030	1617432	1629897	Amillepora28032	22	1	0.045454545454545456	0.045454545454545456	4.545454545454546	0	21.320071635561042	4.545454545454545	100	0
Sc0000030	1561765	1592831	Amillepora28031	63	2	0.031746031746031744	0.03125	3.1746031746031744	0	17.673143177130214	2.226606749120215	100	0
Sc0000030	1872710	1876885	Amillepora28036	1	0	0	0	0	0	NA	NA	0	0
Sc0000030	1933249	1937156	Amillepora28041	2	0	0	0	0	0	0	0	0	0
Sc0000030	1993872	2014579	Amillepora28046	19	2	0.10526315789473684	0.10526315789473684	10.526315789473685	0	31.530176764230582	7.233518641434491	100	0
Sc0000030	1916717	1921281	Amillepora28038	1	0	0	0	0	0	NA	NA	0	0
Sc0000030	1967009	1975614	Amillepora28044	3	2	0.6666666666666666	0.6666666666666666	66.66666666666667	100	57.735026918962575	33.333333333333336	100	0
Sc0000030	1923709	1924675	Amillepora28040	1	1	1	1	100	100	NA	NA	100	100
Sc0000030	1923498	1926290	Amillepora28039	6	1	0.16666666666666666	0.16666666666666666	16.666666666666668	0	40.8248290463863	16.66666666666667	100	0
Sc0000030	1974489	1993686	Amillepora28045	4	4	1	1	100	100	0	0	100	100
Sc0000015	135754	143513	Amillepora27584	1	0	0	0	0	0	NA	NA	0	0
Sc0000015	127316	128632	Amillepora27583	3	2	0.6666666666666666	0.6666666666666666	66.66666666666667	100	57.735026918962575	33.333333333333336	100	0
Sc0000015	268150	273299	Amillepora27595	5	0	0	0	0	0	0	0	0	0
Sc0000015	253669	260036	Amillepora27592	3	0	0	0	0	0	0	0	0	0
Sc0000015	244237	252689	Amillepora27591	5	0	0	0	0	0	0	0	0	0
Sc0000015	359337	377626	Amillepora27602	5	1	0.2	0.2	20	0	44.721359549995796	20	100	0
Sc0000015	325952	331205	Amillepora27598	1	0	0	0	0	0	NA	NA	0	0
Sc0000015	331212	336469	Amillepora27599	1	0	0	0	0	0	NA	NA	0	0
Sc0000015	433511	436464	Amillepora27607	5	0	0	0	0	0	0	0	0	0
Sc0000015	402371	413812	Amillepora27605	8	0	0	0	0	0	0	0	0	0
Sc0000015	522161	525867	Amillepora27613	1	0	0	0	0	0	NA	NA	0	0
Sc0000015	508283	513866	Amillepora27611	5	1	0.2	0.2	20	0	44.721359549995796	20	100	0
Sc0000015	536893	555784	Amillepora27614	8	0	0	0	0	0	0	0	0	0
Sc0000015	483994	494721	Amillepora27609	4	0	0	0	0	0	0	0	0	0
Sc0000015	571207	574392	Amillepora27615	1	0	0	0	0	0	NA	NA	0	0
Sc0000015	595670	607741	Amillepora27618	8	0	0	0	0	0	0	0	0	0
Sc0000015	659875	668980	Amillepora27620	4	0	0	0	0	0	0	0	0	0
Sc0000015	672604	680144	Amillepora27621	9	1	0.1111111111111111	0.1111111111111111	11.11111111111111	0	33.333333333333336	11.111111111111112	100	0
Sc0000015	587929	590017	Amillepora27617	1	0	0	0	0	0	NA	NA	0	0
Sc0000015	631820	649934	Amillepora27619	11	1	0.09090909090909091	0.09090909090909091	9.090909090909092	0	30.151134457776358	9.09090909090909	100	0
Sc0000015	731169	732906	Amillepora27624	1	0	0	0	0	0	NA	NA	0	0
Sc0000015	696487	703661	Amillepora27623	4	0	0	0	0	0	0	0	0	0
Sc0000015	834708	836894	Amillepora27630	1	0	0	0	0	0	NA	NA	0	0
Sc0000015	868208	888392	Amillepora27634	11	0	0	0	0	0	0	0	0	0
Sc0000015	938518	941182	Amillepora27642	1	0	0	0	0	0	NA	NA	0	0
Sc0000015	944720	946165	Amillepora27643	2	0	0	0	0	0	0	0	0	0
Sc0000015	902456	903481	Amillepora27635	1	0	0	0	0	0	NA	NA	0	0
Sc0000015	903484	912834	Amillepora27636	3	0	0	0	0	0	0	0	0	0
Sc0000015	924100	926254	Amillepora27641	1	1	1	1	100	100	NA	NA	100	100
Sc0000015	1064143	1076137	Amillepora27656	2	0	0	0	0	0	0	0	0	0
Sc0000015	1028850	1030009	Amillepora27654	2	0	0	0	0	0	0	0	0	0
Sc0000015	1039754	1055264	Amillepora27655	1	0	0	0	0	0	NA	NA	0	0
Sc0000015	1080292	1083181	Amillepora27658	2	0	0	0	0	0	0	0	0	0
Sc0000015	989225	993693	Amillepora27648	2	0	0	0	0	0	0	0	0	0
Sc0000015	1103284	1148449	Amillepora27662	24	2	0.08333333333333333	0.08	8.333333333333334	0	28.232985128664	5.763033956734373	100	0
Sc0000015	1087404	1089039	Amillepora27659	1	0	0	0	0	0	NA	NA	0	0
Sc0000015	1092620	1094874	Amillepora27661	6	0	0	0	0	0	0	0	0	0
Sc0000015	1159291	1160805	Amillepora27664	1	0	0	0	0	0	NA	NA	0	0
Sc0000015	1150631	1152505	Amillepora27663	5	0	0	0	0	0	0	0	0	0
Sc0000015	1089045	1091874	Amillepora27660	2	0	0	0	0	0	0	0	0	0
Sc0000015	1242045	1243778	Amillepora27670	1	0	0	0	0	0	NA	NA	0	0
Sc0000015	1223101	1225115	Amillepora27667	7	0	0	0	0	0	0	0	0	0
Sc0000015	1234515	1237139	Amillepora27669	10	3	0.3	0.2727272727272727	25	0	42.49182927993987	13.437096247164249	100	0
Sc0000015	1378524	1379420	Amillepora27678	2	0	0	0	0	0	0	0	0	0
Sc0000015	1328281	1329764	Amillepora27676	2	0	0	0	0	0	0	0	0	0
Sc0000015	1414151	1415668	Amillepora27682	1	0	0	0	0	0	NA	NA	0	0
Sc0000015	1439219	1442042	Amillepora27683	2	1	0.5	0.5	50	50	70.71067811865476	50	100	0
Sc0000015	1537389	1538912	Amillepora27691	2	0	0	0	0	0	0	0	0	0
Sc0000015	1525307	1530740	Amillepora27689	1	0	0	0	0	0	NA	NA	0	0
Sc0000015	1552610	1594056	Amillepora27692	17	3	0.17647058823529413	0.17647058823529413	17.647058823529413	0	39.29526239966879	9.530501027070382	100	0
Sc0000015	1665355	1672865	Amillepora27698	2	1	0.5	0.5	50	50	70.71067811865476	50	100	0
Sc0000015	1641739	1642170	Amillepora27695	2	0	0	0	0	0	0	0	0	0
Sc0000015	1560703	1579088	Amillepora27693	3	2	0.6666666666666666	0.6666666666666666	66.66666666666667	100	57.73502691896258	33.333333333333336	100	0
Sc0000015	1759077	1759610	Amillepora27706	1	0	0	0	0	0	NA	NA	0	0
Sc0000015	1843359	1847902	Amillepora27714	3	1	0.3333333333333333	0.3333333333333333	33.333333333333336	0	57.735026918962575	33.333333333333336	100	0
Sc0000015	1875202	1879747	Amillepora27717	3	1	0.3333333333333333	0.3333333333333333	33.333333333333336	0	57.735026918962575	33.333333333333336	100	0
Sc0000015	1808873	1817606	Amillepora27710	3	0	0	0	0	0	0	0	0	0
Sc0000015	1788080	1793529	Amillepora27709	1	0	0	0	0	0	NA	NA	0	0
Sc0000015	1825078	1829918	Amillepora27713	1	0	0	0	0	0	NA	NA	0	0
Sc0000015	1955207	1963914	Amillepora27723	6	0	0	0	0	0	0	0	0	0
Sc0000015	1969750	1984655	Amillepora27724	12	0	0	0	0	0	0	0	0	0
Sc0000015	1917994	1932279	Amillepora27720	10	0	0	0	0	0	0	0	0	0
Sc0000015	1902215	1902697	Amillepora27719	1	0	0	0	0	0	NA	NA	0	0
Sc0000015	1931690	1936419	Amillepora27721	2	0	0	0	0	0	0	0	0	0
Sc0000015	1992120	2012083	Amillepora27725	24	0	0	0	0	0	0	0	0	0
Sc0000015	2022370	2027765	Amillepora27728	7	3	0.42857142857142855	0.42857142857142855	42.857142857142854	0	53.45224838248488	20.203050891044217	100	0
Sc0000015	2014080	2014603	Amillepora27726	1	0	0	0	0	0	NA	NA	0	0
Sc0000015	2014660	2016046	Amillepora27727	2	0	0	0	0	0	0	0	0	0
Sc0000015	2137352	2137618	Amillepora27735	1	1	1	1	100	100	NA	NA	100	100
Sc0000015	2115889	2122705	Amillepora27734	3	3	1	1	100	100	0	0	100	100
Sc0000015	2113726	2114412	Amillepora27732	7	5	0.7142857142857143	0.7142857142857143	71.42857142857143	100	48.79500364742666	18.442777839082936	100	0
Sc0000015	2110594	2112886	Amillepora27730	4	4	1	1	100	100	0	0	100	100
Sc0000015	2268191	2271823	Amillepora27747	5	3	0.6	0.6	60	100	54.772255750516614	24.49489742783178	100	0
Sc0000015	2259785	2261005	Amillepora27745	4	1	0.25	0.25	25	0	50	25	100	0
Sc0000015	2201080	2202537	Amillepora27739	5	3	0.6	0.6	60	100	54.772255750516614	24.49489742783178	100	0
Sc0000015	2312818	2313890	Amillepora27750	1	0	0	0	0	0	NA	NA	0	0
Sc0000015	2295830	2312381	Amillepora27748	7	4	0.5714285714285714	0.5714285714285714	57.142857142857146	100	53.45224838248488	20.203050891044217	100	0
Sc0000015	2532420	2534032	Amillepora27759	1	1	1	1	100	100	NA	NA	100	100
Sc0000015	2539702	2541972	Amillepora27760	5	1	0.2	0.2	20	0	44.721359549995796	20	100	0
Sc0000015	2516068	2525848	Amillepora27758	4	1	0.25	0.25	25	0	50	25	100	0
Sc0000015	2427306	2507611	Amillepora27755	53	15	0.2830188679245283	0.2830188679245283	28.30188679245283	0	45.4776297102637	6.246832864051479	100	0
Sc0000015	2561066	2562840	Amillepora27762	1	0	0	0	0	0	NA	NA	0	0
Sc0000015	2556948	2560411	Amillepora27761	4	1	0.25	0.25	25	0	50	25	100	0
Sc0000015	2513870	2514867	Amillepora27757	1	0	0	0	0	0	NA	NA	0	0
Sc0000015	2581724	2615633	Amillepora27766	16	2	0.125	0.125	12.5	0	34.15650255319866	8.539125638299666	100	0
Sc0000015	2628647	2629003	Amillepora27768	1	0	0	0	0	0	NA	NA	0	0
Sc0000015	2706085	2712831	Amillepora27778	2	0	0	0	0	0	0	0	0	0
Sc0000015	2660559	2670564	Amillepora27770	13	0	0	0	0	0	0	0	0	0
Sc0000015	2577393	2581637	Amillepora27765	1	1	1	1	100	100	NA	NA	100	100
Sc0000050	36448	37905	Amillepora28176	1	1	1	1	100	100	NA	NA	100	100
Sc0000050	49578	54797	Amillepora28178	16	5	0.3125	0.3125	31.25	0	47.871355387816905	11.967838846954226	100	0
Sc0000050	79537	82950	Amillepora28182	10	5	0.5	0.5	50	50	52.70462766947299	16.666666666666668	100	0
Sc0000050	79299	81661	Amillepora28181	6	3	0.5	0.5	50	50	54.772255750516614	22.3606797749979	100	0
Sc0000050	72484	74406	Amillepora28179	3	2	0.6666666666666666	0.6666666666666666	66.66666666666667	100	57.73502691896258	33.333333333333336	100	0
Sc0000050	5827	10772	Amillepora28172	4	0	0	0	0	0	0	0	0	0
Sc0000050	18335	24427	Amillepora28174	25	5	0.2	0.2	20	0	40.824829046386306	8.16496580927726	100	0
Sc0000050	74465	75520	Amillepora28180	1	0	0	0	0	0	NA	NA	0	0
Sc0000050	11996	12712	Amillepora28173	6	4	0.6666666666666666	0.6666666666666666	66.66666666666667	100	51.63977794943223	21.081851067789195	100	0
Sc0000050	40694	47718	Amillepora28177	5	1	0.2	0.2	20	0	44.721359549995796	20	100	0
Sc0000050	170472	180311	Amillepora28193	26	10	0.38461538461538464	0.37037037037037035	38.46153846153846	0	49.61389383568338	9.7300851082104	100	0
Sc0000050	158088	165461	Amillepora28192	16	9	0.5625	0.5625	56.25	100	51.234753829797995	12.808688457449499	100	0
Sc0000050	94578	99490	Amillepora28184	10	6	0.6	0.6	60	100	51.63977794943222	16.329931618554518	100	0
Sc0000050	134975	156491	Amillepora28190	36	16	0.4444444444444444	0.4444444444444444	44.44444444444444	0	50.39526306789696	8.399210511316161	100	0
Sc0000050	100139	110584	Amillepora28186	23	10	0.43478260869565216	0.43478260869565216	43.47826086956522	0	50.68698018697018	10.568965974008648	100	0
Sc0000050	92581	94359	Amillepora28183	4	0	0	0	0	0	0	0	0	0
Sc0000050	125800	131409	Amillepora28189	14	2	0.14285714285714285	0.2	14.285714285714286	0	36.313651960128155	9.705231721239393	100	0
Sc0000050	99531	100133	Amillepora28185	2	1	0.5	0.5	50	50	70.71067811865476	50	100	0
Sc0000050	180191	181252	Amillepora28194	2	1	0.5	0.5	50	50	70.71067811865476	50	100	0
Sc0000050	111497	117461	Amillepora28187	1	1	1	1	100	100	NA	NA	100	100
Sc0000050	156903	157268	Amillepora28191	2	1	0.5	0.5	50	50	70.71067811865476	50	100	0
Sc0000050	258452	261706	Amillepora28204	1	0	0	0	0	0	NA	NA	0	0
Sc0000050	187947	195861	Amillepora28197	17	6	0.35294117647058826	0.35294117647058826	35.294117647058826	0	49.2592183071889	11.947115300935236	100	0
Sc0000050	248327	249626	Amillepora28202	3	1	0.3333333333333333	0.3333333333333333	33.333333333333336	0	57.735026918962575	33.333333333333336	100	0
Sc0000050	232290	238097	Amillepora28201	15	8	0.5333333333333333	0.5333333333333333	53.333333333333336	100	51.63977794943222	13.333333333333332	100	0
Sc0000050	251139	257947	Amillepora28203	5	1	0.2	0.2	20	0	44.721359549995796	20	100	0
Sc0000050	269518	270246	Amillepora28207	1	0	0	0	0	0	NA	NA	0	0
Sc0000050	222319	225778	Amillepora28200	1	0	0	0	0	0	NA	NA	0	0
Sc0000050	220813	222021	Amillepora28199	1	1	1	1	100	100	NA	NA	100	100
Sc0000050	263988	264491	Amillepora28206	1	0	0	0	0	0	NA	NA	0	0
Sc0000050	356753	361671	Amillepora28219	18	9	0.5	0.5	50	50	51.44957554275265	12.126781251816649	100	0
Sc0000050	352144	353319	Amillepora28217	5	1	0.2	0.2	20	0	44.721359549995796	20	100	0
Sc0000050	282682	283536	Amillepora28209	2	1	0.5	0.5	50	50	70.71067811865476	50	100	0
Sc0000050	310333	328089	Amillepora28212	41	22	0.5365853658536586	0.5365853658536586	53.65853658536585	100	50.48544827774511	7.884502378168105	100	0
Sc0000050	361773	363903	Amillepora28220	1	1	1	1	100	100	NA	NA	100	100
Sc0000050	355712	356713	Amillepora28218	7	4	0.5714285714285714	0.5714285714285714	57.142857142857146	100	53.452248382484875	20.203050891044217	100	0
Sc0000050	299425	308048	Amillepora28211	18	3	0.16666666666666666	0.16666666666666666	16.666666666666668	0	38.34824944236852	9.03876907577734	100	0
Sc0000050	285727	298998	Amillepora28210	7	6	0.8571428571428571	0.8571428571428571	85.71428571428571	100	37.79644730092272	14.285714285714285	100	0
Sc0000050	275650	277674	Amillepora28208	3	1	0.3333333333333333	0.3333333333333333	33.333333333333336	0	57.735026918962575	33.333333333333336	100	0
Sc0000050	341881	345088	Amillepora28216	1	1	1	1	100	100	NA	NA	100	100
Sc0000050	337317	339377	Amillepora28214	2	0	0	0	0	0	0	0	0	0
Sc0000050	381654	382604	Amillepora28222	4	1	0.25	0.25	25	0	50	25	100	0
Sc0000050	466038	471116	Amillepora28237	5	1	0.2	0.2	20	0	44.721359549995796	20	100	0
Sc0000050	425977	427214	Amillepora28228	2	1	0.5	0.5	50	50	70.71067811865476	50	100	0
Sc0000050	425049	425399	Amillepora28227	1	0	0	0	0	0	NA	NA	0	0
Sc0000050	474885	475928	Amillepora28239	1	0	0	0	0	0	NA	NA	0	0
Sc0000050	455224	455550	Amillepora28236	3	2	0.6666666666666666	0.6666666666666666	66.66666666666667	100	57.73502691896258	33.333333333333336	100	0
Sc0000050	446830	447543	Amillepora28232	1	1	1	1	100	100	NA	NA	100	100
Sc0000050	443513	445530	Amillepora28231	2	1	0.5	0.5	50	50	70.71067811865476	50	100	0
Sc0000050	427878	431935	Amillepora28229	5	2	0.4	0.4	40	0	54.772255750516614	24.49489742783178	100	0
Sc0000050	410148	411252	Amillepora28226	6	4	0.6666666666666666	0.6666666666666666	66.66666666666667	100	51.63977794943223	21.081851067789195	100	0
Sc0000050	450814	451689	Amillepora28233	1	1	1	1	100	100	NA	NA	100	100
Sc0000050	431990	432565	Amillepora28230	1	1	1	1	100	100	NA	NA	100	100
Sc0000050	543389	548534	Amillepora28243	1	1	1	1	100	100	NA	NA	100	100
Sc0000050	477079	498286	Amillepora28240	31	14	0.45161290322580644	0.46875	45.16129032258065	0	50.58794110206737	9.085862440549509	100	0
Sc0000050	538139	540913	Amillepora28242	4	3	0.75	0.75	75	100	50	25	100	0
Sc0000050	543719	553626	Amillepora28244	5	1	0.2	0.2	20	0	44.721359549995796	20	100	0
Sc0000050	652579	653010	Amillepora28256	1	0	0	0	0	0	NA	NA	0	0
Sc0000050	603690	607595	Amillepora28251	7	2	0.2857142857142857	0.2857142857142857	28.571428571428573	0	48.79500364742666	18.442777839082936	100	0
Sc0000050	561606	569989	Amillepora28246	4	2	0.5	0.5	50	50	57.735026918962575	28.867513459481287	100	0
Sc0000050	600070	600693	Amillepora28250	3	3	1	1	100	100	0	0	100	100
Sc0000050	610561	613080	Amillepora28253	9	4	0.4444444444444444	0.4444444444444444	44.44444444444444	0	52.70462766947299	17.568209223157663	100	0
Sc0000050	553722	561026	Amillepora28245	11	1	0.09090909090909091	0.09090909090909091	9.090909090909092	0	30.151134457776354	9.09090909090909	100	0
Sc0000050	653030	657393	Amillepora28257	1	0	0	0	0	0	NA	NA	0	0
Sc0000050	582631	589757	Amillepora28248	6	5	0.8333333333333334	0.8333333333333334	83.33333333333333	100	40.824829046386306	16.66666666666667	100	0
Sc0000050	610350	611414	Amillepora28252	3	1	0.3333333333333333	0.3333333333333333	33.333333333333336	0	57.735026918962575	33.333333333333336	100	0
Sc0000050	594988	597709	Amillepora28249	5	2	0.4	0.4	40	0	54.772255750516614	24.49489742783178	100	0
Sc0000050	691294	692490	Amillepora28260	2	0	0	0	0	0	0	0	0	0
Sc0000050	699475	704660	Amillepora28262	4	3	0.75	0.75	75	100	50	25	100	0
Sc0000050	676533	690257	Amillepora28259	18	11	0.6111111111111112	0.6111111111111112	61.111111111111114	100	50.163132570455026	11.823563735376174	100	0
Sc0000050	729110	732139	Amillepora28267	1	0	0	0	0	0	NA	NA	0	0
Sc0000050	697293	699269	Amillepora28261	10	9	0.9	0.9	90	100	31.622776601683793	10	100	0
Sc0000050	704875	709199	Amillepora28263	5	1	0.2	0.2	20	0	44.721359549995796	20	100	0
Sc0000050	836013	839500	Amillepora28294	3	3	1	1	100	100	0	0	100	100
Sc0000050	874960	875854	Amillepora28296	1	1	1	1	100	100	NA	NA	100	100
Sc0000050	840144	849880	Amillepora28295	1	1	1	1	100	100	NA	NA	100	100
Sc0000050	904072	908085	Amillepora28301	1	0	0	0	0	0	NA	NA	0	0
Sc0000050	886564	889983	Amillepora28298	3	3	1	1	100	100	0	0	100	100
Sc0000050	903073	903660	Amillepora28300	1	0	0	0	0	0	NA	NA	0	0
Sc0000050	966833	976502	Amillepora28304	22	6	0.2727272727272727	0.2727272727272727	27.272727272727273	0	45.58423058385518	9.71859061499725	100	0
Sc0000050	891558	900244	Amillepora28299	5	3	0.6	0.6	60	100	54.772255750516614	24.49489742783178	100	0
Sc0000050	946772	955396	Amillepora28303	6	1	0.16666666666666666	0.16666666666666666	16.666666666666668	0	40.8248290463863	16.66666666666667	100	0
Sc0000050	936554	944139	Amillepora28302	2	0	0	0	0	0	0	0	0	0
Sc0000050	976605	980748	Amillepora28305	10	6	0.6	0.6	60	100	51.63977794943222	16.329931618554518	100	0
Sc0000050	989128	990045	Amillepora28307	3	1	0.3333333333333333	0.3333333333333333	33.333333333333336	0	57.735026918962575	33.333333333333336	100	0
Sc0000050	1044067	1045325	Amillepora28313	3	2	0.6666666666666666	0.6666666666666666	66.66666666666667	100	57.735026918962575	33.333333333333336	100	0
Sc0000050	1074241	1074899	Amillepora28317	1	0	0	0	0	0	NA	NA	0	0
Sc0000050	1061252	1066678	Amillepora28315	7	4	0.5714285714285714	0.5714285714285714	57.142857142857146	100	53.45224838248488	20.203050891044217	100	0
Sc0000050	1068515	1072220	Amillepora28316	5	4	0.8	0.8	80	100	44.721359549995796	20	100	0
Sc0000050	1036648	1037766	Amillepora28311	3	3	1	1	100	100	0	0	100	100
Sc0000050	1041948	1043371	Amillepora28312	3	2	0.6666666666666666	0.6666666666666666	66.66666666666667	100	57.73502691896258	33.333333333333336	100	0
Sc0000050	986183	987319	Amillepora28306	5	2	0.4	0.4	40	0	54.772255750516614	24.49489742783178	100	0
Sc0000050	1052168	1054700	Amillepora28314	5	3	0.6	0.6	60	100	54.772255750516614	24.49489742783178	100	0
Sc0000050	1033807	1036730	Amillepora28310	5	1	0.2	0.2	20	0	44.721359549995796	20	100	0
Sc0000050	1019100	1029172	Amillepora28309	3	1	0.3333333333333333	0.3333333333333333	33.333333333333336	0	57.735026918962575	33.333333333333336	100	0
Sc0000050	1010356	1013398	Amillepora28308	4	3	0.75	0.75	75	100	50	25	100	0
Sc0000050	1098089	1104860	Amillepora28322	2	1	0.5	0.5	50	50	70.71067811865476	50	100	0
Sc0000050	1153122	1164607	Amillepora28326	5	2	0.4	0.4	40	0	54.772255750516614	24.49489742783178	100	0
Sc0000050	1104919	1106789	Amillepora28323	3	0	0	0	0	0	0	0	0	0
Sc0000050	1092440	1097669	Amillepora28320	3	1	0.3333333333333333	0.3333333333333333	33.333333333333336	0	57.735026918962575	33.333333333333336	100	0
Sc0000050	1257725	1266351	Amillepora28332	5	0	0	0	0	0	0	0	0	0
Sc0000050	1197458	1205866	Amillepora28329	4	3	0.75	0.75	75	100	50	25	100	0
Sc0000050	1246745	1252581	Amillepora28331	2	0	0	0	0	0	0	0	0	0
Sc0000050	1297231	1300583	Amillepora28334	6	4	0.6666666666666666	0.6666666666666666	66.66666666666667	100	51.63977794943223	21.081851067789195	100	0
Sc0000050	1335876	1341227	Amillepora28339	1	1	1	1	100	100	NA	NA	100	100
Sc0000050	1279278	1283454	Amillepora28333	7	5	0.7142857142857143	0.7142857142857143	71.42857142857143	100	48.79500364742666	18.442777839082936	100	0
Sc0000050	1323720	1325167	Amillepora28335	3	1	0.3333333333333333	0.3333333333333333	33.333333333333336	0	57.735026918962575	33.333333333333336	100	0
Sc0000050	1368025	1369282	Amillepora28345	3	1	0.3333333333333333	0.3333333333333333	33.333333333333336	0	57.735026918962575	33.333333333333336	100	0
Sc0000050	1352233	1366839	Amillepora28341	6	5	0.8333333333333334	0.8333333333333334	83.33333333333333	100	40.824829046386306	16.66666666666667	100	0
Sc0000050	1484585	1486630	Amillepora28352	1	0	0	0	0	0	NA	NA	0	0
Sc0000050	1340811	1341872	Amillepora28340	1	0	0	0	0	0	NA	NA	0	0
Sc0000050	1632405	1636349	Amillepora28366	1	0	0	0	0	0	NA	NA	0	0
Sc0000050	1603857	1614956	Amillepora28365	8	6	0.75	0.75	75	100	46.29100498862757	16.366341767699428	100	0
Sc0000050	1580126	1581732	Amillepora28364	1	1	1	1	100	100	NA	NA	100	100
Sc0000050	1575960	1576562	Amillepora28361	1	1	1	1	100	100	NA	NA	100	100
Sc0000050	1578860	1579336	Amillepora28363	1	0	0	0	0	0	NA	NA	0	0
Sc0000050	1573915	1575669	Amillepora28360	2	0	0	0	0	0	0	0	0	0
Sc0000050	1489754	1510488	Amillepora28353	11	5	0.45454545454545453	0.45454545454545453	45.45454545454545	0	52.22329678670935	15.745916432444341	100	0
Sc0000050	1515072	1515527	Amillepora28354	2	0	0	0	0	0	0	0	0	0
Sc0000050	1679040	1681373	Amillepora28368	1	0	0	0	0	0	NA	NA	0	0
Sc0000050	1576572	1578129	Amillepora28362	7	3	0.42857142857142855	0.42857142857142855	42.857142857142854	0	53.452248382484875	20.203050891044217	100	0
Sc0000050	1569606	1573666	Amillepora28358	3	1	0.3333333333333333	0.3333333333333333	33.333333333333336	0	57.735026918962575	33.333333333333336	100	0
Sc0000055	23106	27870	Amillepora28369	4	0	0	0	0	0	0	0	0	0
Sc0000055	76350	86950	Amillepora28371	6	0	0	0	0	0	0	0	0	0
Sc0000055	143823	145454	Amillepora28379	2	1	0.5	0.5	50	50	70.71067811865476	50	100	0
Sc0000055	115961	118488	Amillepora28375	1	1	1	1	100	100	NA	NA	100	100
Sc0000055	108630	110316	Amillepora28374	4	0	0	0	0	0	0	0	0	0
Sc0000055	127119	128569	Amillepora28377	2	0	0	0	0	0	0	0	0	0
Sc0000055	103781	106082	Amillepora28373	1	0	0	0	0	0	NA	NA	0	0
Sc0000055	200979	202574	Amillepora28382	3	0	0	0	0	0	0	0	0	0
Sc0000055	328853	333212	Amillepora28395	1	1	1	1	100	100	NA	NA	100	100
Sc0000055	292022	293907	Amillepora28391	4	3	0.75	0.75	75	100	50	25	100	0
Sc0000055	456748	459048	Amillepora28403	7	7	1	1	100	100	0	0	100	100
Sc0000055	398299	400104	Amillepora28399	1	1	1	1	100	100	NA	NA	100	100
Sc0000055	489293	489595	Amillepora28406	2	1	0.5	0.5	50	50	70.71067811865476	50	100	0
Sc0000055	476818	485780	Amillepora28404	11	7	0.6363636363636364	0.6363636363636364	63.63636363636363	100	50.4524979109513	15.212000482437738	100	0
Sc0000055	402410	404339	Amillepora28400	2	1	0.5	0.5	50	50	70.71067811865476	50	100	0
Sc0000055	572496	575423	Amillepora28413	1	1	1	1	100	100	NA	NA	100	100
Sc0000055	540479	544804	Amillepora28410	1	0	0	0	0	0	NA	NA	0	0
Sc0000055	729318	741792	Amillepora28420	24	1	0.041666666666666664	0.041666666666666664	4.166666666666667	0	20.412414523193153	4.166666666666668	100	0
Sc0000055	746631	755887	Amillepora28422	2	0	0	0	0	0	0	0	0	0
Sc0000055	703547	714396	Amillepora28417	6	3	0.5	0.5	50	50	54.772255750516614	22.3606797749979	100	0
Sc0000055	717748	718473	Amillepora28419	1	0	0	0	0	0	NA	NA	0	0
Sc0000055	692410	703456	Amillepora28416	3	0	0	0	0	0	0	0	0	0
Sc0000055	750643	761862	Amillepora28423	3	0	0	0	0	0	0	0	0	0
Sc0000055	761903	762238	Amillepora28424	1	0	0	0	0	0	NA	NA	0	0
Sc0000055	806538	809116	Amillepora28430	1	0	0	0	0	0	NA	NA	0	0
Sc0000055	850537	851589	Amillepora28434	2	0	0	0	0	0	0	0	0	0
Sc0000055	794322	802961	Amillepora28429	1	0	0	0	0	0	NA	NA	0	0
Sc0000055	856079	881213	Amillepora28435	9	0	0	0	0	0	0	0	0	0
Sc0000055	763790	777095	Amillepora28425	12	0	0	0	0	0	0	0	0	0
Sc0000055	861663	863627	Amillepora28436	1	0	0	0	0	0	NA	NA	0	0
Sc0000055	777345	790403	Amillepora28426	1	0	0	0	0	0	NA	NA	0	0
Sc0000055	863655	886777	Amillepora28437	5	0	0	0	0	0	0	0	0	0
Sc0000055	792137	801297	Amillepora28428	4	0	0	0	0	0	0	0	0	0
Sc0000055	790471	792012	Amillepora28427	1	0	0	0	0	0	NA	NA	0	0
Sc0000055	1024708	1025755	Amillepora28449	1	0	0	0	0	0	NA	NA	0	0
Sc0000055	1010434	1018269	Amillepora28447	1	1	1	1	100	100	NA	NA	100	100
Sc0000055	1032631	1044364	Amillepora28451	1	0	0	0	0	0	NA	NA	0	0
Sc0000055	985452	996154	Amillepora28445	2	1	0.5	0.5	50	50	70.71067811865476	50	100	0
Sc0000055	1110909	1111955	Amillepora28453	1	0	0	0	0	0	NA	NA	0	0
Sc0000055	1142073	1147618	Amillepora28457	1	0	0	0	0	0	NA	NA	0	0
Sc0000055	1246176	1265324	Amillepora28460	2	0	0	0	0	0	0	0	0	0
Sc0000055	1208324	1212257	Amillepora28459	2	0	0	0	0	0	0	0	0	0
Sc0000055	1262091	1286520	Amillepora28463	5	0	0	0	0	0	0	0	0	0
Sc0000055	1325144	1335599	Amillepora28467	1	0	0	0	0	0	NA	NA	0	0
Sc0000055	1614187	1621827	Amillepora28478	1	0	0	0	0	0	NA	NA	0	0
Sc0000066	73152	86731	Amillepora28792	16	0	0	0	0	0	0	0	0	0
Sc0000066	54740	66938	Amillepora28791	18	1	0.05555555555555555	0.05555555555555555	5.555555555555555	0	23.570226039551574	5.555555555555556	100	0
Sc0000066	42348	52929	Amillepora28790	32	0	0	0	0	0	0	0	0	0
Sc0000066	107501	113852	Amillepora28794	5	0	0	0	0	0	0	0	0	0
Sc0000066	141752	156323	Amillepora28798	20	0	0	0	0	0	0	0	0	0
Sc0000066	132029	137291	Amillepora28797	1	0	0	0	0	0	NA	NA	0	0
Sc0000066	159703	187347	Amillepora28799	32	2	0.0625	0.0625	6.25	0	24.593468841898236	4.3475521477515775	100	0
Sc0000066	215410	221021	Amillepora28809	5	2	0.4	0.4	40	0	54.772255750516614	24.49489742783178	100	0
Sc0000066	206745	209338	Amillepora28807	3	1	0.3333333333333333	0.3333333333333333	33.333333333333336	0	57.735026918962575	33.333333333333336	100	0
Sc0000066	246824	259561	Amillepora28811	11	3	0.2727272727272727	0.2727272727272727	27.272727272727273	0	46.70993664969137	14.083575804390607	100	0
Sc0000066	187539	191913	Amillepora28804	4	0	0	0	0	0	0	0	0	0
Sc0000066	192418	198928	Amillepora28805	11	0	0	0	0	0	0	0	0	0
Sc0000066	263059	283364	Amillepora28813	17	3	0.17647058823529413	0.17647058823529413	17.647058823529413	0	39.295262399668786	9.530501027070382	100	0
Sc0000066	209404	215137	Amillepora28808	2	2	1	1	100	100	0	0	100	100
Sc0000066	222999	226187	Amillepora28810	2	0	0	0	0	0	0	0	0	0
Sc0000066	199511	206680	Amillepora28806	7	3	0.42857142857142855	0.42857142857142855	42.857142857142854	0	53.45224838248488	20.203050891044217	100	0
Sc0000066	266774	278040	Amillepora28814	5	2	0.4	0.4	40	0	54.772255750516614	24.49489742783178	100	0
Sc0000066	283844	295805	Amillepora28815	18	2	0.1111111111111111	0.1111111111111111	11.11111111111111	0	32.338083338177725	7.622159339667059	100	0
Sc0000066	312874	327170	Amillepora28817	3	1	0.3333333333333333	0.3333333333333333	33.333333333333336	0	57.735026918962575	33.333333333333336	100	0
Sc0000066	296071	311159	Amillepora28816	23	1	0.043478260869565216	0.043478260869565216	4.3478260869565215	0	20.851441405707472	4.347826086956522	100	0
Sc0000066	333605	362754	Amillepora28820	7	5	0.7142857142857143	0.7142857142857143	71.42857142857143	100	48.79500364742666	18.442777839082936	100	0
Sc0000066	328908	333491	Amillepora28819	2	2	1	1	100	100	0	0	100	100
Sc0000066	428745	439474	Amillepora28826	3	1	0.3333333333333333	0.3333333333333333	33.333333333333336	0	57.735026918962575	33.333333333333336	100	0
Sc0000066	388693	399955	Amillepora28824	2	2	1	1	100	100	0	0	100	100
Sc0000066	366768	385019	Amillepora28823	13	5	0.38461538461538464	0.38461538461538464	38.46153846153846	0	50.63696835418334	14.044168141158107	100	0
Sc0000066	457178	467208	Amillepora28830	2	0	0	0	0	0	0	0	0	0
Sc0000066	471127	484744	Amillepora28831	2	0	0	0	0	0	0	0	0	0
Sc0000066	493123	507397	Amillepora28833	1	0	0	0	0	0	NA	NA	0	0
Sc0000066	582372	583835	Amillepora28837	3	0	0	0	0	0	0	0	0	0
Sc0000066	584081	591235	Amillepora28838	17	1	0.058823529411764705	0.058823529411764705	5.882352941176471	0	24.253562503633297	5.88235294117647	100	0
Sc0000066	752553	769452	Amillepora28840	14	0	0	0	0	0	0	0	0	0
Sc0000066	823003	824533	Amillepora28843	3	1	0.3333333333333333	0.3333333333333333	33.333333333333336	0	57.735026918962575	33.333333333333336	100	0
Sc0000066	806876	809083	Amillepora28841	6	1	0.16666666666666666	0.16666666666666666	16.666666666666668	0	40.8248290463863	16.66666666666667	100	0
Sc0000066	825148	826799	Amillepora28844	1	0	0	0	0	0	NA	NA	0	0
Sc0000066	819659	822183	Amillepora28842	3	0	0	0	0	0	0	0	0	0
Sc0000066	895303	898490	Amillepora28845	2	0	0	0	0	0	0	0	0	0
Sc0000066	943322	944767	Amillepora28851	1	0	0	0	0	0	NA	NA	0	0
Sc0000066	1064234	1081330	Amillepora28858	5	0	0	0	0	0	0	0	0	0
Sc0000066	986300	1004053	Amillepora28852	2	0	0	0	0	0	0	0	0	0
Sc0000066	1055105	1057126	Amillepora28855	6	0	0	0	0	0	0	0	0	0
Sc0000066	1145587	1164177	Amillepora28865	4	0	0	0	0	0	0	0	0	0
Sc0000066	1166274	1175497	Amillepora28866	1	0	0	0	0	0	NA	NA	0	0
Sc0000066	1110748	1113658	Amillepora28860	4	2	0.5	0.5	50	50	57.735026918962575	28.867513459481287	100	0
Sc0000066	1120753	1121460	Amillepora28861	2	0	0	0	0	0	0	0	0	0
Sc0000066	1184624	1198477	Amillepora28867	4	0	0	0	0	0	0	0	0	0
Sc0000066	1329706	1363744	Amillepora28875	3	0	0	0	0	0	0	0	0	0
Sc0000066	1387312	1421083	Amillepora28918	14	4	0.2857142857142857	0.2857142857142857	28.571428571428573	0	46.88072309384955	12.529400275814705	100	0
Sc0000066	1364606	1384731	Amillepora28916	11	0	0	0	0	0	0	0	0	0
Sc0000066	1426278	1437737	Amillepora28933	15	2	0.13333333333333333	0.13333333333333333	13.333333333333334	0	35.18657752744984	9.085135251589959	100	0
Sc0000066	1444253	1455480	Amillepora28934	3	0	0	0	0	0	0	0	0	0
Sc0000061	2854	3974	Amillepora28598	3	3	1	1	100	100	0	0	100	100
Sc0000061	40540	43111	Amillepora28599	2	1	0.5	0.5	50	50	70.71067811865476	50	100	0
Sc0000061	57554	57940	Amillepora28601	1	0	0	0	0	0	NA	NA	0	0
Sc0000061	90136	92267	Amillepora28606	1	0	0	0	0	0	NA	NA	0	0
Sc0000061	101781	106128	Amillepora28607	3	2	0.6666666666666666	0.6666666666666666	66.66666666666667	100	57.73502691896258	33.333333333333336	100	0
Sc0000061	68017	78104	Amillepora28603	3	0	0	0	0	0	0	0	0	0
Sc0000061	66203	67918	Amillepora28602	5	3	0.6	0.6	60	100	54.772255750516614	24.49489742783178	100	0
Sc0000061	233622	238197	Amillepora28614	1	1	1	1	100	100	NA	NA	100	100
Sc0000061	274973	285170	Amillepora28617	1	1	1	0.5	50	50	NA	NA	50	50
Sc0000061	207394	208248	Amillepora28612	2	1	0.5	0.5	50	50	70.71067811865476	50	100	0
Sc0000061	220573	237698	Amillepora28613	6	4	0.6666666666666666	0.6666666666666666	66.66666666666667	100	51.63977794943223	21.081851067789195	100	0
Sc0000061	351437	353179	Amillepora28627	3	1	0.3333333333333333	0.3333333333333333	33.333333333333336	0	57.735026918962575	33.333333333333336	100	0
Sc0000061	330111	335044	Amillepora28625	2	0	0	0	0	0	0	0	0	0
Sc0000061	313934	320330	Amillepora28624	1	1	1	1	100	100	NA	NA	100	100
Sc0000061	335074	362606	Amillepora28626	12	3	0.25	0.25	25	0	45.22670168666454	13.055824196677337	100	0
Sc0000061	299850	303726	Amillepora28621	2	2	1	1	100	100	0	0	100	100
Sc0000061	426351	434833	Amillepora28632	5	2	0.4	0.4	40	0	54.772255750516614	24.49489742783178	100	0
Sc0000061	411694	415461	Amillepora28631	2	0	0	0	0	0	0	0	0	0
Sc0000061	457390	458872	Amillepora28635	1	0	0	0	0	0	NA	NA	0	0
Sc0000061	476999	484289	Amillepora28640	4	1	0.25	0.25	25	0	50	25	100	0
Sc0000061	484591	485463	Amillepora28641	1	0	0	0	0	0	NA	NA	0	0
Sc0000061	430773	431767	Amillepora28633	1	0	0	0	0	0	NA	NA	0	0
Sc0000061	397871	408763	Amillepora28630	4	3	0.75	0.75	75	100	50	25	100	0
Sc0000061	509018	525160	Amillepora28642	2	0	0	0	0	0	0	0	0	0
Sc0000061	657817	659208	Amillepora28652	1	1	1	1	100	100	NA	NA	100	100
Sc0000061	629844	630443	Amillepora28648	1	0	0	0	0	0	NA	NA	0	0
Sc0000061	653667	655951	Amillepora28651	1	1	1	1	100	100	NA	NA	100	100
Sc0000061	771693	772589	Amillepora28659	3	0	0	0	0	0	0	0	0	0
Sc0000061	733913	739199	Amillepora28657	2	0	0	0	0	0	0	0	0	0
Sc0000061	756485	768640	Amillepora28658	2	1	0.5	0.5	50	50	70.71067811865476	50	100	0
Sc0000061	731440	750632	Amillepora28656	5	3	0.6	0.6	60	100	54.772255750516614	24.49489742783178	100	0
Sc0000061	860490	865202	Amillepora28670	3	3	1	1	100	100	0	0	100	100
Sc0000061	790582	795248	Amillepora28661	3	1	0.3333333333333333	0.3333333333333333	33.333333333333336	0	57.735026918962575	33.333333333333336	100	0
Sc0000061	804684	812923	Amillepora28663	2	0	0	0	0	0	0	0	0	0
Sc0000061	871191	872330	Amillepora28673	1	0	0	0	0	0	NA	NA	0	0
Sc0000061	868885	869740	Amillepora28671	1	1	1	1	100	100	NA	NA	100	100
Sc0000061	942118	946271	Amillepora28678	5	0	0	0	0	0	0	0	0	0
Sc0000061	896399	897289	Amillepora28674	2	1	0.5	0.5	50	50	70.71067811865476	50	100	0
Sc0000061	903556	905130	Amillepora28675	2	1	0.5	0.5	50	50	70.71067811865476	50	100	0
Sc0000061	947907	977509	Amillepora28679	25	1	0.04	0.04	4	0	20	4	100	0
Sc0000061	1067880	1068938	Amillepora28733	2	0	0	0	0	0	0	0	0	0
Sc0000061	1058025	1063903	Amillepora28732	3	2	0.6666666666666666	0.6666666666666666	66.66666666666667	100	57.735026918962575	33.333333333333336	100	0
Sc0000061	1025077	1032292	Amillepora28729	1	0	0	0	0	0	NA	NA	0	0
Sc0000061	1042901	1047546	Amillepora28730	2	0	0	0	0	0	0	0	0	0
Sc0000061	1049297	1057843	Amillepora28731	7	1	0.14285714285714285	0.14285714285714285	14.285714285714286	0	37.79644730092272	14.285714285714285	100	0
Sc0000061	1107795	1108983	Amillepora28739	3	3	1	1	100	100	0	0	100	100
Sc0000061	1125169	1126317	Amillepora28742	1	1	1	1	100	100	NA	NA	100	100
Sc0000061	1082943	1098123	Amillepora28734	6	4	0.6666666666666666	0.6666666666666666	66.66666666666667	100	51.63977794943223	21.081851067789195	100	0
Sc0000061	1099223	1104718	Amillepora28736	8	0	0	0	0	0	0	0	0	0
Sc0000061	1178438	1180807	Amillepora28747	4	2	0.5	0.5	50	50	57.735026918962575	28.867513459481287	100	0
Sc0000061	1170355	1174242	Amillepora28746	6	6	1	1	100	100	0	0	100	100
Sc0000061	1105495	1106297	Amillepora28738	2	2	1	1	100	100	0	0	100	100
Sc0000061	1094440	1098859	Amillepora28735	3	3	1	1	100	100	0	0	100	100
Sc0000061	1154368	1166285	Amillepora28744	3	2	0.6666666666666666	0.6666666666666666	66.66666666666667	100	57.73502691896258	33.333333333333336	100	0
Sc0000061	1275324	1282578	Amillepora28753	5	5	1	0.8333333333333334	90	100	22.360679774997898	10	100	50
Sc0000061	1277822	1278852	Amillepora28754	1	1	1	0.5	50	50	NA	NA	50	50
Sc0000061	1268160	1274850	Amillepora28752	3	1	0.3333333333333333	0.3333333333333333	33.333333333333336	0	57.735026918962575	33.333333333333336	100	0
Sc0000061	1280640	1282967	Amillepora28755	1	1	1	1	100	100	NA	NA	100	100
Sc0000061	1235466	1243108	Amillepora28750	1	1	1	1	100	100	NA	NA	100	100
Sc0000061	1194376	1219226	Amillepora28748	2	1	0.5	0.5	50	50	70.71067811865476	50	100	0
Sc0000061	1219813	1221765	Amillepora28749	1	0	0	0	0	0	NA	NA	0	0
Sc0000061	1315457	1319784	Amillepora28760	4	3	0.75	0.75	75	100	50	25	100	0
Sc0000061	1362775	1363233	Amillepora28769	1	0	0	0	0	0	NA	NA	0	0
Sc0000061	1357488	1358616	Amillepora28766	4	3	0.75	0.75	75	100	50	25	100	0
Sc0000061	1358704	1359770	Amillepora28767	2	2	1	1	100	100	0	0	100	100
Sc0000061	1373387	1380503	Amillepora28770	1	1	1	1	100	100	NA	NA	100	100
Sc0000061	1508980	1511094	Amillepora28785	3	2	0.6666666666666666	0.6666666666666666	66.66666666666667	100	57.73502691896258	33.333333333333336	100	0
Sc0000061	1400619	1401787	Amillepora28773	1	0	0	0	0	0	NA	NA	0	0
Sc0000061	1505295	1508058	Amillepora28784	4	3	0.75	0.75	75	100	50	25	100	0
Sc0000061	1401871	1406793	Amillepora28774	1	0	0	0	0	0	NA	NA	0	0
Sc0000061	1501533	1502583	Amillepora28782	1	1	1	1	100	100	NA	NA	100	100
Sc0000061	1504290	1504583	Amillepora28783	1	1	1	1	100	100	NA	NA	100	100
Sc0000061	1446260	1450540	Amillepora28776	1	1	1	1	100	100	NA	NA	100	100
Sc0000061	1382695	1397256	Amillepora28772	9	5	0.5555555555555556	0.5555555555555556	55.55555555555556	100	52.70462766947299	17.568209223157663	100	0
Sc0000070	47646	51719	Amillepora29015	1	0	0	0	0	0	NA	NA	0	0
Sc0000070	52416	66987	Amillepora29016	3	0	0	0	0	0	0	0	0	0
Sc0000070	106084	118417	Amillepora29022	13	1	0.07692307692307693	0.07692307692307693	7.6923076923076925	0	27.735009811261456	7.6923076923076925	100	0
Sc0000070	119696	152035	Amillepora29025	22	1	0.045454545454545456	0.045454545454545456	4.545454545454546	0	21.320071635561042	4.545454545454545	100	0
Sc0000070	75897	101367	Amillepora29017	41	1	0.024390243902439025	0.024390243902439025	2.4390243902439024	0	15.617376188860609	2.439024390243903	100	0
Sc0000070	281183	282202	Amillepora29041	2	0	0	0	0	0	0	0	0	0
Sc0000070	243326	244003	Amillepora29032	2	0	0	0	0	0	0	0	0	0
Sc0000070	168546	224931	Amillepora29026	25	0	0	0	0	0	0	0	0	0
Sc0000070	258234	263050	Amillepora29035	2	0	0	0	0	0	0	0	0	0
Sc0000070	308500	309666	Amillepora29042	2	0	0	0	0	0	0	0	0	0
Sc0000070	357178	389074	Amillepora29046	29	0	0	0	0	0	0	0	0	0
Sc0000070	313929	349018	Amillepora29043	23	0	0	0	0	0	0	0	0	0
Sc0000070	349262	352722	Amillepora29045	2	0	0	0	0	0	0	0	0	0
Sc0000070	403901	438060	Amillepora29050	25	2	0.08	0.08	8	0	27.688746209726915	5.537749241945383	100	0
Sc0000070	449471	488326	Amillepora29052	42	1	0.023809523809523808	0.023809523809523808	2.380952380952381	0	15.430334996209188	2.380952380952381	100	0
Sc0000070	513574	549482	Amillepora29053	42	0	0	0	0	0	0	0	0	0
Sc0000070	553480	555232	Amillepora29056	1	0	0	0	0	0	NA	NA	0	0
Sc0000070	596747	611660	Amillepora29063	2	0	0	0	0	0	0	0	0	0
Sc0000070	636444	645724	Amillepora29066	2	0	0	0	0	0	0	0	0	0
Sc0000070	679209	681075	Amillepora29069	1	0	0	0	0	0	NA	NA	0	0
Sc0000070	645714	656795	Amillepora29067	1	0	0	0	0	0	NA	NA	0	0
Sc0000070	668917	670621	Amillepora29068	2	0	0	0	0	0	0	0	0	0
Sc0000070	727230	754636	Amillepora29073	4	0	0	0	0	0	0	0	0	0
Sc0000070	709559	716671	Amillepora29072	4	0	0	0	0	0	0	0	0	0
Sc0000070	757985	759024	Amillepora29074	2	0	0	0	0	0	0	0	0	0
Sc0000070	782319	797297	Amillepora29075	3	1	0.3333333333333333	0.3333333333333333	33.333333333333336	0	57.735026918962575	33.333333333333336	100	0
Sc0000070	821654	826351	Amillepora29081	4	0	0	0	0	0	0	0	0	0
Sc0000070	803284	806558	Amillepora29078	3	0	0	0	0	0	0	0	0	0
Sc0000070	904343	911106	Amillepora29087	5	0	0	0	0	0	0	0	0	0
Sc0000070	967755	976856	Amillepora29094	1	0	0	0	0	0	NA	NA	0	0
Sc0000070	1011094	1023533	Amillepora29100	1	0	0	0	0	0	NA	NA	0	0
Sc0000070	986799	990845	Amillepora29097	1	0	0	0	0	0	NA	NA	0	0
Sc0000070	1240520	1247578	Amillepora29114	14	0	0	0	0	0	0	0	0	0
Sc0000070	1196248	1238142	Amillepora29112	82	0	0	0	0	0	0	0	0	0
Sc0000070	1324060	1326269	Amillepora29116	2	2	1	1	100	100	0	0	100	100
Sc0000070	1184568	1189658	Amillepora29111	1	0	0	0	0	0	NA	NA	0	0
Sc0000059	15019	17924	Amillepora28480	4	1	0.25	0.25	25	0	50	25	100	0
Sc0000059	66367	67269	Amillepora28485	3	0	0	0	0	0	0	0	0	0
Sc0000059	26872	31631	Amillepora28482	1	0	0	0	0	0	NA	NA	0	0
Sc0000059	57454	65855	Amillepora28484	6	0	0	0	0	0	0	0	0	0
Sc0000059	38278	47919	Amillepora28483	3	0	0	0	0	0	0	0	0	0
Sc0000059	111740	118238	Amillepora28488	3	0	0	0	0	0	0	0	0	0
Sc0000059	91928	92872	Amillepora28486	4	0	0	0	0	0	0	0	0	0
Sc0000059	98400	102299	Amillepora28487	3	0	0	0	0	0	0	0	0	0
Sc0000059	191953	195719	Amillepora28489	1	0	0	0	0	0	NA	NA	0	0
Sc0000059	215079	217054	Amillepora28493	1	0	0	0	0	0	NA	NA	0	0
Sc0000059	194875	207458	Amillepora28490	1	0	0	0	0	0	NA	NA	0	0
Sc0000059	391425	395978	Amillepora28498	11	0	0	0	0	0	0	0	0	0
Sc0000059	452680	458864	Amillepora28502	1	0	0	0	0	0	NA	NA	0	0
Sc0000059	557709	559832	Amillepora28513	1	1	1	1	100	100	NA	NA	100	100
Sc0000059	484753	486030	Amillepora28507	3	0	0	0	0	0	0	0	0	0
Sc0000059	473638	479317	Amillepora28503	2	0	0	0	0	0	0	0	0	0
Sc0000059	589428	604982	Amillepora28515	2	0	0	0	0	0	0	0	0	0
Sc0000059	682737	686812	Amillepora28521	4	0	0	0	0	0	0	0	0	0
Sc0000059	656490	680847	Amillepora28518	12	0	0	0	0	0	0	0	0	0
Sc0000059	628099	629594	Amillepora28516	1	0	0	0	0	0	NA	NA	0	0
Sc0000059	649221	651762	Amillepora28517	1	0	0	0	0	0	NA	NA	0	0
Sc0000059	737840	740293	Amillepora28524	1	0	0	0	0	0	NA	NA	0	0
Sc0000059	720723	731904	Amillepora28523	10	1	0.1	0.1	10	0	31.622776601683793	10	100	0
Sc0000059	812300	824860	Amillepora28532	5	0	0	0	0	0	0	0	0	0
Sc0000059	765395	767872	Amillepora28528	2	0	0	0	0	0	0	0	0	0
Sc0000059	839780	856041	Amillepora28533	6	0	0	0	0	0	0	0	0	0
Sc0000059	798358	803895	Amillepora28531	5	0	0	0	0	0	0	0	0	0
Sc0000059	866298	870813	Amillepora28534	2	0	0	0	0	0	0	0	0	0
Sc0000059	943054	955357	Amillepora28539	6	0	0	0	0	0	0	0	0	0
Sc0000059	871412	894933	Amillepora28535	1	0	0	0	0	0	NA	NA	0	0
Sc0000059	986051	1010229	Amillepora28542	15	0	0	0	0	0	0	0	0	0
Sc0000059	1020840	1029021	Amillepora28546	8	1	0.125	0.125	12.5	0	35.35533905932738	12.5	100	0
Sc0000059	1010407	1019679	Amillepora28544	9	0	0	0	0	0	0	0	0	0
Sc0000059	1033101	1043001	Amillepora28547	10	0	0	0	0	0	0	0	0	0
Sc0000059	1102483	1123449	Amillepora28553	19	0	0	0	0	0	0	0	0	0
Sc0000059	1141138	1150300	Amillepora28555	1	0	0	0	0	0	NA	NA	0	0
Sc0000059	1178158	1179897	Amillepora28559	1	0	0	0	0	0	NA	NA	0	0
Sc0000059	1085038	1094776	Amillepora28552	9	0	0	0	0	0	0	0	0	0
Sc0000059	1125873	1135357	Amillepora28554	10	1	0.1	0.1	10	0	31.622776601683793	10	100	0
Sc0000059	1150938	1166434	Amillepora28556	2	0	0	0	0	0	0	0	0	0
Sc0000059	1066340	1074654	Amillepora28550	8	0	0	0	0	0	0	0	0	0
Sc0000059	1077176	1078042	Amillepora28551	2	0	0	0	0	0	0	0	0	0
Sc0000059	1211379	1215641	Amillepora28561	5	0	0	0	0	0	0	0	0	0
Sc0000059	1201250	1206172	Amillepora28560	1	0	0	0	0	0	NA	NA	0	0
Sc0000059	1352098	1360641	Amillepora28571	15	0	0	0	0	0	0	0	0	0
Sc0000059	1329633	1334928	Amillepora28569	3	0	0	0	0	0	0	0	0	0
Sc0000059	1311731	1326982	Amillepora28568	6	0	0	0	0	0	0	0	0	0
Sc0000059	1335330	1342658	Amillepora28570	2	1	0.5	0.5	50	50	70.71067811865476	50	100	0
Sc0000059	1299292	1303051	Amillepora28567	2	0	0	0	0	0	0	0	0	0
Sc0000059	1362215	1385575	Amillepora28572	14	0	0	0	0	0	0	0	0	0
Sc0000059	1287214	1296859	Amillepora28565	1	0	0	0	0	0	NA	NA	0	0
Sc0000059	1391660	1411771	Amillepora28579	27	0	0	0	0	0	0	0	0	0
Sc0000059	1425544	1433735	Amillepora28583	3	0	0	0	0	0	0	0	0	0
Sc0000059	1391682	1442135	Amillepora28580	46	0	0	0	0	0	0	0	0	0
Sc0000137	60643	62730	Amillepora31293	2	0	0	0	0	0	0	0	0	0
Sc0000137	29028	30773	Amillepora31290	2	0	0	0	0	0	0	0	0	0
Sc0000137	2008	3234	Amillepora31286	2	1	0.5	0.5	50	50	70.71067811865476	50	100	0
Sc0000137	18486	24487	Amillepora31289	4	0	0	0	0	0	0	0	0	0
Sc0000137	681	1025	Amillepora31284	1	0	0	0	0	0	NA	NA	0	0
Sc0000137	155332	165499	Amillepora31299	11	0	0	0	0	0	0	0	0	0
Sc0000137	102634	129995	Amillepora31296	15	0	0	0	0	0	0	0	0	0
Sc0000137	92293	94041	Amillepora31295	2	0	0	0	0	0	0	0	0	0
Sc0000137	133477	147957	Amillepora31298	11	1	0.09090909090909091	0.09090909090909091	9.090909090909092	0	30.151134457776358	9.09090909090909	100	0
Sc0000137	187662	198793	Amillepora31301	1	1	1	1	100	100	NA	NA	100	100
Sc0000137	236076	243970	Amillepora31308	2	1	0.5	0.5	50	50	70.71067811865476	50	100	0
Sc0000137	169340	177637	Amillepora31300	3	1	0.3333333333333333	0.3333333333333333	33.333333333333336	0	57.735026918962575	33.333333333333336	100	0
Sc0000137	206140	207069	Amillepora31302	1	0	0	0	0	0	NA	NA	0	0
Sc0000137	264401	266827	Amillepora31311	3	0	0	0	0	0	0	0	0	0
Sc0000137	215451	216278	Amillepora31304	4	0	0	0	0	0	0	0	0	0
Sc0000137	347604	356183	Amillepora31320	3	1	0.3333333333333333	0.3333333333333333	33.333333333333336	0	57.735026918962575	33.333333333333336	100	0
Sc0000137	300535	301200	Amillepora31316	6	0	0	0	0	0	0	0	0	0
Sc0000137	305627	316801	Amillepora31317	25	0	0	0	0	0	0	0	0	0
Sc0000137	284160	295618	Amillepora31315	14	0	0	0	0	0	0	0	0	0
Sc0000137	319517	343543	Amillepora31318	27	0	0	0	0	0	0	0	0	0
Sc0000137	418259	422058	Amillepora31325	1	1	1	1	100	100	NA	NA	100	100
Sc0000137	362310	406442	Amillepora31321	6	2	0.3333333333333333	0.3333333333333333	33.333333333333336	0	51.63977794943222	21.081851067789195	100	0
Sc0000137	559918	562206	Amillepora31339	1	0	0	0	0	0	NA	NA	0	0
Sc0000137	583714	586084	Amillepora31342	8	5	0.625	0.625	62.5	100	51.75491695067657	18.298126367784995	100	0
Sc0000137	550343	550806	Amillepora31338	1	0	0	0	0	0	NA	NA	0	0
Sc0000137	565889	580621	Amillepora31340	4	3	0.75	0.75	75	100	50	25	100	0
Sc0000137	512609	519109	Amillepora31335	2	0	0	0	0	0	0	0	0	0
Sc0000137	568712	582223	Amillepora31341	7	4	0.5714285714285714	0.5714285714285714	57.142857142857146	100	53.452248382484875	20.203050891044217	100	0
Sc0000137	524640	528767	Amillepora31336	1	0	0	0	0	0	NA	NA	0	0
Sc0000137	498620	502248	Amillepora31333	6	0	0	0	0	0	0	0	0	0
Sc0000137	496109	496774	Amillepora31332	2	0	0	0	0	0	0	0	0	0
Sc0000137	717662	721474	Amillepora31352	2	2	1	1	100	100	0	0	100	100
Sc0000137	599975	602539	Amillepora31343	5	0	0	0	0	0	0	0	0	0
Sc0000137	734024	736545	Amillepora31354	1	0	0	0	0	0	NA	NA	0	0
Sc0000137	632477	650193	Amillepora31346	11	1	0.09090909090909091	0.09090909090909091	9.090909090909092	0	30.151134457776354	9.09090909090909	100	0
Sc0000137	623744	628732	Amillepora31345	2	0	0	0	0	0	0	0	0	0
Sc0000137	750389	752539	Amillepora31356	1	0	0	0	0	0	NA	NA	0	0
Sc0000137	730412	734617	Amillepora31353	2	0	0	0	0	0	0	0	0	0
Sc0000149	13000	17256	Amillepora31893	4	0	0	0	0	0	0	0	0	0
Sc0000149	22915	37611	Amillepora31894	13	1	0.07692307692307693	0.07692307692307693	7.6923076923076925	0	27.735009811261456	7.6923076923076925	100	0
Sc0000149	63450	66417	Amillepora31895	2	0	0	0	0	0	0	0	0	0
Sc0000149	104047	108429	Amillepora31899	2	2	1	1	100	100	0	0	100	100
Sc0000149	67204	103909	Amillepora31896	38	5	0.13157894736842105	0.13157894736842105	13.157894736842104	0	34.25699874501045	5.557219020090344	100	0
Sc0000149	178162	184874	Amillepora31905	8	1	0.125	0.125	12.5	0	35.35533905932738	12.5	100	0
Sc0000149	115912	156366	Amillepora31900	31	4	0.12903225806451613	0.125	12.903225806451612	0	34.077710054823875	6.120537406777509	100	0
Sc0000149	158209	170272	Amillepora31904	2	0	0	0	0	0	0	0	0	0
Sc0000149	250322	253261	Amillepora31911	1	1	1	1	100	100	NA	NA	100	100
Sc0000149	199741	210481	Amillepora31907	19	3	0.15789473684210525	0.15789473684210525	15.789473684210526	0	37.46343246326775	8.5947008518708	100	0
Sc0000149	270771	279449	Amillepora31913	2	0	0	0	0	0	0	0	0	0
Sc0000149	209236	210186	Amillepora31908	1	0	0	0	0	0	NA	NA	0	0
Sc0000149	192399	197054	Amillepora31906	6	0	0	0	0	0	0	0	0	0
Sc0000149	213220	236546	Amillepora31909	10	1	0.1	0.1	10	0	31.622776601683793	10	100	0
Sc0000149	258668	261398	Amillepora31912	2	0	0	0	0	0	0	0	0	0
Sc0000149	283985	286696	Amillepora31915	1	0	0	0	0	0	NA	NA	0	0
Sc0000149	272108	281280	Amillepora31914	2	0	0	0	0	0	0	0	0	0
Sc0000149	335826	353035	Amillepora31918	15	0	0	0	0	0	0	0	0	0
Sc0000149	351791	356473	Amillepora31920	1	1	1	1	100	100	NA	NA	100	100
Sc0000149	301247	329864	Amillepora31916	25	1	0.04	0.04	4	0	20	4	100	0
Sc0000149	363099	369182	Amillepora31924	3	1	0.3333333333333333	0.3333333333333333	33.333333333333336	0	57.735026918962575	33.333333333333336	100	0
Sc0000149	340295	350916	Amillepora31919	10	0	0	0	0	0	0	0	0	0
Sc0000149	402944	406618	Amillepora31930	3	1	0.3333333333333333	0.3333333333333333	33.333333333333336	0	57.735026918962575	33.333333333333336	100	0
Sc0000149	378595	392904	Amillepora31927	3	2	0.6666666666666666	0.6666666666666666	66.66666666666667	100	57.73502691896258	33.333333333333336	100	0
Sc0000149	369444	374431	Amillepora31925	1	0	0	0	0	0	NA	NA	0	0
Sc0000149	426168	445827	Amillepora31934	13	3	0.23076923076923078	0.23076923076923078	23.076923076923077	0	43.85290096535146	12.162606385262997	100	0
Sc0000149	414747	418468	Amillepora31932	2	1	0.5	0.5	50	50	70.71067811865476	50	100	0
Sc0000149	422754	425748	Amillepora31933	1	0	0	0	0	0	NA	NA	0	0
Sc0000149	376274	378479	Amillepora31926	1	0	0	0	0	0	NA	NA	0	0
Sc0000149	395193	402494	Amillepora31929	3	0	0	0	0	0	0	0	0	0
Sc0000149	406849	414427	Amillepora31931	5	0	0	0	0	0	0	0	0	0
Sc0000149	449612	459818	Amillepora31935	7	1	0.14285714285714285	0.14285714285714285	14.285714285714286	0	37.79644730092272	14.285714285714285	100	0
Sc0000149	602344	607728	Amillepora31944	8	2	0.25	0.25	25	0	46.29100498862757	16.366341767699428	100	0
Sc0000149	473412	492110	Amillepora31937	6	0	0	0	0	0	0	0	0	0
Sc0000149	556862	562935	Amillepora31941	1	0	0	0	0	0	NA	NA	0	0
Sc0000149	528994	537876	Amillepora31940	10	0	0	0	0	0	0	0	0	0
Sc0000149	518427	523169	Amillepora31939	1	0	0	0	0	0	NA	NA	0	0
Sc0000149	570664	578901	Amillepora31943	3	0	0	0	0	0	0	0	0	0
Sc0000145	46717	78690	Amillepora31582	7	0	0	0	0	0	0	0	0	0
Sc0000145	29313	50532	Amillepora31581	8	5	0.625	0.625	62.5	100	51.75491695067657	18.298126367784995	100	0
Sc0000145	223350	224018	Amillepora31589	1	0	0	0	0	0	NA	NA	0	0
Sc0000145	182415	187744	Amillepora31587	1	0	0	0	0	0	NA	NA	0	0
Sc0000145	246611	249206	Amillepora31597	3	0	0	0	0	0	0	0	0	0
Sc0000145	258017	259274	Amillepora31599	1	0	0	0	0	0	NA	NA	0	0
Sc0000145	255430	257641	Amillepora31598	1	0	0	0	0	0	NA	NA	0	0
Sc0000145	558226	568201	Amillepora31617	6	4	0.6666666666666666	0.6666666666666666	66.66666666666667	100	51.63977794943223	21.081851067789195	100	0
Sc0000145	561319	563571	Amillepora31619	3	2	0.6666666666666666	0.6666666666666666	66.66666666666667	100	57.73502691896258	33.333333333333336	100	0
Sc0000127	27332	32242	Amillepora31014	3	0	0	0	0	0	0	0	0	0
Sc0000127	257385	271362	Amillepora31037	7	1	0.14285714285714285	0.14285714285714285	14.285714285714286	0	37.79644730092272	14.285714285714285	100	0
Sc0000127	232502	232807	Amillepora31032	2	0	0	0	0	0	0	0	0	0
Sc0000127	197358	205108	Amillepora31029	5	0	0	0	0	0	0	0	0	0
Sc0000127	223078	227830	Amillepora31031	9	2	0.2222222222222222	0.2222222222222222	22.22222222222222	0	44.09585518440984	14.698618394803281	100	0
Sc0000127	272468	278715	Amillepora31038	10	2	0.2	0.2	20	0	42.16370213557839	13.333333333333332	100	0
Sc0000127	238076	255735	Amillepora31033	23	0	0	0	0	0	0	0	0	0
Sc0000127	212593	216012	Amillepora31030	7	0	0	0	0	0	0	0	0	0
Sc0000127	180717	182112	Amillepora31028	1	0	0	0	0	0	NA	NA	0	0
Sc0000127	148612	171802	Amillepora31026	1	0	0	0	0	0	NA	NA	0	0
Sc0000127	256471	265908	Amillepora31036	3	1	0.3333333333333333	0.3333333333333333	33.333333333333336	0	57.735026918962575	33.333333333333336	100	0
Sc0000127	255905	256468	Amillepora31035	1	1	1	1	100	100	NA	NA	100	100
Sc0000127	280588	282804	Amillepora31039	8	1	0.125	0.125	12.5	0	35.35533905932738	12.5	100	0
Sc0000127	289344	292187	Amillepora31040	8	1	0.125	0.125	12.5	0	35.35533905932738	12.5	100	0
Sc0000127	322568	323914	Amillepora31048	1	0	0	0	0	0	NA	NA	0	0
Sc0000127	312167	313513	Amillepora31046	4	0	0	0	0	0	0	0	0	0
Sc0000127	307245	308366	Amillepora31045	1	0	0	0	0	0	NA	NA	0	0
Sc0000127	340624	346175	Amillepora31050	11	0	0	0	0	0	0	0	0	0
Sc0000127	328002	339112	Amillepora31049	6	0	0	0	0	0	0	0	0	0
Sc0000127	461147	463911	Amillepora31062	2	0	0	0	0	0	0	0	0	0
Sc0000127	417037	450358	Amillepora31058	65	2	0.03076923076923077	0.03076923076923077	3.076923076923077	0	17.403580533459667	2.158648492369582	100	0
Sc0000127	468607	477801	Amillepora31064	13	1	0.07692307692307693	0.07692307692307693	7.6923076923076925	0	27.735009811261456	7.6923076923076925	100	0
Sc0000127	363504	416594	Amillepora31054	27	3	0.1111111111111111	0.1111111111111111	11.11111111111111	0	32.02563076101741	6.1633355136136565	100	0
Sc0000127	467008	467603	Amillepora31063	1	0	0	0	0	0	NA	NA	0	0
Sc0000127	359689	361063	Amillepora31052	1	0	0	0	0	0	NA	NA	0	0
Sc0000127	415947	416468	Amillepora31057	1	0	0	0	0	0	NA	NA	0	0
Sc0000127	451383	460326	Amillepora31061	13	0	0	0	0	0	0	0	0	0
Sc0000127	482324	500585	Amillepora31065	5	1	0.2	0.2	20	0	44.721359549995796	20	100	0
Sc0000127	509652	511212	Amillepora31066	1	0	0	0	0	0	NA	NA	0	0
Sc0000127	535576	556349	Amillepora31069	15	1	0.06666666666666667	0.06666666666666667	6.666666666666667	0	25.81988897471612	6.666666666666666	100	0
Sc0000127	527901	531492	Amillepora31068	7	0	0	0	0	0	0	0	0	0
Sc0000127	618371	633698	Amillepora31072	11	0	0	0	0	0	0	0	0	0
Sc0000127	558160	597545	Amillepora31070	53	5	0.09433962264150944	0.09433962264150944	9.433962264150944	0	29.509782885030273	4.053480419091129	100	0
Sc0000127	634422	636311	Amillepora31073	3	0	0	0	0	0	0	0	0	0
Sc0000127	636383	641883	Amillepora31074	3	0	0	0	0	0	0	0	0	0
Sc0000127	615929	627363	Amillepora31071	18	0	0	0	0	0	0	0	0	0
Sc0000127	775091	778696	Amillepora31082	3	0	0	0	0	0	0	0	0	0
Sc0000127	745070	752640	Amillepora31078	1	0	0	0	0	0	NA	NA	0	0
Sc0000127	714973	720059	Amillepora31077	1	0	0	0	0	0	NA	NA	0	0
Sc0000148	58863	79612	Amillepora31731	4	3	0.75	0.75	75	100	50	25	100	0
Sc0000148	28341	33429	Amillepora31730	5	0	0	0	0	0	0	0	0	0
Sc0000148	82972	84563	Amillepora31734	1	0	0	0	0	0	NA	NA	0	0
Sc0000148	84587	85314	Amillepora31735	1	1	1	1	100	100	NA	NA	100	100
Sc0000148	179111	183737	Amillepora31779	7	0	0	0	0	0	0	0	0	0
Sc0000148	112873	113983	Amillepora31738	1	1	1	1	100	100	NA	NA	100	100
Sc0000148	139836	140783	Amillepora31742	1	0	0	0	0	0	NA	NA	0	0
Sc0000148	132314	134836	Amillepora31740	1	1	1	1	100	100	NA	NA	100	100
Sc0000148	217018	218704	Amillepora31783	1	0	0	0	0	0	NA	NA	0	0
Sc0000148	233791	257108	Amillepora31785	22	1	0.045454545454545456	0.045454545454545456	4.545454545454546	0	21.32007163556104	4.545454545454545	100	0
Sc0000148	265282	281176	Amillepora31788	7	1	0.14285714285714285	0.14285714285714285	14.285714285714286	0	37.79644730092272	14.285714285714285	100	0
Sc0000148	207171	214887	Amillepora31782	7	1	0.14285714285714285	0.14285714285714285	14.285714285714286	0	37.79644730092272	14.285714285714285	100	0
Sc0000148	258352	264416	Amillepora31787	12	2	0.16666666666666666	0.16666666666666666	16.666666666666668	0	38.92494720807615	11.236664374387368	100	0
Sc0000148	281720	288771	Amillepora31789	1	0	0	0	0	0	NA	NA	0	0
Sc0000148	219752	232436	Amillepora31784	11	2	0.18181818181818182	0.18181818181818182	18.181818181818183	0	40.45199174779453	12.196734422726125	100	0
Sc0000148	313252	324931	Amillepora31794	3	1	0.3333333333333333	0.3333333333333333	33.333333333333336	0	57.735026918962575	33.333333333333336	100	0
Sc0000148	310253	313199	Amillepora31792	3	1	0.3333333333333333	0.3333333333333333	33.333333333333336	0	57.735026918962575	33.333333333333336	100	0
Sc0000148	291241	308726	Amillepora31790	10	2	0.2	0.2	20	0	42.16370213557839	13.333333333333332	100	0
Sc0000148	325306	326938	Amillepora31797	1	0	0	0	0	0	NA	NA	0	0
Sc0000148	349561	413059	Amillepora31800	95	43	0.45263157894736844	0.47368421052631576	43.50877192982456	0	48.821497660544885	5.008979971609504	100	0
Sc0000148	333422	346459	Amillepora31799	4	3	0.75	0.75	75	100	50	25	100	0
Sc0000148	327066	332850	Amillepora31798	5	2	0.4	0.4	40	0	54.772255750516614	24.49489742783178	100	0
Sc0000148	589354	592389	Amillepora31813	2	0	0	0	0	0	0	0	0	0
Sc0000148	521301	522847	Amillepora31809	5	2	0.4	0.4	40	0	54.772255750516614	24.49489742783178	100	0
Sc0000107	89540	93283	Amillepora30482	1	0	0	0	0	0	NA	NA	0	0
Sc0000107	27556	39716	Amillepora30479	1	0	0	0	0	0	NA	NA	0	0
Sc0000107	108209	116317	Amillepora30483	1	0	0	0	0	0	NA	NA	0	0
Sc0000107	120793	129804	Amillepora30484	2	0	0	0	0	0	0	0	0	0
Sc0000107	136123	160625	Amillepora30486	41	1	0.024390243902439025	0.024390243902439025	2.4390243902439024	0	15.617376188860609	2.439024390243903	100	0
Sc0000107	135706	136080	Amillepora30485	2	0	0	0	0	0	0	0	0	0
Sc0000107	219692	230678	Amillepora30490	19	2	0.10526315789473684	0.10526315789473684	10.526315789473685	0	31.53017676423058	7.233518641434491	100	0
Sc0000107	239570	249683	Amillepora30492	18	2	0.1111111111111111	0.1111111111111111	11.11111111111111	0	32.33808333817772	7.622159339667059	100	0
Sc0000107	263305	271819	Amillepora30495	15	0	0	0	0	0	0	0	0	0
Sc0000107	272078	277917	Amillepora30496	12	0	0	0	0	0	0	0	0	0
Sc0000107	232740	236543	Amillepora30491	12	0	0	0	0	0	0	0	0	0
Sc0000107	279078	283273	Amillepora30497	5	1	0.2	0.2	20	0	44.721359549995796	20	100	0
Sc0000107	213321	219330	Amillepora30489	2	0	0	0	0	0	0	0	0	0
Sc0000107	185968	211115	Amillepora30488	47	1	0.02127659574468085	0.02127659574468085	2.127659574468085	0	14.586499149789478	2.127659574468085	100	0
Sc0000107	250788	251456	Amillepora30494	1	0	0	0	0	0	NA	NA	0	0
Sc0000107	285610	319128	Amillepora30498	23	1	0.043478260869565216	0.043478260869565216	4.3478260869565215	0	20.851441405707472	4.347826086956522	100	0
Sc0000107	383642	386836	Amillepora30505	3	0	0	0	0	0	0	0	0	0
Sc0000107	394385	416470	Amillepora30506	2	0	0	0	0	0	0	0	0	0
Sc0000107	444808	464088	Amillepora30509	5	0	0	0	0	0	0	0	0	0
Sc0000107	395215	397873	Amillepora30507	2	0	0	0	0	0	0	0	0	0
Sc0000107	544021	551087	Amillepora30513	2	0	0	0	0	0	0	0	0	0
Sc0000107	515614	527170	Amillepora30511	2	0	0	0	0	0	0	0	0	0
Sc0000107	593794	596703	Amillepora30517	1	0	0	0	0	0	NA	NA	0	0
Sc0000107	610072	613350	Amillepora30518	1	0	0	0	0	0	NA	NA	0	0
Sc0000107	708749	718340	Amillepora30522	1	0	0	0	0	0	NA	NA	0	0
Sc0000107	888272	889318	Amillepora30532	1	0	0	0	0	0	NA	NA	0	0
Sc0000107	889408	890031	Amillepora30533	2	0	0	0	0	0	0	0	0	0
Sc0000107	921596	922741	Amillepora30534	1	0	0	0	0	0	NA	NA	0	0
Sc0000107	953793	965431	Amillepora30535	13	0	0	0	0	0	0	0	0	0
Sc0000107	823280	824578	Amillepora30530	1	0	0	0	0	0	NA	NA	0	0
Sc0000107	828008	889123	Amillepora30531	30	2	0.06666666666666667	0.06666666666666667	6.666666666666667	0	25.370813170246258	4.632055558531008	100	0
Sc0000146	173901	179117	Amillepora31699	2	0	0	0	0	0	0	0	0	0
Sc0000146	326619	347632	Amillepora31704	19	0	0	0	0	0	0	0	0	0
Sc0000146	310799	315859	Amillepora31703	3	2	0.6666666666666666	0.6666666666666666	66.66666666666667	100	57.73502691896258	33.333333333333336	100	0
Sc0000146	361229	363129	Amillepora31707	1	0	0	0	0	0	NA	NA	0	0
Sc0000146	452175	456131	Amillepora31711	1	0	0	0	0	0	NA	NA	0	0
Sc0000146	561935	566016	Amillepora31720	2	0	0	0	0	0	0	0	0	0
Sc0000146	494108	512864	Amillepora31713	8	2	0.25	0.25	25	0	46.29100498862757	16.366341767699428	100	0
Sc0000146	654509	655864	Amillepora31726	2	0	0	0	0	0	0	0	0	0
Sc0000146	540354	543894	Amillepora31716	36	7	0.19444444444444445	0.19444444444444445	19.444444444444443	0	40.13864859597434	6.689774765995719	100	0
Sc0000136	157564	166968	Amillepora31252	1	1	1	1	100	100	NA	NA	100	100
Sc0000136	89863	91656	Amillepora31244	1	0	0	0	0	0	NA	NA	0	0
Sc0000136	96958	98538	Amillepora31246	1	0	0	0	0	0	NA	NA	0	0
Sc0000136	114509	121840	Amillepora31250	1	1	1	1	100	100	NA	NA	100	100
Sc0000136	94772	96825	Amillepora31245	1	0	0	0	0	0	NA	NA	0	0
Sc0000136	225380	227196	Amillepora31259	1	0	0	0	0	0	NA	NA	0	0
Sc0000136	227204	227640	Amillepora31260	2	0	0	0	0	0	0	0	0	0
Sc0000136	292913	296618	Amillepora31267	3	0	0	0	0	0	0	0	0	0
Sc0000136	389431	391686	Amillepora31271	3	0	0	0	0	0	0	0	0	0
Sc0000136	405301	407980	Amillepora31272	1	0	0	0	0	0	NA	NA	0	0
Sc0000136	699641	713272	Amillepora31280	3	0	0	0	0	0	0	0	0	0
Sc0000121	73400	73984	Amillepora30794	1	0	0	0	0	0	NA	NA	0	0
Sc0000121	75123	75784	Amillepora30795	1	0	0	0	0	0	NA	NA	0	0
Sc0000121	110648	111541	Amillepora30798	1	1	1	1	100	100	NA	NA	100	100
Sc0000121	125082	126970	Amillepora30802	1	0	0	0	0	0	NA	NA	0	0
Sc0000121	147156	150535	Amillepora30807	1	0	0	0	0	0	NA	NA	0	0
Sc0000121	111985	112446	Amillepora30799	1	0	0	0	0	0	NA	NA	0	0
Sc0000121	239860	240753	Amillepora30816	1	1	1	1	100	100	NA	NA	100	100
Sc0000121	187736	198781	Amillepora30809	3	0	0	0	0	0	0	0	0	0
Sc0000121	225017	228604	Amillepora30814	1	0	0	0	0	0	NA	NA	0	0
Sc0000121	475939	478509	Amillepora30827	3	0	0	0	0	0	0	0	0	0
Sc0000121	565749	569953	Amillepora30843	1	0	0	0	0	0	NA	NA	0	0
Sc0000121	527016	531491	Amillepora30834	1	0	0	0	0	0	NA	NA	0	0
Sc0000121	640959	644493	Amillepora30850	1	0	0	0	0	0	NA	NA	0	0
Sc0000121	576160	576957	Amillepora30844	1	0	0	0	0	0	NA	NA	0	0
Sc0000121	552693	555019	Amillepora30838	1	0	0	0	0	0	NA	NA	0	0
Sc0000121	556602	574396	Amillepora30841	6	0	0	0	0	0	0	0	0	0
Sc0000121	593806	600433	Amillepora30845	1	0	0	0	0	0	NA	NA	0	0
Sc0000121	848762	850903	Amillepora30867	1	0	0	0	0	0	NA	NA	0	0
Sc0000121	843494	848714	Amillepora30866	1	0	0	0	0	0	NA	NA	0	0
Sc0000121	775016	779177	Amillepora30863	2	0	0	0	0	0	0	0	0	0
Sc0000139	4680	18746	Amillepora31494	7	1	0.14285714285714285	0.14285714285714285	14.285714285714286	0	37.79644730092272	14.285714285714285	100	0
Sc0000139	296418	348075	Amillepora31500	12	0	0	0	0	0	0	0	0	0
Sc0000139	356285	356725	Amillepora31504	1	0	0	0	0	0	NA	NA	0	0
Sc0000139	239070	265863	Amillepora31497	11	0	0	0	0	0	0	0	0	0
Sc0000139	360477	404688	Amillepora31506	34	1	0.029411764705882353	0.029411764705882353	2.9411764705882355	0	17.149858514250884	2.941176470588235	100	0
Sc0000139	471416	480371	Amillepora31512	1	1	1	1	100	100	NA	NA	100	100
Sc0000139	506211	515339	Amillepora31514	3	1	0.3333333333333333	0.3333333333333333	33.333333333333336	0	57.735026918962575	33.333333333333336	100	0
Sc0000139	658287	684234	Amillepora31522	12	1	0.08333333333333333	0.08333333333333333	8.333333333333334	0	28.867513459481305	8.333333333333334	100	0
Sc0000139	684422	688046	Amillepora31523	8	0	0	0	0	0	0	0	0	0
Sc0000139	645970	654342	Amillepora31521	2	1	0.5	0.5	50	50	70.71067811865476	50	100	0
Sc0000139	615513	621036	Amillepora31518	1	0	0	0	0	0	NA	NA	0	0
Sc0000134	15831	20212	Amillepora31195	2	0	0	0	0	0	0	0	0	0
Sc0000134	45635	55669	Amillepora31198	3	0	0	0	0	0	0	0	0	0
Sc0000134	97573	100415	Amillepora31203	2	0	0	0	0	0	0	0	0	0
Sc0000134	260774	284754	Amillepora31215	1	0	0	0	0	0	NA	NA	0	0
Sc0000134	230413	232419	Amillepora31210	1	1	1	1	100	100	NA	NA	100	100
Sc0000134	143142	149260	Amillepora31207	1	0	0	0	0	0	NA	NA	0	0
Sc0000134	241065	242982	Amillepora31212	1	1	1	1	100	100	NA	NA	100	100
Sc0000134	349302	355667	Amillepora31220	2	0	0	0	0	0	0	0	0	0
Sc0000134	293519	317394	Amillepora31217	3	1	0.3333333333333333	0.3333333333333333	33.333333333333336	0	57.735026918962575	33.333333333333336	100	0
Sc0000134	432057	435954	Amillepora31225	2	0	0	0	0	0	0	0	0	0
Sc0000134	561634	575622	Amillepora31233	1	0	0	0	0	0	NA	NA	0	0
Sc0000134	636370	641623	Amillepora31235	7	0	0	0	0	0	0	0	0	0
Sc0000115	86130	89138	Amillepora30600	1	0	0	0	0	0	NA	NA	0	0
Sc0000115	123292	127248	Amillepora30601	1	0	0	0	0	0	NA	NA	0	0
Sc0000115	177760	180020	Amillepora30606	2	0	0	0	0	0	0	0	0	0
Sc0000115	174473	176125	Amillepora30604	1	0	0	0	0	0	NA	NA	0	0
Sc0000115	206770	210496	Amillepora30614	3	0	0	0	0	0	0	0	0	0
Sc0000115	440236	448717	Amillepora30626	1	0	0	0	0	0	NA	NA	0	0
Sc0000115	437581	439215	Amillepora30625	2	1	0.5	0.5	50	50	70.71067811865476	50	100	0
Sc0000115	511242	514992	Amillepora30632	6	0	0	0	0	0	0	0	0	0
Sc0000115	521545	551375	Amillepora30633	34	1	0.029411764705882353	0.029411764705882353	2.9411764705882355	0	17.149858514250884	2.941176470588235	100	0
Sc0000115	502502	502951	Amillepora30629	1	0	0	0	0	0	NA	NA	0	0
Sc0000115	510410	516272	Amillepora30631	17	0	0	0	0	0	0	0	0	0
Sc0000115	551384	567451	Amillepora30636	9	1	0.1111111111111111	0.1111111111111111	11.11111111111111	0	33.333333333333336	11.111111111111112	100	0
Sc0000115	509107	509466	Amillepora30630	1	0	0	0	0	0	NA	NA	0	0
Sc0000115	754956	756983	Amillepora30644	1	0	0	0	0	0	NA	NA	0	0
Sc0000115	770172	778859	Amillepora30645	1	0	0	0	0	0	NA	NA	0	0
Sc0000115	792689	793717	Amillepora30647	2	0	0	0	0	0	0	0	0	0
Sc0000141	149135	151621	Amillepora31537	1	1	1	1	100	100	NA	NA	100	100
Sc0000141	117358	136699	Amillepora31533	6	0	0	0	0	0	0	0	0	0
Sc0000141	146299	147215	Amillepora31536	2	0	0	0	0	0	0	0	0	0
Sc0000141	98531	112799	Amillepora31532	2	1	0.5	0.5	50	50	70.71067811865476	50	100	0
Sc0000141	73742	81744	Amillepora31531	4	0	0	0	0	0	0	0	0	0
Sc0000141	137797	139065	Amillepora31534	1	1	1	1	100	100	NA	NA	100	100
Sc0000141	255516	270801	Amillepora31542	1	0	0	0	0	0	NA	NA	0	0
Sc0000141	350489	364018	Amillepora31548	3	1	0.3333333333333333	0.3333333333333333	33.333333333333336	0	57.735026918962575	33.333333333333336	100	0
Sc0000141	306484	311969	Amillepora31545	12	0	0	0	0	0	0	0	0	0
Sc0000141	425802	433429	Amillepora31559	2	0	0	0	0	0	0	0	0	0
Sc0000141	476125	487803	Amillepora31562	7	0	0	0	0	0	0	0	0	0
Sc0000141	542027	551040	Amillepora31569	1	0	0	0	0	0	NA	NA	0	0
Sc0000141	588982	614301	Amillepora31573	5	1	0.2	0.2	20	0	44.721359549995796	20	100	0
Sc0000141	630486	651182	Amillepora31575	2	0	0	0	0	0	0	0	0	0
Sc0000141	564322	571021	Amillepora31570	4	0	0	0	0	0	0	0	0	0
Sc0000141	688942	693406	Amillepora31579	1	0	0	0	0	0	NA	NA	0	0
Sc0000089	37340	39741	Amillepora29651	2	1	0.5	0.5	50	50	70.71067811865476	50	100	0
Sc0000089	38293	40330	Amillepora29652	2	1	0.5	0.5	50	50	70.71067811865476	50	100	0
Sc0000089	42894	50852	Amillepora29653	2	0	0	0	0	0	0	0	0	0
Sc0000089	62315	75595	Amillepora29656	2	0	0	0	0	0	0	0	0	0
Sc0000089	185156	189307	Amillepora29660	7	1	0.14285714285714285	0.14285714285714285	14.285714285714286	0	37.79644730092272	14.285714285714285	100	0
Sc0000089	313063	315680	Amillepora29662	1	0	0	0	0	0	NA	NA	0	0
Sc0000089	443835	481791	Amillepora29668	7	0	0	0	0	0	0	0	0	0
Sc0000089	850079	851791	Amillepora29681	1	0	0	0	0	0	NA	NA	0	0
Sc0000089	904993	921843	Amillepora29682	3	0	0	0	0	0	0	0	0	0
Sc0000089	1044457	1047276	Amillepora29690	1	0	0	0	0	0	NA	NA	0	0
Sc0000089	1081021	1083714	Amillepora29691	4	1	0.25	0.25	25	0	50	25	100	0
Sc0000104	38592	40265	Amillepora30244	5	3	0.6	0.6	60	100	54.772255750516614	24.49489742783178	100	0
Sc0000104	37586	38530	Amillepora30243	2	2	1	1	100	100	0	0	100	100
Sc0000104	40303	40851	Amillepora30245	1	1	1	1	100	100	NA	NA	100	100
Sc0000104	30234	34451	Amillepora30242	2	0	0	0	0	0	0	0	0	0
Sc0000104	16550	18869	Amillepora30239	20	6	0.3	0.3	30	0	47.016234598162725	10.513149660756936	100	0
Sc0000104	153926	160340	Amillepora30253	3	0	0	0	0	0	0	0	0	0
Sc0000104	130315	138146	Amillepora30251	4	3	0.75	0.6	62.5	75	47.871355387816905	23.935677693908453	100	0
Sc0000104	227103	232195	Amillepora30265	1	0	0	0	0	0	NA	NA	0	0
Sc0000104	254166	262357	Amillepora30267	4	4	1	1	100	100	0	0	100	100
Sc0000104	283032	285268	Amillepora30273	1	0	0	0	0	0	NA	NA	0	0
Sc0000104	214164	218259	Amillepora30263	7	0	0	0	0	0	0	0	0	0
Sc0000104	198665	211016	Amillepora30262	1	0	0	0	0	0	NA	NA	0	0
Sc0000104	259269	259628	Amillepora30268	3	3	1	1	100	100	0	0	100	100
Sc0000104	259791	263400	Amillepora30269	2	1	0.5	0.5	50	50	70.71067811865476	50	100	0
Sc0000104	289787	291646	Amillepora30274	3	1	0.3333333333333333	0.25	16.666666666666668	0	28.867513459481287	16.666666666666668	50	0
Sc0000104	323013	328081	Amillepora30278	2	0	0	0	0	0	0	0	0	0
Sc0000104	292404	293322	Amillepora30275	1	1	1	1	100	100	NA	NA	100	100
Sc0000104	350115	352059	Amillepora30282	4	0	0	0	0	0	0	0	0	0
Sc0000104	332163	335762	Amillepora30280	5	3	0.6	0.6	60	100	54.772255750516614	24.49489742783178	100	0
Sc0000104	465582	466782	Amillepora30290	1	0	0	0	0	0	NA	NA	0	0
Sc0000104	443467	451153	Amillepora30287	2	1	0.5	0.5	50	50	70.71067811865476	50	100	0
Sc0000104	415241	421180	Amillepora30285	1	1	1	1	100	100	NA	NA	100	100
Sc0000104	379168	385063	Amillepora30283	1	0	0	0	0	0	NA	NA	0	0
Sc0000104	507206	515350	Amillepora30293	2	1	0.5	0.5	50	50	70.71067811865476	50	100	0
Sc0000104	478898	500640	Amillepora30292	6	3	0.5	0.5	50	50	54.772255750516614	22.3606797749979	100	0
Sc0000104	587477	588427	Amillepora30304	1	1	1	1	100	100	NA	NA	100	100
Sc0000104	677960	679231	Amillepora30318	1	0	0	0	0	0	NA	NA	0	0
Sc0000104	652189	653498	Amillepora30314	4	2	0.5	0.5	50	50	57.735026918962575	28.867513459481287	100	0
Sc0000104	684115	685686	Amillepora30320	1	1	1	1	100	100	NA	NA	100	100
Sc0000104	714240	719082	Amillepora30327	7	5	0.7142857142857143	0.7142857142857143	71.42857142857143	100	48.79500364742666	18.442777839082936	100	0
Sc0000104	689693	701512	Amillepora30321	10	4	0.4	0.4	40	0	51.63977794943222	16.329931618554518	100	0
Sc0000104	927410	936819	Amillepora30345	10	5	0.5	0.5	50	50	52.70462766947299	16.666666666666668	100	0
Sc0000104	946755	965572	Amillepora30347	15	3	0.2	0.2	20	0	41.403933560541255	10.690449676496975	100	0
Sc0000104	825246	826163	Amillepora30335	1	1	1	1	100	100	NA	NA	100	100
Sc0000104	854997	863234	Amillepora30338	4	0	0	0	0	0	0	0	0	0
Sc0000104	890113	900569	Amillepora30340	16	1	0.0625	0.0625	6.25	0	25	6.25	100	0
Sc0000104	802144	811562	Amillepora30332	1	0	0	0	0	0	NA	NA	0	0
Sc0000104	922332	927301	Amillepora30344	1	1	1	1	100	100	NA	NA	100	100
Sc0000104	940022	946720	Amillepora30346	11	0	0	0	0	0	0	0	0	0
Sc0000104	967915	979202	Amillepora30348	17	1	0.058823529411764705	0.058823529411764705	5.882352941176471	0	24.253562503633294	5.88235294117647	100	0
Sc0000104	981982	985982	Amillepora30349	1	1	1	1	100	100	NA	NA	100	100
Sc0000122	38948	42347	Amillepora30869	1	0	0	0	0	0	NA	NA	0	0
Sc0000122	27148	57083	Amillepora30868	5	1	0.2	0.2	20	0	44.721359549995796	20	100	0
Sc0000122	139132	142850	Amillepora30875	1	0	0	0	0	0	NA	NA	0	0
Sc0000122	191423	196907	Amillepora30881	3	1	0.3333333333333333	0.3333333333333333	33.333333333333336	0	57.735026918962575	33.333333333333336	100	0
Sc0000122	214497	226717	Amillepora30884	8	2	0.25	0.25	25	0	46.29100498862757	16.366341767699428	100	0
Sc0000122	206258	212810	Amillepora30883	1	0	0	0	0	0	NA	NA	0	0
Sc0000122	198574	206090	Amillepora30882	3	0	0	0	0	0	0	0	0	0
Sc0000122	161015	191035	Amillepora30879	29	1	0.034482758620689655	0.034482758620689655	3.4482758620689653	0	18.569533817705185	3.4482758620689653	100	0
Sc0000122	316070	326810	Amillepora30888	5	2	0.4	0.4	40	0	54.772255750516614	24.49489742783178	100	0
Sc0000122	301079	304560	Amillepora30886	1	1	1	1	100	100	NA	NA	100	100
Sc0000122	327365	341268	Amillepora30889	1	1	1	1	100	100	NA	NA	100	100
Sc0000122	386756	390776	Amillepora30892	3	0	0	0	0	0	0	0	0	0
Sc0000122	376147	409145	Amillepora30891	9	2	0.2222222222222222	0.2222222222222222	22.22222222222222	0	44.09585518440984	14.698618394803281	100	0
Sc0000122	417056	418452	Amillepora30895	2	0	0	0	0	0	0	0	0	0
Sc0000122	460361	471575	Amillepora30898	4	1	0.25	0.25	25	0	50	25	100	0
Sc0000122	553506	562198	Amillepora30922	5	2	0.4	0.4	40	0	54.772255750516614	24.49489742783178	100	0
Sc0000122	562262	563259	Amillepora30923	3	0	0	0	0	0	0	0	0	0
Sc0000122	530511	534681	Amillepora30902	1	0	0	0	0	0	NA	NA	0	0
Sc0000122	566447	580087	Amillepora30925	3	0	0	0	0	0	0	0	0	0
Sc0000122	596562	613045	Amillepora30928	13	0	0	0	0	0	0	0	0	0
Sc0000122	657728	667595	Amillepora30933	9	0	0	0	0	0	0	0	0	0
Sc0000122	653853	654935	Amillepora30932	1	0	0	0	0	0	NA	NA	0	0
Sc0000122	612514	630912	Amillepora30931	15	0	0	0	0	0	0	0	0	0
Sc0000122	722585	736997	Amillepora30937	36	1	0.027777777777777776	0.027777777777777776	2.7777777777777777	0	16.666666666666664	2.777777777777778	100	0
Sc0000122	688401	690296	Amillepora30935	2	0	0	0	0	0	0	0	0	0
Sc0000122	697486	705806	Amillepora30936	6	0	0	0	0	0	0	0	0	0
Sc0000122	767599	768177	Amillepora30943	1	0	0	0	0	0	NA	NA	0	0
Sc0000122	747481	749372	Amillepora30940	1	0	0	0	0	0	NA	NA	0	0
Sc0000122	817177	826379	Amillepora30947	2	0	0	0	0	0	0	0	0	0
Sc0000122	855261	862851	Amillepora30949	2	0	0	0	0	0	0	0	0	0
Sc0000120	65582	93715	Amillepora30716	3	1	0.3333333333333333	0.3333333333333333	33.333333333333336	0	57.735026918962575	33.333333333333336	100	0
Sc0000120	336519	354416	Amillepora30723	15	3	0.2	0.2	20	0	41.403933560541255	10.690449676496975	100	0
Sc0000120	324320	331170	Amillepora30722	1	1	1	1	100	100	NA	NA	100	100
Sc0000120	448934	455427	Amillepora30729	8	0	0	0	0	0	0	0	0	0
Sc0000120	460135	479202	Amillepora30730	15	7	0.4666666666666667	0.4666666666666667	46.666666666666664	0	51.63977794943223	13.333333333333332	100	0
Sc0000120	387763	410830	Amillepora30725	16	2	0.125	0.125	12.5	0	34.15650255319866	8.539125638299666	100	0
Sc0000120	415772	437525	Amillepora30728	26	3	0.11538461538461539	0.11538461538461539	11.538461538461538	0	32.581259360842104	6.389710663783134	100	0
Sc0000120	359355	386785	Amillepora30724	24	1	0.041666666666666664	0.041666666666666664	4.166666666666667	0	20.412414523193153	4.166666666666668	100	0
Sc0000120	535381	548785	Amillepora30737	12	2	0.16666666666666666	0.16666666666666666	16.666666666666668	0	38.92494720807615	11.236664374387368	100	0
Sc0000120	491202	534903	Amillepora30735	35	4	0.11428571428571428	0.11428571428571428	11.428571428571429	0	32.280285109067556	5.456364060755606	100	0
Sc0000120	483823	488939	Amillepora30732	3	0	0	0	0	0	0	0	0	0
Sc0000120	489860	504361	Amillepora30734	9	0	0	0	0	0	0	0	0	0
Sc0000120	548765	558029	Amillepora30738	12	0	0	0	0	0	0	0	0	0
Sc0000120	632781	640177	Amillepora30744	13	0	0	0	0	0	0	0	0	0
Sc0000120	582591	585578	Amillepora30740	2	2	1	1	100	100	0	0	100	100
Sc0000120	590738	592755	Amillepora30741	1	1	1	1	100	100	NA	NA	100	100
Sc0000120	658646	681003	Amillepora30747	10	7	0.7	0.7	70	100	48.3045891539648	15.275252316519467	100	0
Sc0000120	605310	620653	Amillepora30743	12	2	0.16666666666666666	0.16666666666666666	16.666666666666668	0	38.92494720807615	11.236664374387368	100	0
Sc0000120	593289	603030	Amillepora30742	8	7	0.875	0.875	87.5	100	35.35533905932738	12.5	100	0
Sc0000120	643072	647572	Amillepora30745	7	1	0.14285714285714285	0.14285714285714285	14.285714285714286	0	37.79644730092272	14.285714285714285	100	0
Sc0000120	650593	657774	Amillepora30746	2	0	0	0	0	0	0	0	0	0
Sc0000120	565019	590507	Amillepora30739	12	6	0.5	0.5	50	50	52.223296786709355	15.075567228888183	100	0
Sc0000120	699097	700211	Amillepora30750	2	0	0	0	0	0	0	0	0	0
Sc0000120	735084	737209	Amillepora30755	5	0	0	0	0	0	0	0	0	0
Sc0000120	740828	744786	Amillepora30756	5	0	0	0	0	0	0	0	0	0
Sc0000120	703064	716245	Amillepora30751	6	3	0.5	0.5	50	50	54.772255750516614	22.3606797749979	100	0
Sc0000120	717305	729909	Amillepora30753	10	3	0.3	0.3	30	0	48.3045891539648	15.275252316519467	100	0
Sc0000120	759894	788831	Amillepora30757	16	7	0.4375	0.4375	43.75	0	51.234753829797995	12.808688457449499	100	0
Sc0000120	687965	690420	Amillepora30748	3	0	0	0	0	0	0	0	0	0
Sc0000120	845473	858926	Amillepora30784	22	0	0	0	0	0	0	0	0	0
Sc0000120	860929	866216	Amillepora30787	11	0	0	0	0	0	0	0	0	0
Sc0000120	880592	895652	Amillepora30790	15	4	0.26666666666666666	0.26666666666666666	26.666666666666668	0	45.773770821706336	11.818736805705578	100	0
Sc0000120	829709	839755	Amillepora30777	15	0	0	0	0	0	0	0	0	0
Sc0000120	809362	813826	Amillepora30776	7	0	0	0	0	0	0	0	0	0
Sc0000102	128377	134129	Amillepora30154	1	0	0	0	0	0	NA	NA	0	0
Sc0000102	31097	117081	Amillepora30149	44	0	0	0	0	0	0	0	0	0
Sc0000102	179948	197364	Amillepora30157	1	0	0	0	0	0	NA	NA	0	0
Sc0000102	284785	287599	Amillepora30164	1	0	0	0	0	0	NA	NA	0	0
Sc0000102	279985	284779	Amillepora30163	3	0	0	0	0	0	0	0	0	0
Sc0000102	243787	244308	Amillepora30161	1	0	0	0	0	0	NA	NA	0	0
Sc0000102	376900	385489	Amillepora30171	7	0	0	0	0	0	0	0	0	0
Sc0000102	340856	341611	Amillepora30167	1	0	0	0	0	0	NA	NA	0	0
Sc0000102	303026	320493	Amillepora30165	26	0	0	0	0	0	0	0	0	0
Sc0000102	466640	471120	Amillepora30179	2	0	0	0	0	0	0	0	0	0
Sc0000102	415159	421093	Amillepora30176	4	0	0	0	0	0	0	0	0	0
Sc0000102	409218	410711	Amillepora30174	1	0	0	0	0	0	NA	NA	0	0
Sc0000102	394947	409017	Amillepora30173	17	0	0	0	0	0	0	0	0	0
Sc0000102	454264	459300	Amillepora30178	54	10	0.18518518518518517	0.18518518518518517	18.51851851851852	0	39.20951980127809	5.3357398095935915	100	0
Sc0000102	410862	413812	Amillepora30175	4	0	0	0	0	0	0	0	0	0
Sc0000102	546108	555352	Amillepora30185	5	0	0	0	0	0	0	0	0	0
Sc0000102	487123	499734	Amillepora30182	11	0	0	0	0	0	0	0	0	0
Sc0000102	546789	562448	Amillepora30186	9	0	0	0	0	0	0	0	0	0
Sc0000102	718178	722631	Amillepora30204	2	2	1	0.6666666666666666	75	75	35.35533905932738	25	100	50
Sc0000102	734565	736267	Amillepora30205	2	0	0	0	0	0	0	0	0	0
Sc0000102	771397	778038	Amillepora30208	1	0	0	0	0	0	NA	NA	0	0
Sc0000102	813428	819572	Amillepora30212	10	0	0	0	0	0	0	0	0	0
Sc0000102	807400	811363	Amillepora30211	14	8	0.5714285714285714	0.5714285714285714	57.142857142857146	100	51.35525910130955	13.725270326150326	100	0
Sc0000102	820050	820800	Amillepora30213	1	0	0	0	0	0	NA	NA	0	0
Sc0000102	860416	860892	Amillepora30215	1	0	0	0	0	0	NA	NA	0	0
Sc0000102	861440	863207	Amillepora30217	3	0	0	0	0	0	0	0	0	0
Sc0000102	860896	861317	Amillepora30216	1	0	0	0	0	0	NA	NA	0	0
Sc0000102	885616	890399	Amillepora30222	1	1	1	1	100	100	NA	NA	100	100
Sc0000102	999672	1008372	Amillepora30231	1	1	1	1	100	100	NA	NA	100	100
Sc0000102	912153	913511	Amillepora30224	1	1	1	1	100	100	NA	NA	100	100
Sc0000102	896374	897473	Amillepora30223	1	0	0	0	0	0	NA	NA	0	0
Sc0000109	8300	34592	Amillepora30537	6	2	0.3333333333333333	0.3333333333333333	33.333333333333336	0	51.63977794943222	21.081851067789195	100	0
Sc0000109	8145	14595	Amillepora30536	2	1	0.5	0.5	50	50	70.71067811865476	50	100	0
Sc0000109	131032	134985	Amillepora30544	1	0	0	0	0	0	NA	NA	0	0
Sc0000109	314241	316943	Amillepora30555	3	0	0	0	0	0	0	0	0	0
Sc0000109	317387	318274	Amillepora30556	1	0	0	0	0	0	NA	NA	0	0
Sc0000109	310532	312703	Amillepora30552	1	0	0	0	0	0	NA	NA	0	0
Sc0000109	313251	321053	Amillepora30554	6	0	0	0	0	0	0	0	0	0
Sc0000109	365230	385159	Amillepora30562	3	0	0	0	0	0	0	0	0	0
Sc0000109	558087	561964	Amillepora30568	1	0	0	0	0	0	NA	NA	0	0
Sc0000109	526734	533717	Amillepora30565	3	1	0.3333333333333333	0.3333333333333333	33.333333333333336	0	57.735026918962575	33.333333333333336	100	0
Sc0000109	685147	718731	Amillepora30579	8	1	0.125	0.1	6.25	0	17.67766952966369	6.25	50	0
Sc0000109	687634	696399	Amillepora30580	5	1	0.2	0.14285714285714285	10	0	22.360679774997898	10	50	0
Sc0000109	821540	832412	Amillepora30586	2	0	0	0	0	0	0	0	0	0
Sc0000109	947263	953508	Amillepora30597	7	0	0	0	0	0	0	0	0	0
Sc0000109	885645	886976	Amillepora30593	1	0	0	0	0	0	NA	NA	0	0
Sc0000109	895403	898740	Amillepora30594	5	0	0	0	0	0	0	0	0	0
Sc0000118	34640	42132	Amillepora30658	1	0	0	0	0	0	NA	NA	0	0
Sc0000118	168665	169468	Amillepora30664	3	0	0	0	0	0	0	0	0	0
Sc0000118	115788	120363	Amillepora30663	2	0	0	0	0	0	0	0	0	0
Sc0000118	92865	94064	Amillepora30661	2	0	0	0	0	0	0	0	0	0
Sc0000118	85562	86545	Amillepora30660	1	0	0	0	0	0	NA	NA	0	0
Sc0000118	257377	260353	Amillepora30669	5	1	0.2	0.2	20	0	44.721359549995796	20	100	0
Sc0000118	273016	273369	Amillepora30671	2	0	0	0	0	0	0	0	0	0
Sc0000118	278600	279583	Amillepora30672	1	0	0	0	0	0	NA	NA	0	0
Sc0000118	351038	363740	Amillepora30682	2	0	0	0	0	0	0	0	0	0
Sc0000118	285681	286268	Amillepora30675	1	0	0	0	0	0	NA	NA	0	0
Sc0000118	286306	312613	Amillepora30676	11	0	0	0	0	0	0	0	0	0
Sc0000118	349788	353575	Amillepora30681	2	0	0	0	0	0	0	0	0	0
Sc0000118	284019	284651	Amillepora30674	1	0	0	0	0	0	NA	NA	0	0
Sc0000118	279822	281139	Amillepora30673	1	0	0	0	0	0	NA	NA	0	0
Sc0000118	544596	550863	Amillepora30691	1	0	0	0	0	0	NA	NA	0	0
Sc0000118	529852	535941	Amillepora30689	5	0	0	0	0	0	0	0	0	0
Sc0000118	780725	783124	Amillepora30709	1	0	0	0	0	0	NA	NA	0	0
Sc0000118	730423	742647	Amillepora30705	3	0	0	0	0	0	0	0	0	0
Sc0000118	852977	861709	Amillepora30711	1	0	0	0	0	0	NA	NA	0	0
Sc0000126	804	2697	Amillepora30950	3	3	1	1	100	100	0	0	100	100
Sc0000126	30654	43238	Amillepora30952	4	4	1	1	100	100	0	0	100	100
Sc0000126	165755	166835	Amillepora30959	2	0	0	0	0	0	0	0	0	0
Sc0000126	176122	184348	Amillepora30961	1	0	0	0	0	0	NA	NA	0	0
Sc0000126	109563	115761	Amillepora30955	4	2	0.5	0.5	50	50	57.735026918962575	28.867513459481287	100	0
Sc0000126	236038	257521	Amillepora30964	2	1	0.5	0.5	50	50	70.71067811865476	50	100	0
Sc0000126	274622	276912	Amillepora30969	1	0	0	0	0	0	NA	NA	0	0
Sc0000126	221450	228264	Amillepora30963	6	5	0.8333333333333334	0.8333333333333334	83.33333333333333	100	40.824829046386306	16.66666666666667	100	0
Sc0000126	239483	248032	Amillepora30965	2	1	0.5	0.5	50	50	70.71067811865476	50	100	0
Sc0000126	291399	295647	Amillepora30970	1	0	0	0	0	0	NA	NA	0	0
Sc0000126	308416	309429	Amillepora30973	1	0	0	0	0	0	NA	NA	0	0
Sc0000126	302008	302809	Amillepora30972	1	0	0	0	0	0	NA	NA	0	0
Sc0000126	398202	414162	Amillepora30975	13	0	0	0	0	0	0	0	0	0
Sc0000126	424952	432385	Amillepora30976	8	0	0	0	0	0	0	0	0	0
Sc0000126	557854	562686	Amillepora30991	9	3	0.3333333333333333	0.3333333333333333	33.333333333333336	0	50	16.666666666666668	100	0
Sc0000126	579213	585195	Amillepora30994	1	0	0	0	0	0	NA	NA	0	0
Sc0000126	587418	588857	Amillepora30995	1	0	0	0	0	0	NA	NA	0	0
Sc0000126	600511	609445	Amillepora30996	8	0	0	0	0	0	0	0	0	0
Sc0000126	617858	625831	Amillepora30998	2	0	0	0	0	0	0	0	0	0
Sc0000126	666826	695349	Amillepora30999	12	0	0	0	0	0	0	0	0	0
Sc0000126	805031	807367	Amillepora31011	1	0	0	0	0	0	NA	NA	0	0
Sc0000126	807494	808692	Amillepora31012	1	0	0	0	0	0	NA	NA	0	0
Sc0000126	696763	698202	Amillepora31003	2	0	0	0	0	0	0	0	0	0
Sc0000126	792029	794173	Amillepora31010	2	0	0	0	0	0	0	0	0	0
Sc0000126	700902	702848	Amillepora31004	1	0	0	0	0	0	NA	NA	0	0
Sc0000126	711369	713624	Amillepora31005	1	0	0	0	0	0	NA	NA	0	0
Sc0000138	64226	72212	Amillepora31416	15	0	0	0	0	0	0	0	0	0
Sc0000138	46948	51018	Amillepora31415	13	0	0	0	0	0	0	0	0	0
Sc0000138	31965	35380	Amillepora31412	2	1	0.5	0.5	50	50	70.71067811865476	50	100	0
Sc0000138	36723	42663	Amillepora31414	2	2	1	1	100	100	0	0	100	100
Sc0000138	173902	175365	Amillepora31428	1	1	1	1	100	100	NA	NA	100	100
Sc0000138	79344	90773	Amillepora31417	5	0	0	0	0	0	0	0	0	0
Sc0000138	135637	147191	Amillepora31422	7	0	0	0	0	0	0	0	0	0
Sc0000138	99115	120302	Amillepora31419	8	0	0	0	0	0	0	0	0	0
Sc0000138	121294	128024	Amillepora31421	4	0	0	0	0	0	0	0	0	0
Sc0000138	93148	95541	Amillepora31418	1	0	0	0	0	0	NA	NA	0	0
Sc0000138	161973	165068	Amillepora31425	6	3	0.5	0.5	50	50	54.772255750516614	22.3606797749979	100	0
Sc0000138	232351	236166	Amillepora31441	2	0	0	0	0	0	0	0	0	0
Sc0000138	262301	275835	Amillepora31444	25	0	0	0	0	0	0	0	0	0
Sc0000138	243888	253934	Amillepora31443	5	0	0	0	0	0	0	0	0	0
Sc0000138	225167	229052	Amillepora31440	1	0	0	0	0	0	NA	NA	0	0
Sc0000138	217427	221976	Amillepora31438	6	0	0	0	0	0	0	0	0	0
Sc0000138	368294	369436	Amillepora31449	5	0	0	0	0	0	0	0	0	0
Sc0000138	376049	380958	Amillepora31450	4	2	0.5	0.5	50	50	57.735026918962575	28.867513459481287	100	0
Sc0000138	344467	356713	Amillepora31448	19	1	0.05263157894736842	0.05	2.6315789473684212	0	11.470786693528087	2.6315789473684204	50	0
Sc0000138	276477	316482	Amillepora31445	22	2	0.09090909090909091	0.09090909090909091	9.090909090909092	0	29.424494316824987	6.273323266748674	100	0
Sc0000138	388543	390630	Amillepora31451	2	0	0	0	0	0	0	0	0	0
Sc0000138	459357	462905	Amillepora31465	1	0	0	0	0	0	NA	NA	0	0
Sc0000138	418168	418611	Amillepora31454	1	1	1	1	100	100	NA	NA	100	100
Sc0000138	418729	443599	Amillepora31455	6	1	0.16666666666666666	0.16666666666666666	16.666666666666668	0	40.8248290463863	16.66666666666667	100	0
Sc0000138	450802	455988	Amillepora31464	2	1	0.5	0.5	50	50	70.71067811865476	50	100	0
Sc0000138	412319	450794	Amillepora31453	15	6	0.4	0.4	40	0	50.709255283710995	13.093073414159543	100	0
Sc0000138	498780	503711	Amillepora31472	5	1	0.2	0.2	20	0	44.721359549995796	20	100	0
Sc0000138	538660	548093	Amillepora31476	1	0	0	0	0	0	NA	NA	0	0
Sc0000138	549390	567949	Amillepora31477	21	0	0	0	0	0	0	0	0	0
Sc0000138	494170	495719	Amillepora31470	1	0	0	0	0	0	NA	NA	0	0
Sc0000138	569774	580726	Amillepora31479	3	0	0	0	0	0	0	0	0	0
Sc0000138	526573	536088	Amillepora31475	5	4	0.8	0.8	80	100	44.721359549995796	20	100	0
Sc0000138	504101	524813	Amillepora31473	39	0	0	0	0	0	0	0	0	0
Sc0000138	497231	498738	Amillepora31471	1	0	0	0	0	0	NA	NA	0	0
Sc0000138	485480	494075	Amillepora31468	7	2	0.2857142857142857	0.2857142857142857	28.571428571428573	0	48.79500364742666	18.442777839082936	100	0
Sc0000138	613003	627099	Amillepora31482	2	0	0	0	0	0	0	0	0	0
Sc0000138	659224	665132	Amillepora31488	2	0	0	0	0	0	0	0	0	0
Sc0000138	676935	680149	Amillepora31491	5	2	0.4	0.4	40	0	54.772255750516614	24.49489742783178	100	0
Sc0000138	724405	727176	Amillepora31493	2	0	0	0	0	0	0	0	0	0
Sc0000138	648889	654223	Amillepora31487	8	0	0	0	0	0	0	0	0	0
Sc0000138	589293	597449	Amillepora31481	11	0	0	0	0	0	0	0	0	0
Sc0000094	48348	58250	Amillepora29854	2	1	0.5	0.5	50	50	70.71067811865476	50	100	0
Sc0000094	78600	81080	Amillepora29856	1	1	1	1	100	100	NA	NA	100	100
Sc0000094	98554	101996	Amillepora29858	2	0	0	0	0	0	0	0	0	0
Sc0000094	314244	317052	Amillepora29872	1	0	0	0	0	0	NA	NA	0	0
Sc0000094	413467	418041	Amillepora29877	2	1	0.5	0.5	50	50	70.71067811865476	50	100	0
Sc0000094	413973	433896	Amillepora29878	6	2	0.3333333333333333	0.2857142857142857	33.333333333333336	0	51.63977794943222	21.081851067789195	100	0
Sc0000094	452203	452805	Amillepora29886	1	0	0	0	0	0	NA	NA	0	0
Sc0000094	469527	469739	Amillepora29892	1	0	0	0	0	0	NA	NA	0	0
Sc0000094	434463	435982	Amillepora29881	2	0	0	0	0	0	0	0	0	0
Sc0000094	400277	402114	Amillepora29875	1	0	0	0	0	0	NA	NA	0	0
Sc0000094	517189	518267	Amillepora29905	1	0	0	0	0	0	NA	NA	0	0
Sc0000094	482978	484021	Amillepora29896	1	0	0	0	0	0	NA	NA	0	0
Sc0000094	515714	516849	Amillepora29904	1	0	0	0	0	0	NA	NA	0	0
Sc0000094	512303	515669	Amillepora29903	1	0	0	0	0	0	NA	NA	0	0
Sc0000094	639708	643637	Amillepora29912	1	0	0	0	0	0	NA	NA	0	0
Sc0000094	759841	760672	Amillepora29917	6	2	0.3333333333333333	0.3333333333333333	33.333333333333336	0	51.63977794943222	21.081851067789195	100	0
Sc0000094	703066	726101	Amillepora29913	3	0	0	0	0	0	0	0	0	0
Sc0000094	902346	931281	Amillepora29921	32	5	0.15625	0.15151515151515152	15.625	0	36.89020326284736	6.521328221627367	100	0
Sc0000091	96234	105615	Amillepora29791	3	0	0	0	0	0	0	0	0	0
Sc0000091	205567	262781	Amillepora29795	15	0	0	0	0	0	0	0	0	0
Sc0000091	199141	205077	Amillepora29792	2	2	1	1	100	100	0	0	100	100
Sc0000091	450781	459016	Amillepora29804	1	0	0	0	0	0	NA	NA	0	0
Sc0000091	439848	447488	Amillepora29802	3	1	0.3333333333333333	0.3333333333333333	33.333333333333336	0	57.735026918962575	33.333333333333336	100	0
Sc0000091	353973	407818	Amillepora29800	9	2	0.2222222222222222	0.2222222222222222	22.22222222222222	0	44.09585518440984	14.698618394803281	100	0
Sc0000091	336773	346150	Amillepora29799	6	4	0.6666666666666666	0.6666666666666666	66.66666666666667	100	51.63977794943223	21.081851067789195	100	0
Sc0000091	435225	436379	Amillepora29801	1	0	0	0	0	0	NA	NA	0	0
Sc0000091	509625	510521	Amillepora29810	1	0	0	0	0	0	NA	NA	0	0
Sc0000091	487192	495972	Amillepora29808	2	0	0	0	0	0	0	0	0	0
Sc0000091	767649	782743	Amillepora29822	10	0	0	0	0	0	0	0	0	0
Sc0000091	793830	802100	Amillepora29823	3	1	0.3333333333333333	0.3333333333333333	33.333333333333336	0	57.735026918962575	33.333333333333336	100	0
Sc0000091	871993	883963	Amillepora29829	1	0	0	0	0	0	NA	NA	0	0
Sc0000091	802838	810956	Amillepora29824	2	0	0	0	0	0	0	0	0	0
Sc0000091	952124	953062	Amillepora29836	3	0	0	0	0	0	0	0	0	0
Sc0000091	1029713	1033458	Amillepora29845	6	1	0.16666666666666666	0.16666666666666666	16.666666666666668	0	40.8248290463863	16.66666666666667	100	0
Sc0000091	1021903	1027518	Amillepora29844	1	1	1	1	100	100	NA	NA	100	100
Sc0000091	1035965	1044863	Amillepora29846	4	2	0.5	0.5	50	50	57.735026918962575	28.867513459481287	100	0
Sc0000091	987678	997055	Amillepora29838	1	0	0	0	0	0	NA	NA	0	0
Sc0000091	1071930	1074354	Amillepora29850	1	0	0	0	0	0	NA	NA	0	0
Sc0000091	1048446	1056264	Amillepora29848	6	1	0.16666666666666666	0.16666666666666666	16.666666666666668	0	40.82482904638629	16.66666666666667	100	0
Sc0000091	1010699	1022504	Amillepora29843	2	0	0	0	0	0	0	0	0	0
Sc0000091	1063316	1071406	Amillepora29849	6	1	0.16666666666666666	0.16666666666666666	16.666666666666668	0	40.8248290463863	16.66666666666667	100	0
Sc0000091	885423	913894	Amillepora29831	2	0	0	0	0	0	0	0	0	0
Sc0000132	39240	39500	Amillepora31118	1	0	0	0	0	0	NA	NA	0	0
Sc0000132	112711	170149	Amillepora31120	6	0	0	0	0	0	0	0	0	0
Sc0000132	200946	203441	Amillepora31131	1	0	0	0	0	0	NA	NA	0	0
Sc0000132	194820	196628	Amillepora31130	1	0	0	0	0	0	NA	NA	0	0
Sc0000132	330334	346337	Amillepora31138	5	1	0.2	0.2	20	0	44.721359549995796	20	100	0
Sc0000132	441977	451186	Amillepora31144	15	1	0.06666666666666667	0.06666666666666667	6.666666666666667	0	25.81988897471612	6.666666666666666	100	0
Sc0000132	424197	424549	Amillepora31142	1	0	0	0	0	0	NA	NA	0	0
Sc0000132	535369	540251	Amillepora31149	1	0	0	0	0	0	NA	NA	0	0
Sc0000132	735493	736875	Amillepora31165	1	0	0	0	0	0	NA	NA	0	0
Sc0000132	737051	738461	Amillepora31166	1	1	1	1	100	100	NA	NA	100	100
Sc0000098	29810	32913	Amillepora30100	1	0	0	0	0	0	NA	NA	0	0
Sc0000098	12789	16928	Amillepora30096	1	0	0	0	0	0	NA	NA	0	0
Sc0000098	17068	22225	Amillepora30097	1	0	0	0	0	0	NA	NA	0	0
Sc0000098	38884	41090	Amillepora30102	3	0	0	0	0	0	0	0	0	0
Sc0000098	243128	243915	Amillepora30110	1	0	0	0	0	0	NA	NA	0	0
Sc0000098	185583	191139	Amillepora30108	5	0	0	0	0	0	0	0	0	0
Sc0000098	198170	199431	Amillepora30109	2	0	0	0	0	0	0	0	0	0
Sc0000098	450088	452180	Amillepora30115	1	0	0	0	0	0	NA	NA	0	0
Sc0000098	507715	511648	Amillepora30117	2	0	0	0	0	0	0	0	0	0
Sc0000098	590633	594041	Amillepora30121	1	1	1	1	100	100	NA	NA	100	100
Sc0000098	600653	654309	Amillepora30123	15	6	0.4	0.4	40	0	50.709255283710995	13.093073414159543	100	0
Sc0000098	665032	679301	Amillepora30126	8	0	0	0	0	0	0	0	0	0
Sc0000098	790803	791198	Amillepora30132	2	0	0	0	0	0	0	0	0	0
Sc0000098	897883	902431	Amillepora30140	1	0	0	0	0	0	NA	NA	0	0
Sc0000098	1002729	1003601	Amillepora30147	1	0	0	0	0	0	NA	NA	0	0
Sc0000098	985675	988498	Amillepora30145	2	1	0.5	0.5	50	50	70.71067811865476	50	100	0
Sc0000095	50132	50851	Amillepora29935	1	1	1	1	100	100	NA	NA	100	100
Sc0000095	84538	87552	Amillepora29939	14	1	0.07142857142857142	0.07142857142857142	7.142857142857143	0	26.72612419124244	7.142857142857143	100	0
Sc0000095	282528	304113	Amillepora29944	1	0	0	0	0	0	NA	NA	0	0
Sc0000095	460934	476563	Amillepora29952	3	0	0	0	0	0	0	0	0	0
Sc0000095	418475	433308	Amillepora29949	1	0	0	0	0	0	NA	NA	0	0
Sc0000095	394930	408874	Amillepora29946	2	0	0	0	0	0	0	0	0	0
Sc0000095	630041	631960	Amillepora29957	1	0	0	0	0	0	NA	NA	0	0
Sc0000095	733985	758861	Amillepora29967	17	0	0	0	0	0	0	0	0	0
Sc0000095	732686	735272	Amillepora29966	7	0	0	0	0	0	0	0	0	0
Sc0000095	731464	732684	Amillepora29965	1	0	0	0	0	0	NA	NA	0	0
Sc0000095	760799	786642	Amillepora29968	9	0	0	0	0	0	0	0	0	0
Sc0000095	923082	924020	Amillepora29971	2	0	0	0	0	0	0	0	0	0
Sc0000095	937938	940692	Amillepora29976	1	0	0	0	0	0	NA	NA	0	0
Sc0000095	979013	984490	Amillepora29979	5	0	0	0	0	0	0	0	0	0
Sc0000095	953670	970117	Amillepora29977	11	0	0	0	0	0	0	0	0	0
Sc0000239	75918	76779	Amillepora36189	1	0	0	0	0	0	NA	NA	0	0
Sc0000239	12927	20230	Amillepora36185	8	1	0.125	0.125	12.5	0	35.35533905932738	12.5	100	0
Sc0000239	12400	12921	Amillepora36184	2	0	0	0	0	0	0	0	0	0
Sc0000168	26277	38107	Amillepora32821	5	0	0	0	0	0	0	0	0	0
Sc0000168	2361	25709	Amillepora32819	14	7	0.5	0.5	50	50	51.887452166277086	13.86750490563073	100	0
Sc0000168	135088	136359	Amillepora32825	1	0	0	0	0	0	NA	NA	0	0
Sc0000168	127672	128964	Amillepora32824	2	0	0	0	0	0	0	0	0	0
Sc0000168	273508	274212	Amillepora32839	1	0	0	0	0	0	NA	NA	0	0
Sc0000168	144268	150439	Amillepora32826	7	0	0	0	0	0	0	0	0	0
Sc0000168	226389	230360	Amillepora32835	3	0	0	0	0	0	0	0	0	0
Sc0000168	236694	272627	Amillepora32836	21	1	0.047619047619047616	0.047619047619047616	4.761904761904762	0	21.821789023599244	4.761904761904762	100	0
Sc0000168	206238	233099	Amillepora32834	11	0	0	0	0	0	0	0	0	0
Sc0000168	272633	273004	Amillepora32838	2	0	0	0	0	0	0	0	0	0
Sc0000231	5368	6751	Amillepora35859	1	1	1	1	100	100	NA	NA	100	100
Sc0000231	168447	169545	Amillepora35871	1	0	0	0	0	0	NA	NA	0	0
Sc0000231	167583	168410	Amillepora35870	1	0	0	0	0	0	NA	NA	0	0
Sc0000231	35697	36841	Amillepora35860	1	0	0	0	0	0	NA	NA	0	0
Sc0000254	40545	113978	Amillepora36710	16	1	0.0625	0.0625	6.25	0	25	6.25	100	0
Sc0000242	59754	63914	Amillepora36292	8	0	0	0	0	0	0	0	0	0
Sc0000242	113341	129642	Amillepora36298	2	1	0.5	0.5	50	50	70.71067811865476	50	100	0
Sc0000242	137461	138429	Amillepora36300	1	0	0	0	0	0	NA	NA	0	0
Sc0000150	14499	18647	Amillepora31949	1	0	0	0	0	0	NA	NA	0	0
Sc0000150	51629	55710	Amillepora31954	1	0	0	0	0	0	NA	NA	0	0
Sc0000150	57417	58397	Amillepora31955	7	3	0.42857142857142855	0.42857142857142855	42.857142857142854	0	53.45224838248488	20.203050891044217	100	0
Sc0000150	60112	61746	Amillepora31956	1	0	0	0	0	0	NA	NA	0	0
Sc0000150	5846	7635	Amillepora31947	1	0	0	0	0	0	NA	NA	0	0
Sc0000150	16659	44319	Amillepora31950	14	1	0.07142857142857142	0.07142857142857142	7.142857142857143	0	26.72612419124244	7.142857142857143	100	0
Sc0000150	665	5075	Amillepora31946	3	0	0	0	0	0	0	0	0	0
Sc0000150	111311	121012	Amillepora31964	16	0	0	0	0	0	0	0	0	0
Sc0000150	83951	88356	Amillepora31957	2	0	0	0	0	0	0	0	0	0
Sc0000150	139689	144304	Amillepora31966	2	0	0	0	0	0	0	0	0	0
Sc0000150	108517	115261	Amillepora31963	2	1	0.5	0.5	50	50	70.71067811865476	50	100	0
Sc0000150	144393	151357	Amillepora31967	4	0	0	0	0	0	0	0	0	0
Sc0000150	116794	123158	Amillepora31965	14	0	0	0	0	0	0	0	0	0
Sc0000150	245411	245933	Amillepora31974	1	0	0	0	0	0	NA	NA	0	0
Sc0000150	165182	172181	Amillepora31969	3	0	0	0	0	0	0	0	0	0
Sc0000150	247557	265409	Amillepora31975	2	1	0.5	0.5	50	50	70.71067811865476	50	100	0
Sc0000150	294626	302150	Amillepora31976	1	0	0	0	0	0	NA	NA	0	0
Sc0000150	466122	467504	Amillepora31992	2	0	0	0	0	0	0	0	0	0
Sc0000150	415841	447685	Amillepora31989	26	3	0.11538461538461539	0.1111111111111111	11.538461538461538	0	32.5812593608421	6.389710663783134	100	0
Sc0000150	376933	386593	Amillepora31983	2	0	0	0	0	0	0	0	0	0
Sc0000150	389048	396510	Amillepora31986	2	0	0	0	0	0	0	0	0	0
Sc0000150	555180	559186	Amillepora32001	1	0	0	0	0	0	NA	NA	0	0
Sc0000150	576591	576998	Amillepora32004	1	0	0	0	0	0	NA	NA	0	0
Sc0000150	470994	478612	Amillepora31993	6	0	0	0	0	0	0	0	0	0
Sc0000150	572381	586127	Amillepora32003	7	1	0.14285714285714285	0.14285714285714285	14.285714285714286	0	37.79644730092272	14.285714285714285	100	0
Sc0000150	533008	541089	Amillepora31998	3	0	0	0	0	0	0	0	0	0
Sc0000200	30145	34488	Amillepora34357	4	3	0.75	0.75	75	100	50	25	100	0
Sc0000200	5474	9399	Amillepora34353	2	1	0.5	0.5	50	50	70.71067811865476	50	100	0
Sc0000200	62383	63990	Amillepora34358	1	0	0	0	0	0	NA	NA	0	0
Sc0000200	27355	30129	Amillepora34356	1	1	1	1	100	100	NA	NA	100	100
Sc0000200	4214	5064	Amillepora34352	2	0	0	0	0	0	0	0	0	0
Sc0000200	108086	115697	Amillepora34360	23	3	0.13043478260869565	0.125	10.869565217391305	0	29.98682187505051	6.25268459271003	100	0
Sc0000200	220420	222366	Amillepora34367	5	1	0.2	0.2	20	0	44.721359549995796	20	100	0
Sc0000200	167156	168988	Amillepora34364	2	0	0	0	0	0	0	0	0	0
Sc0000200	124591	139871	Amillepora34362	9	0	0	0	0	0	0	0	0	0
Sc0000200	226863	232716	Amillepora34368	19	0	0	0	0	0	0	0	0	0
Sc0000200	143715	146070	Amillepora34363	3	3	1	1	100	100	0	0	100	100
Sc0000200	200440	202778	Amillepora34365	1	0	0	0	0	0	NA	NA	0	0
Sc0000176	21757	26334	Amillepora33443	1	0	0	0	0	0	NA	NA	0	0
Sc0000176	6067	10731	Amillepora33442	7	0	0	0	0	0	0	0	0	0
Sc0000176	4573	6024	Amillepora33441	2	0	0	0	0	0	0	0	0	0
Sc0000176	61428	65102	Amillepora33449	2	2	1	1	100	100	0	0	100	100
Sc0000176	49202	51610	Amillepora33446	3	3	1	1	100	100	0	0	100	100
Sc0000176	51706	52944	Amillepora33447	4	2	0.5	0.5	50	50	57.735026918962575	28.867513459481287	100	0
Sc0000176	77662	79091	Amillepora33452	1	0	0	0	0	0	NA	NA	0	0
Sc0000176	83832	87090	Amillepora33453	4	2	0.5	0.5	50	50	57.735026918962575	28.867513459481287	100	0
Sc0000176	46782	48909	Amillepora33445	3	0	0	0	0	0	0	0	0	0
Sc0000176	118410	120235	Amillepora33459	4	0	0	0	0	0	0	0	0	0
Sc0000176	142486	154935	Amillepora33462	2	2	1	1	100	100	0	0	100	100
Sc0000176	371026	387168	Amillepora33480	6	3	0.5	0.5	50	50	54.772255750516614	22.3606797749979	100	0
Sc0000176	343395	369001	Amillepora33476	14	2	0.14285714285714285	0.14285714285714285	14.285714285714286	0	36.313651960128155	9.705231721239393	100	0
Sc0000176	216335	221816	Amillepora33468	5	2	0.4	0.4	40	0	54.772255750516614	24.49489742783178	100	0
Sc0000176	250195	259668	Amillepora33469	4	2	0.5	0.5	50	50	57.735026918962575	28.867513459481287	100	0
Sc0000176	290859	296072	Amillepora33472	3	1	0.3333333333333333	0.3333333333333333	33.333333333333336	0	57.735026918962575	33.333333333333336	100	0
Sc0000176	296260	314597	Amillepora33473	3	0	0	0	0	0	0	0	0	0
Sc0000212	23624	24583	Amillepora34777	1	0	0	0	0	0	NA	NA	0	0
Sc0000212	1265	8614	Amillepora34773	6	1	0.16666666666666666	0.16666666666666666	16.666666666666668	0	40.82482904638629	16.66666666666667	100	0
Sc0000212	10254	18883	Amillepora34775	13	0	0	0	0	0	0	0	0	0
Sc0000212	234416	240482	Amillepora34789	1	0	0	0	0	0	NA	NA	0	0
Sc0000212	125290	129986	Amillepora34780	2	0	0	0	0	0	0	0	0	0
Sc0000203	78791	82262	Amillepora34393	1	0	0	0	0	0	NA	NA	0	0
Sc0000203	4640	11620	Amillepora34389	3	2	0.6666666666666666	0.6666666666666666	66.66666666666667	100	57.73502691896258	33.333333333333336	100	0
Sc0000203	2212	3180	Amillepora34388	1	0	0	0	0	0	NA	NA	0	0
Sc0000203	45652	46402	Amillepora34390	1	0	0	0	0	0	NA	NA	0	0
Sc0000203	254549	254938	Amillepora34405	2	0	0	0	0	0	0	0	0	0
Sc0000203	204694	219727	Amillepora34402	3	1	0.3333333333333333	0.3333333333333333	33.333333333333336	0	57.735026918962575	33.333333333333336	100	0
Sc0000203	137614	160852	Amillepora34398	10	1	0.1	0.1	10	0	31.622776601683793	10	100	0
Sc0000203	269474	272452	Amillepora34408	1	0	0	0	0	0	NA	NA	0	0
Sc0000203	152179	164892	Amillepora34399	9	0	0	0	0	0	0	0	0	0
Sc0000203	214267	233243	Amillepora34403	4	2	0.5	0.5	50	50	57.735026918962575	28.867513459481287	100	0
Sc0000203	195485	200041	Amillepora34401	3	0	0	0	0	0	0	0	0	0
Sc0000203	275354	283409	Amillepora34409	4	0	0	0	0	0	0	0	0	0
Sc0000152	44485	45373	Amillepora32212	1	0	0	0	0	0	NA	NA	0	0
Sc0000152	60285	61659	Amillepora32215	2	1	0.5	0.5	50	50	70.71067811865476	50	100	0
Sc0000152	69449	72824	Amillepora32217	3	0	0	0	0	0	0	0	0	0
Sc0000152	25084	26487	Amillepora32210	2	0	0	0	0	0	0	0	0	0
Sc0000152	26834	45621	Amillepora32211	12	1	0.08333333333333333	0.08333333333333333	8.333333333333334	0	28.867513459481298	8.333333333333334	100	0
Sc0000152	163571	164830	Amillepora32228	1	0	0	0	0	0	NA	NA	0	0
Sc0000152	171332	178762	Amillepora32230	1	0	0	0	0	0	NA	NA	0	0
Sc0000152	136939	138604	Amillepora32225	4	0	0	0	0	0	0	0	0	0
Sc0000152	184131	185120	Amillepora32233	1	0	0	0	0	0	NA	NA	0	0
Sc0000152	108348	111137	Amillepora32224	2	0	0	0	0	0	0	0	0	0
Sc0000152	96475	97392	Amillepora32221	1	0	0	0	0	0	NA	NA	0	0
Sc0000152	177425	179405	Amillepora32232	1	1	1	1	100	100	NA	NA	100	100
Sc0000152	106185	107103	Amillepora32223	1	0	0	0	0	0	NA	NA	0	0
Sc0000152	171590	177265	Amillepora32231	1	0	0	0	0	0	NA	NA	0	0
Sc0000152	155762	158189	Amillepora32227	1	0	0	0	0	0	NA	NA	0	0
Sc0000152	239924	244643	Amillepora32239	2	2	1	1	100	100	0	0	100	100
Sc0000152	231889	238094	Amillepora32237	5	4	0.8	0.8	80	100	44.721359549995796	20	100	0
Sc0000152	225413	226528	Amillepora32236	1	0	0	0	0	0	NA	NA	0	0
Sc0000152	197819	205714	Amillepora32234	7	0	0	0	0	0	0	0	0	0
Sc0000152	314886	320585	Amillepora32242	1	0	0	0	0	0	NA	NA	0	0
Sc0000152	475843	480587	Amillepora32254	7	1	0.14285714285714285	0.14285714285714285	14.285714285714286	0	37.79644730092272	14.285714285714285	100	0
Sc0000152	482718	484958	Amillepora32255	7	3	0.42857142857142855	0.42857142857142855	42.857142857142854	0	53.45224838248488	20.203050891044217	100	0
Sc0000152	364474	365484	Amillepora32246	2	2	1	1	100	100	0	0	100	100
Sc0000152	363363	364037	Amillepora32245	1	1	1	1	100	100	NA	NA	100	100
Sc0000152	493293	494976	Amillepora32256	1	0	0	0	0	0	NA	NA	0	0
Sc0000152	367558	372554	Amillepora32248	2	1	0.5	0.5	50	50	70.71067811865476	50	100	0
Sc0000152	582084	583685	Amillepora32261	2	0	0	0	0	0	0	0	0	0
Sc0000152	526029	528131	Amillepora32257	2	2	1	1	100	100	0	0	100	100
Sc0000152	415581	423686	Amillepora32252	3	0	0	0	0	0	0	0	0	0
Sc0000152	362309	363267	Amillepora32244	1	1	1	1	100	100	NA	NA	100	100
Sc0000192	80439	85454	Amillepora34077	2	0	0	0	0	0	0	0	0	0
Sc0000192	45582	70455	Amillepora34075	5	1	0.2	0.2	20	0	44.721359549995796	20	100	0
Sc0000192	172417	184771	Amillepora34084	35	4	0.11428571428571428	0.11428571428571428	11.428571428571429	0	32.280285109067556	5.456364060755606	100	0
Sc0000192	146111	170091	Amillepora34082	15	2	0.13333333333333333	0.13333333333333333	13.333333333333334	0	35.18657752744984	9.085135251589959	100	0
Sc0000192	315245	316288	Amillepora34090	1	0	0	0	0	0	NA	NA	0	0
Sc0000192	200535	207734	Amillepora34086	2	1	0.5	0.5	50	50	70.71067811865476	50	100	0
Sc0000192	185730	200453	Amillepora34085	23	0	0	0	0	0	0	0	0	0
Sc0000207	35423	36541	Amillepora34523	1	0	0	0	0	0	NA	NA	0	0
Sc0000207	837	3668	Amillepora34521	1	0	0	0	0	0	NA	NA	0	0
Sc0000207	50826	53582	Amillepora34525	8	3	0.375	0.375	37.5	0	51.75491695067657	18.298126367784995	100	0
Sc0000207	72148	73340	Amillepora34527	1	0	0	0	0	0	NA	NA	0	0
Sc0000207	5332	10715	Amillepora34522	2	0	0	0	0	0	0	0	0	0
Sc0000207	152980	153288	Amillepora34545	1	0	0	0	0	0	NA	NA	0	0
Sc0000207	258988	260690	Amillepora34561	1	0	0	0	0	0	NA	NA	0	0
Sc0000207	87111	93045	Amillepora34528	2	0	0	0	0	0	0	0	0	0
Sc0000207	226927	227757	Amillepora34557	1	1	1	1	100	100	NA	NA	100	100
Sc0000207	166014	169370	Amillepora34550	1	0	0	0	0	0	NA	NA	0	0
Sc0000240	48563	53128	Amillepora36228	5	2	0.4	0.4	40	0	54.772255750516614	24.49489742783178	100	0
Sc0000240	2472	3467	Amillepora36224	1	0	0	0	0	0	NA	NA	0	0
Sc0000201	817	24944	Amillepora34369	2	0	0	0	0	0	0	0	0	0
Sc0000201	171431	181865	Amillepora34382	5	1	0.2	0.2	20	0	44.721359549995796	20	100	0
Sc0000201	157476	160529	Amillepora34380	2	0	0	0	0	0	0	0	0	0
Sc0000201	169616	171069	Amillepora34381	6	0	0	0	0	0	0	0	0	0
Sc0000243	60172	127370	Amillepora36305	16	0	0	0	0	0	0	0	0	0
Sc0000243	133014	134240	Amillepora36309	1	0	0	0	0	0	NA	NA	0	0
Sc0000243	20409	36915	Amillepora36303	7	0	0	0	0	0	0	0	0	0
Sc0000250	116454	116963	Amillepora36495	1	0	0	0	0	0	NA	NA	0	0
Sc0000250	45957	48642	Amillepora36488	1	0	0	0	0	0	NA	NA	0	0
Sc0000250	118093	126199	Amillepora36496	1	0	0	0	0	0	NA	NA	0	0
Sc0000250	107254	107439	Amillepora36493	1	0	0	0	0	0	NA	NA	0	0
Sc0000250	93162	106538	Amillepora36492	7	5	0.7142857142857143	0.7142857142857143	71.42857142857143	100	48.79500364742666	18.442777839082936	100	0
Sc0000205	9567	23249	Amillepora34478	6	2	0.3333333333333333	0.3333333333333333	33.333333333333336	0	51.63977794943222	21.081851067789195	100	0
Sc0000205	226701	232000	Amillepora34494	2	0	0	0	0	0	0	0	0	0
Sc0000205	30464	80400	Amillepora34482	10	0	0	0	0	0	0	0	0	0
Sc0000223	11950	13919	Amillepora35233	2	0	0	0	0	0	0	0	0	0
Sc0000223	21660	26372	Amillepora35234	2	1	0.5	0.5	50	50	70.71067811865476	50	100	0
Sc0000223	111311	121593	Amillepora35241	1	0	0	0	0	0	NA	NA	0	0
Sc0000223	191710	215685	Amillepora35246	13	5	0.38461538461538464	0.38461538461538464	38.46153846153846	0	50.63696835418333	14.044168141158107	100	0
Sc0000223	217705	219048	Amillepora35251	1	0	0	0	0	0	NA	NA	0	0
Sc0000223	215940	217695	Amillepora35250	1	0	0	0	0	0	NA	NA	0	0
Sc0000223	133155	136500	Amillepora35243	1	0	0	0	0	0	NA	NA	0	0
Sc0000223	195903	199847	Amillepora35249	2	0	0	0	0	0	0	0	0	0
Sc0000223	106186	110522	Amillepora35240	1	0	0	0	0	0	NA	NA	0	0
Sc0000216	26488	27620	Amillepora34995	2	0	0	0	0	0	0	0	0	0
Sc0000216	102734	109295	Amillepora35000	14	0	0	0	0	0	0	0	0	0
Sc0000216	222370	223297	Amillepora35013	1	0	0	0	0	0	NA	NA	0	0
Sc0000216	197631	199498	Amillepora35009	1	0	0	0	0	0	NA	NA	0	0
Sc0000216	114095	141906	Amillepora35003	11	0	0	0	0	0	0	0	0	0
Sc0000216	199524	205850	Amillepora35010	3	0	0	0	0	0	0	0	0	0
Sc0000216	95858	96538	Amillepora34999	2	1	0.5	0.5	50	50	70.71067811865476	50	100	0
Sc0000229	9705	19364	Amillepora35827	8	0	0	0	0	0	0	0	0	0
Sc0000229	151834	161838	Amillepora35849	2	0	0	0	0	0	0	0	0	0
Sc0000229	2622	4405	Amillepora35824	1	0	0	0	0	0	NA	NA	0	0
Sc0000229	122495	125095	Amillepora35846	1	0	0	0	0	0	NA	NA	0	0
Sc0000196	210299	260200	Amillepora34190	19	5	0.2631578947368421	0.25	26.31578947368421	0	45.241392835886415	10.379087338771255	100	0
Sc0000183	76287	80526	Amillepora33784	2	2	1	1	100	100	0	0	100	100
Sc0000183	102633	116680	Amillepora33788	4	0	0	0	0	0	0	0	0	0
Sc0000183	146315	156221	Amillepora33791	6	1	0.16666666666666666	0.16666666666666666	16.666666666666668	0	40.8248290463863	16.66666666666667	100	0
Sc0000183	117236	133409	Amillepora33789	8	2	0.25	0.25	25	0	46.29100498862757	16.366341767699428	100	0
Sc0000183	89302	91010	Amillepora33785	3	0	0	0	0	0	0	0	0	0
Sc0000183	91531	109025	Amillepora33786	1	0	0	0	0	0	NA	NA	0	0
Sc0000183	220356	224513	Amillepora33800	3	0	0	0	0	0	0	0	0	0
Sc0000183	173842	187827	Amillepora33794	15	7	0.4666666666666667	0.4666666666666667	46.666666666666664	0	51.63977794943223	13.333333333333332	100	0
Sc0000183	264493	265263	Amillepora33806	1	1	1	1	100	100	NA	NA	100	100
Sc0000183	263631	264491	Amillepora33805	1	0	0	0	0	0	NA	NA	0	0
Sc0000183	187901	192391	Amillepora33796	1	1	1	1	100	100	NA	NA	100	100
Sc0000183	196287	208771	Amillepora33797	7	4	0.5714285714285714	0.5714285714285714	57.142857142857146	100	53.45224838248488	20.203050891044217	100	0
Sc0000183	158060	173760	Amillepora33792	8	1	0.125	0.125	12.5	0	35.35533905932738	12.5	100	0
Sc0000183	212517	219616	Amillepora33799	1	1	1	1	100	100	NA	NA	100	100
Sc0000183	221078	230470	Amillepora33801	9	0	0	0	0	0	0	0	0	0
Sc0000183	339183	345058	Amillepora33809	7	0	0	0	0	0	0	0	0	0
Sc0000183	347174	351364	Amillepora33811	3	0	0	0	0	0	0	0	0	0
Sc0000183	328261	338969	Amillepora33808	5	1	0.2	0.2	20	0	44.721359549995796	20	100	0
Sc0000186	49257	50638	Amillepora33863	2	0	0	0	0	0	0	0	0	0
Sc0000186	3497	12156	Amillepora33860	5	0	0	0	0	0	0	0	0	0
Sc0000186	333850	341836	Amillepora33875	4	0	0	0	0	0	0	0	0	0
Sc0000186	280677	290180	Amillepora33871	7	0	0	0	0	0	0	0	0	0
Sc0000186	225690	227316	Amillepora33869	1	1	1	1	100	100	NA	NA	100	100
Sc0000184	95710	97145	Amillepora33814	1	1	1	1	100	100	NA	NA	100	100
Sc0000184	113098	119193	Amillepora33815	4	1	0.25	0.25	25	0	50	25	100	0
Sc0000184	85848	90021	Amillepora33813	1	0	0	0	0	0	NA	NA	0	0
Sc0000184	216375	231698	Amillepora33821	3	0	0	0	0	0	0	0	0	0
Sc0000184	247506	250763	Amillepora33823	2	0	0	0	0	0	0	0	0	0
Sc0000184	263010	269004	Amillepora33824	1	0	0	0	0	0	NA	NA	0	0
Sc0000184	190719	192887	Amillepora33818	1	0	0	0	0	0	NA	NA	0	0
Sc0000184	204817	207504	Amillepora33820	2	0	0	0	0	0	0	0	0	0
Sc0000161	13116	13493	Amillepora32649	1	0	0	0	0	0	NA	NA	0	0
Sc0000161	188740	189276	Amillepora32657	1	0	0	0	0	0	NA	NA	0	0
Sc0000161	149940	153287	Amillepora32656	1	0	0	0	0	0	NA	NA	0	0
Sc0000161	232140	232634	Amillepora32658	1	0	0	0	0	0	NA	NA	0	0
Sc0000161	313922	360870	Amillepora32669	3	1	0.3333333333333333	0.3333333333333333	33.333333333333336	0	57.735026918962575	33.333333333333336	100	0
Sc0000161	473823	477230	Amillepora32684	3	0	0	0	0	0	0	0	0	0
Sc0000161	499369	502324	Amillepora32688	4	3	0.75	0.75	75	100	50	25	100	0
Sc0000161	522025	524894	Amillepora32690	2	1	0.5	0.5	50	50	70.71067811865476	50	100	0
Sc0000161	471468	473183	Amillepora32682	2	1	0.5	0.5	50	50	70.71067811865476	50	100	0
Sc0000161	480155	490142	Amillepora32685	1	1	1	1	100	100	NA	NA	100	100
Sc0000161	423187	453104	Amillepora32678	46	0	0	0	0	0	0	0	0	0
Sc0000161	397053	401411	Amillepora32673	6	0	0	0	0	0	0	0	0	0
Sc0000161	406291	407724	Amillepora32675	2	0	0	0	0	0	0	0	0	0
Sc0000161	502900	514780	Amillepora32689	13	5	0.38461538461538464	0.38461538461538464	38.46153846153846	0	50.63696835418334	14.044168141158107	100	0
Sc0000161	473213	473781	Amillepora32683	1	0	0	0	0	0	NA	NA	0	0
Sc0000219	63539	65939	Amillepora35068	2	1	0.5	0.5	50	50	70.71067811865476	50	100	0
Sc0000219	8342	10266	Amillepora35062	1	0	0	0	0	0	NA	NA	0	0
Sc0000219	58588	60716	Amillepora35067	4	1	0.25	0.25	25	0	50	25	100	0
Sc0000219	10308	23122	Amillepora35063	5	2	0.4	0.4	40	0	54.772255750516614	24.49489742783178	100	0
Sc0000219	20539	24803	Amillepora35064	6	3	0.5	0.5	50	50	54.772255750516614	22.3606797749979	100	0
Sc0000219	79444	88394	Amillepora35070	7	4	0.5714285714285714	0.5714285714285714	57.142857142857146	100	53.45224838248488	20.203050891044217	100	0
Sc0000219	122283	135770	Amillepora35072	7	1	0.14285714285714285	0.14285714285714285	14.285714285714286	0	37.79644730092272	14.285714285714285	100	0
Sc0000219	168839	173332	Amillepora35077	3	0	0	0	0	0	0	0	0	0
Sc0000159	27424	48658	Amillepora32458	12	0	0	0	0	0	0	0	0	0
Sc0000159	22464	24701	Amillepora32456	4	0	0	0	0	0	0	0	0	0
Sc0000159	129889	135981	Amillepora32463	1	0	0	0	0	0	NA	NA	0	0
Sc0000159	246518	248363	Amillepora32469	2	0	0	0	0	0	0	0	0	0
Sc0000159	140156	213919	Amillepora32464	11	0	0	0	0	0	0	0	0	0
Sc0000159	225503	232379	Amillepora32468	4	0	0	0	0	0	0	0	0	0
Sc0000159	298090	307199	Amillepora32473	3	1	0.3333333333333333	0.3333333333333333	33.333333333333336	0	57.735026918962575	33.333333333333336	100	0
Sc0000159	348258	350441	Amillepora32474	1	0	0	0	0	0	NA	NA	0	0
Sc0000159	275498	327666	Amillepora32470	19	2	0.10526315789473684	0.10526315789473684	10.526315789473685	0	31.530176764230585	7.233518641434491	100	0
Sc0000159	493973	494503	Amillepora32489	1	0	0	0	0	0	NA	NA	0	0
Sc0000159	411780	412547	Amillepora32478	2	1	0.5	0.5	50	50	70.71067811865476	50	100	0
Sc0000159	484203	485553	Amillepora32484	5	0	0	0	0	0	0	0	0	0
Sc0000159	501916	515189	Amillepora32491	4	1	0.25	0.25	25	0	50	25	100	0
Sc0000159	483802	484191	Amillepora32483	1	0	0	0	0	0	NA	NA	0	0
Sc0000159	486669	487631	Amillepora32486	1	1	1	1	100	100	NA	NA	100	100
Sc0000188	28813	30205	Amillepora33879	4	0	0	0	0	0	0	0	0	0
Sc0000188	1168	18213	Amillepora33877	10	0	0	0	0	0	0	0	0	0
Sc0000188	20330	28711	Amillepora33878	5	1	0.2	0.2	20	0	44.721359549995796	20	100	0
Sc0000188	32104	60664	Amillepora33880	22	3	0.13636363636363635	0.13636363636363635	13.636363636363637	0	35.12500866571045	7.48867700952649	100	0
Sc0000188	60796	72395	Amillepora33881	8	1	0.125	0.125	12.5	0	35.35533905932738	12.5	100	0
Sc0000188	73336	99450	Amillepora33882	17	0	0	0	0	0	0	0	0	0
Sc0000188	114254	130371	Amillepora33884	5	0	0	0	0	0	0	0	0	0
Sc0000188	218163	219347	Amillepora33891	1	0	0	0	0	0	NA	NA	0	0
Sc0000188	195432	195846	Amillepora33888	1	1	1	1	100	100	NA	NA	100	100
Sc0000237	108176	116883	Amillepora36086	6	2	0.3333333333333333	0.3333333333333333	33.333333333333336	0	51.63977794943222	21.081851067789195	100	0
Sc0000237	12157	15028	Amillepora36073	2	1	0.5	0.5	50	50	70.71067811865476	50	100	0
Sc0000237	89359	103563	Amillepora36085	13	3	0.23076923076923078	0.23076923076923078	23.076923076923077	0	43.85290096535146	12.162606385262997	100	0
Sc0000237	79296	86954	Amillepora36084	8	0	0	0	0	0	0	0	0	0
Sc0000237	65870	68782	Amillepora36081	5	4	0.8	0.8	80	100	44.721359549995796	20	100	0
Sc0000237	76546	107851	Amillepora36083	27	6	0.2222222222222222	0.2222222222222222	22.22222222222222	0	42.36592728681617	8.153326507837141	100	0
Sc0000237	33281	44492	Amillepora36077	1	0	0	0	0	0	NA	NA	0	0
Sc0000172	239911	241629	Amillepora33153	1	0	0	0	0	0	NA	NA	0	0
Sc0000172	378881	415993	Amillepora33167	5	0	0	0	0	0	0	0	0	0
Sc0000253	110998	111561	Amillepora36612	1	0	0	0	0	0	NA	NA	0	0
Sc0000253	98525	99346	Amillepora36608	2	0	0	0	0	0	0	0	0	0
Sc0000253	99383	100610	Amillepora36609	1	1	1	1	100	100	NA	NA	100	100
Sc0000253	22527	24887	Amillepora36607	1	0	0	0	0	0	NA	NA	0	0
Sc0000185	33187	34354	Amillepora33836	1	1	1	1	100	100	NA	NA	100	100
Sc0000185	805	7450	Amillepora33834	6	2	0.3333333333333333	0.3333333333333333	33.333333333333336	0	51.63977794943222	21.081851067789195	100	0
Sc0000185	67279	73688	Amillepora33843	4	0	0	0	0	0	0	0	0	0
Sc0000185	145338	147041	Amillepora33848	4	1	0.25	0.25	25	0	50	25	100	0
Sc0000185	189068	198349	Amillepora33853	2	0	0	0	0	0	0	0	0	0
Sc0000185	276620	281029	Amillepora33856	2	0	0	0	0	0	0	0	0	0
Sc0000185	200342	203349	Amillepora33855	4	1	0.25	0.25	25	0	50	25	100	0
Sc0000166	58125	60181	Amillepora32787	4	0	0	0	0	0	0	0	0	0
Sc0000166	50374	51066	Amillepora32784	1	0	0	0	0	0	NA	NA	0	0
Sc0000166	1398	21616	Amillepora32778	2	0	0	0	0	0	0	0	0	0
Sc0000166	154251	178324	Amillepora32793	4	1	0.25	0.25	25	0	50	25	100	0
Sc0000166	261282	265310	Amillepora32801	2	0	0	0	0	0	0	0	0	0
Sc0000166	252027	259126	Amillepora32799	3	0	0	0	0	0	0	0	0	0
Sc0000166	259893	266584	Amillepora32800	3	0	0	0	0	0	0	0	0	0
Sc0000166	476192	477334	Amillepora32814	1	0	0	0	0	0	NA	NA	0	0
Sc0000166	448090	448678	Amillepora32810	1	0	0	0	0	0	NA	NA	0	0
Sc0000255	61872	77991	Amillepora36766	21	0	0	0	0	0	0	0	0	0
Sc0000255	43702	49758	Amillepora36765	11	0	0	0	0	0	0	0	0	0
Sc0000255	24421	42870	Amillepora36760	3	2	0.6666666666666666	0.6666666666666666	66.66666666666667	100	57.735026918962575	33.333333333333336	100	0
Sc0000255	78707	80207	Amillepora36767	3	0	0	0	0	0	0	0	0	0
Sc0000255	100971	108166	Amillepora36771	6	0	0	0	0	0	0	0	0	0
Sc0000255	82897	85948	Amillepora36768	2	0	0	0	0	0	0	0	0	0
Sc0000220	40318	43223	Amillepora35204	1	0	0	0	0	0	NA	NA	0	0
Sc0000220	220651	225651	Amillepora35213	1	0	0	0	0	0	NA	NA	0	0
Sc0000236	41045	48501	Amillepora36034	3	0	0	0	0	0	0	0	0	0
Sc0000236	81745	88102	Amillepora36039	2	0	0	0	0	0	0	0	0	0
Sc0000236	145652	146933	Amillepora36048	1	0	0	0	0	0	NA	NA	0	0
Sc0000236	146973	147308	Amillepora36049	2	0	0	0	0	0	0	0	0	0
Sc0000236	93823	94407	Amillepora36045	1	0	0	0	0	0	NA	NA	0	0
Sc0000236	92061	92824	Amillepora36042	2	1	0.5	0.5	50	50	70.71067811865476	50	100	0
Sc0000214	7084	10011	Amillepora34854	2	0	0	0	0	0	0	0	0	0
Sc0000214	10063	57915	Amillepora34855	5	0	0	0	0	0	0	0	0	0
Sc0000214	70704	73951	Amillepora34857	4	3	0.75	0.75	75	100	50	25	100	0
Sc0000214	23035	24441	Amillepora34856	1	0	0	0	0	0	NA	NA	0	0
Sc0000214	74685	79759	Amillepora34858	5	2	0.4	0.4	40	0	54.772255750516614	24.49489742783178	100	0
Sc0000214	86417	89296	Amillepora34860	10	0	0	0	0	0	0	0	0	0
Sc0000214	175191	178039	Amillepora34864	4	0	0	0	0	0	0	0	0	0
Sc0000189	64113	65714	Amillepora33948	1	1	1	1	100	100	NA	NA	100	100
Sc0000189	105681	152048	Amillepora33950	6	0	0	0	0	0	0	0	0	0
Sc0000189	335172	336806	Amillepora33957	4	0	0	0	0	0	0	0	0	0
Sc0000189	329871	332084	Amillepora33956	1	0	0	0	0	0	NA	NA	0	0
Sc0000189	233980	254988	Amillepora33953	13	0	0	0	0	0	0	0	0	0
Sc0000189	193429	222074	Amillepora33952	9	0	0	0	0	0	0	0	0	0
Sc0000189	299016	322631	Amillepora33954	14	5	0.35714285714285715	0.35714285714285715	35.714285714285715	0	49.72451580988469	13.289435848843764	100	0
Sc0000209	210523	212832	Amillepora34589	2	0	0	0	0	0	0	0	0	0
Sc0000209	219320	220453	Amillepora34591	6	1	0.16666666666666666	0.16666666666666666	16.666666666666668	0	40.82482904638629	16.66666666666667	100	0
Sc0000209	217141	219277	Amillepora34590	3	0	0	0	0	0	0	0	0	0
Sc0000211	44120	50254	Amillepora34669	18	7	0.3888888888888889	0.3888888888888889	38.888888888888886	0	50.163132570455026	11.823563735376174	100	0
Sc0000211	68270	81607	Amillepora34671	7	0	0	0	0	0	0	0	0	0
Sc0000211	140430	151749	Amillepora34678	4	2	0.5	0.5	50	50	57.735026918962575	28.867513459481287	100	0
Sc0000211	170580	185476	Amillepora34685	5	0	0	0	0	0	0	0	0	0
Sc0000211	130071	131084	Amillepora34677	1	0	0	0	0	0	NA	NA	0	0
Sc0000211	110627	112817	Amillepora34675	1	0	0	0	0	0	NA	NA	0	0
Sc0000211	156479	167495	Amillepora34679	1	0	0	0	0	0	NA	NA	0	0
Sc0000227	2373	8816	Amillepora35520	5	0	0	0	0	0	0	0	0	0
Sc0000227	147312	153514	Amillepora35533	9	0	0	0	0	0	0	0	0	0
Sc0000227	46791	48146	Amillepora35524	5	0	0	0	0	0	0	0	0	0
Sc0000227	66926	67582	Amillepora35529	2	0	0	0	0	0	0	0	0	0
Sc0000227	156287	160394	Amillepora35535	10	0	0	0	0	0	0	0	0	0
Sc0000227	71296	84302	Amillepora35530	3	0	0	0	0	0	0	0	0	0
Sc0000227	9361	29960	Amillepora35522	36	1	0.027777777777777776	0.02702702702702703	2.7777777777777777	0	16.666666666666664	2.777777777777778	100	0
Sc0000227	136604	139972	Amillepora35532	3	0	0	0	0	0	0	0	0	0
Sc0000227	50512	56700	Amillepora35525	7	0	0	0	0	0	0	0	0	0
Sc0000227	163668	178744	Amillepora35536	12	6	0.5	0.5	50	50	52.223296786709355	15.075567228888183	100	0
Sc0000227	33158	40850	Amillepora35523	1	0	0	0	0	0	NA	NA	0	0
Sc0000160	2970	22240	Amillepora32493	11	6	0.5454545454545454	0.5454545454545454	54.54545454545455	100	52.223296786709355	15.745916432444341	100	0
Sc0000160	33684	34298	Amillepora32497	6	1	0.16666666666666666	0.16666666666666666	16.666666666666668	0	40.8248290463863	16.66666666666667	100	0
Sc0000160	29998	33246	Amillepora32496	3	0	0	0	0	0	0	0	0	0
Sc0000160	63167	63931	Amillepora32503	1	1	1	1	100	100	NA	NA	100	100
Sc0000160	77233	79718	Amillepora32507	4	1	0.25	0.25	25	0	50	25	100	0
Sc0000160	121068	123253	Amillepora32509	1	0	0	0	0	0	NA	NA	0	0
Sc0000160	125423	137625	Amillepora32510	10	0	0	0	0	0	0	0	0	0
Sc0000160	40660	46113	Amillepora32499	2	1	0.5	0.5	50	50	70.71067811865476	50	100	0
Sc0000160	70201	86009	Amillepora32506	5	1	0.2	0.2	20	0	44.721359549995796	20	100	0
Sc0000160	202036	213292	Amillepora32517	7	2	0.2857142857142857	0.2857142857142857	28.571428571428573	0	48.79500364742666	18.442777839082936	100	0
Sc0000160	242947	247577	Amillepora32519	11	2	0.18181818181818182	0.18181818181818182	18.181818181818183	0	40.45199174779453	12.196734422726125	100	0
Sc0000160	321709	363742	Amillepora32526	5	1	0.2	0.2	20	0	44.721359549995796	20	100	0
Sc0000160	406338	409140	Amillepora32533	7	2	0.2857142857142857	0.2857142857142857	28.571428571428573	0	48.79500364742666	18.442777839082936	100	0
Sc0000160	421611	422207	Amillepora32535	1	0	0	0	0	0	NA	NA	0	0
Sc0000160	409822	412293	Amillepora32534	1	0	0	0	0	0	NA	NA	0	0
Sc0000160	385908	398310	Amillepora32532	7	1	0.14285714285714285	0.14285714285714285	14.285714285714286	0	37.79644730092272	14.285714285714285	100	0
Sc0000160	537145	539623	Amillepora32547	2	1	0.5	0.5	50	50	70.71067811865476	50	100	0
Sc0000160	383685	409624	Amillepora32531	17	5	0.29411764705882354	0.29411764705882354	29.41176470588235	0	46.96682183138622	11.391127488845344	100	0
Sc0000160	515391	522964	Amillepora32544	2	2	1	1	100	100	0	0	100	100
Sc0000160	476161	478295	Amillepora32542	1	0	0	0	0	0	NA	NA	0	0
Sc0000232	18615	39444	Amillepora35873	13	0	0	0	0	0	0	0	0	0
Sc0000232	123447	128666	Amillepora35879	3	0	0	0	0	0	0	0	0	0
Sc0000232	61807	76128	Amillepora35874	4	1	0.25	0.25	25	0	50	25	100	0
Sc0000232	148101	151934	Amillepora35880	1	0	0	0	0	0	NA	NA	0	0
Sc0000251	80923	101652	Amillepora36511	6	1	0.16666666666666666	0.16666666666666666	16.666666666666668	0	40.8248290463863	16.66666666666667	100	0
Sc0000251	182	16320	Amillepora36508	4	0	0	0	0	0	0	0	0	0
Sc0000251	101680	103799	Amillepora36512	1	1	1	1	100	100	NA	NA	100	100
Sc0000226	154599	157927	Amillepora35516	1	1	1	1	100	100	NA	NA	100	100
Sc0000226	66321	72377	Amillepora35509	7	0	0	0	0	0	0	0	0	0
Sc0000226	11595	19670	Amillepora35507	2	1	0.5	0.5	50	50	70.71067811865476	50	100	0
Sc0000226	165354	170590	Amillepora35517	5	2	0.4	0.4	40	0	54.772255750516614	24.49489742783178	100	0
Sc0000175	85539	86455	Amillepora33330	1	0	0	0	0	0	NA	NA	0	0
Sc0000175	6597	7606	Amillepora33326	1	0	0	0	0	0	NA	NA	0	0
Sc0000175	8762	9532	Amillepora33328	2	0	0	0	0	0	0	0	0	0
Sc0000175	86480	87815	Amillepora33331	4	0	0	0	0	0	0	0	0	0
Sc0000175	176586	177869	Amillepora33345	1	0	0	0	0	0	NA	NA	0	0
Sc0000175	128649	148204	Amillepora33341	4	0	0	0	0	0	0	0	0	0
Sc0000175	128492	131539	Amillepora33340	1	0	0	0	0	0	NA	NA	0	0
Sc0000175	90447	91598	Amillepora33332	1	0	0	0	0	0	NA	NA	0	0
Sc0000175	219216	220187	Amillepora33348	1	0	0	0	0	0	NA	NA	0	0
Sc0000175	245071	255311	Amillepora33350	11	1	0.09090909090909091	0.09090909090909091	9.090909090909092	0	30.15113445777636	9.09090909090909	100	0
Sc0000175	385962	389493	Amillepora33362	2	1	0.5	0.5	50	50	70.71067811865476	50	100	0
Sc0000175	378787	383720	Amillepora33361	7	1	0.14285714285714285	0.14285714285714285	14.285714285714286	0	37.79644730092272	14.285714285714285	100	0
Sc0000175	226599	230143	Amillepora33349	7	1	0.14285714285714285	0.14285714285714285	14.285714285714286	0	37.79644730092272	14.285714285714285	100	0
Sc0000175	389885	391005	Amillepora33363	3	0	0	0	0	0	0	0	0	0
Sc0000175	354548	372230	Amillepora33359	13	2	0.15384615384615385	0.15384615384615385	15.384615384615385	0	37.553380809940535	10.415433852097385	100	0
Sc0000175	268148	272666	Amillepora33351	1	1	1	1	100	100	NA	NA	100	100
Sc0000217	26304	27761	Amillepora35031	2	0	0	0	0	0	0	0	0	0
Sc0000217	19096	23709	Amillepora35029	14	2	0.14285714285714285	0.14285714285714285	14.285714285714286	0	36.313651960128155	9.705231721239393	100	0
Sc0000217	98951	119923	Amillepora35040	6	1	0.16666666666666666	0.16666666666666666	16.666666666666668	0	40.8248290463863	16.66666666666667	100	0
Sc0000217	164245	172184	Amillepora35045	2	0	0	0	0	0	0	0	0	0
Sc0000217	202392	227235	Amillepora35048	8	0	0	0	0	0	0	0	0	0
Sc0000217	140170	144605	Amillepora35041	1	0	0	0	0	0	NA	NA	0	0
Sc0000217	160089	161756	Amillepora35044	6	0	0	0	0	0	0	0	0	0
Sc0000197	112483	113840	Amillepora34251	3	0	0	0	0	0	0	0	0	0
Sc0000197	208334	210847	Amillepora34260	1	0	0	0	0	0	NA	NA	0	0
Sc0000234	80819	83519	Amillepora35967	1	0	0	0	0	0	NA	NA	0	0
Sc0000234	88430	138517	Amillepora35970	28	5	0.17857142857142858	0.17857142857142858	17.857142857142858	0	39.002102778747975	7.3707046115105985	100	0
Sc0000234	62118	70381	Amillepora35966	10	0	0	0	0	0	0	0	0	0
Sc0000171	306	20602	Amillepora33080	5	1	0.2	0.2	20	0	44.721359549995796	20	100	0
Sc0000171	34838	38419	Amillepora33082	3	0	0	0	0	0	0	0	0	0
Sc0000171	98187	107980	Amillepora33086	4	0	0	0	0	0	0	0	0	0
Sc0000171	77216	93492	Amillepora33083	1	1	1	1	100	100	NA	NA	100	100
Sc0000171	131552	141895	Amillepora33090	1	0	0	0	0	0	NA	NA	0	0
Sc0000171	102154	107307	Amillepora33087	2	0	0	0	0	0	0	0	0	0
Sc0000171	192690	212591	Amillepora33093	9	0	0	0	0	0	0	0	0	0
Sc0000171	224049	225081	Amillepora33096	1	0	0	0	0	0	NA	NA	0	0
Sc0000171	218581	224316	Amillepora33094	1	0	0	0	0	0	NA	NA	0	0
Sc0000171	352608	362431	Amillepora33107	8	0	0	0	0	0	0	0	0	0
Sc0000171	429393	430499	Amillepora33112	3	1	0.3333333333333333	0.3333333333333333	33.333333333333336	0	57.735026918962575	33.333333333333336	100	0
Sc0000171	400718	425532	Amillepora33109	15	1	0.06666666666666667	0.06666666666666667	6.666666666666667	0	25.819888974716115	6.666666666666666	100	0
Sc0000171	430706	432392	Amillepora33113	2	0	0	0	0	0	0	0	0	0
Sc0000171	425975	428435	Amillepora33111	1	0	0	0	0	0	NA	NA	0	0
Sc0000171	294902	295823	Amillepora33101	3	0	0	0	0	0	0	0	0	0
Sc0000171	381880	382164	Amillepora33108	2	0	0	0	0	0	0	0	0	0
Sc0000171	436314	440314	Amillepora33114	1	0	0	0	0	0	NA	NA	0	0
Sc0000155	26514	82644	Amillepora32316	30	7	0.23333333333333334	0.23333333333333334	23.333333333333332	0	43.01830671520764	7.85403232453173	100	0
Sc0000155	681	3227	Amillepora32314	10	1	0.1	0.1	10	0	31.622776601683793	10	100	0
Sc0000155	4121	18543	Amillepora32315	21	0	0	0	0	0	0	0	0	0
Sc0000155	28221	29687	Amillepora32317	4	0	0	0	0	0	0	0	0	0
Sc0000155	151241	151717	Amillepora32322	1	0	0	0	0	0	NA	NA	0	0
Sc0000155	103517	116157	Amillepora32319	13	0	0	0	0	0	0	0	0	0
Sc0000155	133136	137487	Amillepora32321	2	1	0.5	0.5	50	50	70.71067811865476	50	100	0
Sc0000155	116429	132409	Amillepora32320	11	2	0.18181818181818182	0.18181818181818182	18.181818181818183	0	40.45199174779453	12.196734422726125	100	0
Sc0000155	227218	232150	Amillepora32325	9	1	0.1111111111111111	0.1	11.11111111111111	0	33.333333333333336	11.111111111111112	100	0
Sc0000155	290197	290466	Amillepora32328	1	0	0	0	0	0	NA	NA	0	0
Sc0000155	291651	294857	Amillepora32330	2	0	0	0	0	0	0	0	0	0
Sc0000155	521092	528266	Amillepora32356	1	0	0	0	0	0	NA	NA	0	0
Sc0000155	443812	448765	Amillepora32344	4	0	0	0	0	0	0	0	0	0
Sc0000155	510307	512046	Amillepora32354	4	0	0	0	0	0	0	0	0	0
Sc0000155	540931	541470	Amillepora32359	1	0	0	0	0	0	NA	NA	0	0
Sc0000155	387845	398072	Amillepora32335	6	3	0.5	0.42857142857142855	50	50	54.772255750516614	22.3606797749979	100	0
Sc0000155	404284	437531	Amillepora32341	11	3	0.2727272727272727	0.25	27.272727272727273	0	46.70993664969137	14.083575804390607	100	0
Sc0000155	362769	372117	Amillepora32332	2	0	0	0	0	0	0	0	0	0
Sc0000155	473678	474625	Amillepora32347	1	0	0	0	0	0	NA	NA	0	0
Sc0000155	517223	520824	Amillepora32355	2	0	0	0	0	0	0	0	0	0
Sc0000155	559961	560779	Amillepora32361	1	1	1	1	100	100	NA	NA	100	100
Sc0000155	556766	559912	Amillepora32360	5	4	0.8	0.8	80	100	44.721359549995796	20	100	0
Sc0000155	423498	438019	Amillepora32343	4	1	0.25	0.2	25	0	50	25	100	0
Sc0000178	38962	69232	Amillepora33692	7	1	0.14285714285714285	0.14285714285714285	14.285714285714286	0	37.79644730092272	14.285714285714285	100	0
Sc0000178	110153	134118	Amillepora33694	2	0	0	0	0	0	0	0	0	0
Sc0000178	149697	209083	Amillepora33695	5	0	0	0	0	0	0	0	0	0
Sc0000238	64010	64324	Amillepora36171	1	0	0	0	0	0	NA	NA	0	0
Sc0000238	16226	37441	Amillepora36151	3	0	0	0	0	0	0	0	0	0
Sc0000238	127981	142859	Amillepora36176	11	0	0	0	0	0	0	0	0	0
Sc0000238	76719	78947	Amillepora36173	6	0	0	0	0	0	0	0	0	0
Sc0000238	50940	53670	Amillepora36152	1	0	0	0	0	0	NA	NA	0	0
Sc0000238	79233	92792	Amillepora36174	7	0	0	0	0	0	0	0	0	0
Sc0000193	56577	83299	Amillepora34104	10	1	0.1	0.1	10	0	31.622776601683793	10	100	0
Sc0000193	353	2329	Amillepora34099	4	0	0	0	0	0	0	0	0	0
Sc0000193	27485	30598	Amillepora34102	3	1	0.3333333333333333	0.3333333333333333	33.333333333333336	0	57.735026918962575	33.333333333333336	100	0
Sc0000193	50051	53299	Amillepora34103	7	3	0.42857142857142855	0.42857142857142855	42.857142857142854	0	53.45224838248488	20.203050891044217	100	0
Sc0000193	82345	109565	Amillepora34107	40	2	0.05	0.05	5	0	22.072142786315226	3.489912202260564	100	0
Sc0000193	127733	139239	Amillepora34110	18	0	0	0	0	0	0	0	0	0
Sc0000193	117350	122191	Amillepora34109	18	2	0.1111111111111111	0.1111111111111111	11.11111111111111	0	32.338083338177725	7.622159339667059	100	0
Sc0000193	143081	145570	Amillepora34111	2	0	0	0	0	0	0	0	0	0
Sc0000193	237857	238774	Amillepora34117	1	1	1	1	100	100	NA	NA	100	100
Sc0000241	129219	142566	Amillepora36284	2	0	0	0	0	0	0	0	0	0
Sc0000241	9038	10444	Amillepora36274	1	1	1	1	100	100	NA	NA	100	100
Sc0000241	73432	115974	Amillepora36282	15	0	0	0	0	0	0	0	0	0
Sc0000241	73857	117411	Amillepora36283	16	0	0	0	0	0	0	0	0	0
Sc0000241	72247	73378	Amillepora36281	1	0	0	0	0	0	NA	NA	0	0
Sc0000241	21177	22017	Amillepora36275	2	0	0	0	0	0	0	0	0	0
Sc0000230	167225	174589	Amillepora35857	3	0	0	0	0	0	0	0	0	0
Sc0000230	144917	150843	Amillepora35856	10	2	0.2	0.2	20	0	42.16370213557839	13.333333333333332	100	0
Sc0000230	56230	68822	Amillepora35852	19	3	0.15789473684210525	0.13636363636363635	15.789473684210526	0	37.46343246326776	8.5947008518708	100	0
Sc0000230	126757	128840	Amillepora35855	3	0	0	0	0	0	0	0	0	0
Sc0000224	199193	204474	Amillepora35260	1	1	1	1	100	100	NA	NA	100	100
Sc0000224	191077	193824	Amillepora35259	1	0	0	0	0	0	NA	NA	0	0
Sc0000246	30199	40181	Amillepora36328	10	0	0	0	0	0	0	0	0	0
Sc0000198	121917	129671	Amillepora34282	2	1	0.5	0.5	50	50	70.71067811865476	50	100	0
Sc0000198	117626	127689	Amillepora34281	5	1	0.2	0.2	20	0	44.721359549995796	20	100	0
Sc0000198	281156	282166	Amillepora34285	1	1	1	1	100	100	NA	NA	100	100
Sc0000235	84610	87806	Amillepora36015	1	0	0	0	0	0	NA	NA	0	0
Sc0000235	29727	30679	Amillepora36012	3	0	0	0	0	0	0	0	0	0
Sc0000151	129079	130500	Amillepora32053	1	0	0	0	0	0	NA	NA	0	0
Sc0000151	125020	127072	Amillepora32051	3	0	0	0	0	0	0	0	0	0
Sc0000151	200926	204932	Amillepora32055	18	1	0.05555555555555555	0.05555555555555555	5.555555555555555	0	23.570226039551574	5.555555555555556	100	0
Sc0000151	244294	254684	Amillepora32056	1	0	0	0	0	0	NA	NA	0	0
Sc0000151	318284	319909	Amillepora32059	2	0	0	0	0	0	0	0	0	0
Sc0000151	416350	430133	Amillepora32062	5	0	0	0	0	0	0	0	0	0
Sc0000151	431937	432740	Amillepora32065	3	1	0.3333333333333333	0.3333333333333333	33.333333333333336	0	57.735026918962575	33.333333333333336	100	0
Sc0000151	488839	489077	Amillepora32068	2	0	0	0	0	0	0	0	0	0
Sc0000151	531372	535390	Amillepora32073	3	0	0	0	0	0	0	0	0	0
Sc0000151	467646	493352	Amillepora32066	53	0	0	0	0	0	0	0	0	0
Sc0000151	530355	531033	Amillepora32072	2	0	0	0	0	0	0	0	0	0
Sc0000151	555910	557496	Amillepora32077	4	0	0	0	0	0	0	0	0	0
Sc0000151	492411	525810	Amillepora32069	18	0	0	0	0	0	0	0	0	0
Sc0000151	581408	582562	Amillepora32078	1	0	0	0	0	0	NA	NA	0	0
Sc0000151	541025	545082	Amillepora32075	1	0	0	0	0	0	NA	NA	0	0
Sc0000181	88344	141166	Amillepora33738	16	0	0	0	0	0	0	0	0	0
Sc0000181	158127	159815	Amillepora33740	1	0	0	0	0	0	NA	NA	0	0
Sc0000233	72079	79931	Amillepora35888	6	0	0	0	0	0	0	0	0	0
Sc0000233	102722	109553	Amillepora35890	1	0	0	0	0	0	NA	NA	0	0
Sc0000233	116031	141285	Amillepora35892	2	0	0	0	0	0	0	0	0	0
Sc0000233	115800	136121	Amillepora35891	1	0	0	0	0	0	NA	NA	0	0
Sc0000233	43802	49674	Amillepora35886	1	0	0	0	0	0	NA	NA	0	0
Sc0000156	35877	39229	Amillepora32366	2	1	0.5	0.5	50	50	70.71067811865476	50	100	0
Sc0000156	139546	159497	Amillepora32375	1	0	0	0	0	0	NA	NA	0	0
Sc0000156	122801	123301	Amillepora32374	1	0	0	0	0	0	NA	NA	0	0
Sc0000156	270616	271284	Amillepora32386	1	0	0	0	0	0	NA	NA	0	0
Sc0000156	249782	255952	Amillepora32384	2	0	0	0	0	0	0	0	0	0
Sc0000156	281723	284697	Amillepora32389	1	0	0	0	0	0	NA	NA	0	0
Sc0000156	374872	384891	Amillepora32401	6	1	0.16666666666666666	0.16666666666666666	16.666666666666668	0	40.82482904638629	16.66666666666667	100	0
Sc0000156	445020	457772	Amillepora32412	2	0	0	0	0	0	0	0	0	0
Sc0000156	508230	516524	Amillepora32418	1	0	0	0	0	0	NA	NA	0	0
Sc0000156	398964	416591	Amillepora32404	2	1	0.5	0.5	50	50	70.71067811865476	50	100	0
Sc0000156	368030	374497	Amillepora32400	2	0	0	0	0	0	0	0	0	0
Sc0000215	20372	50344	Amillepora34977	14	6	0.42857142857142855	0.42857142857142855	42.857142857142854	0	51.35525910130955	13.725270326150326	100	0
Sc0000215	15662	19067	Amillepora34976	1	1	1	1	100	100	NA	NA	100	100
Sc0000215	154676	159365	Amillepora34985	1	0	0	0	0	0	NA	NA	0	0
Sc0000215	139192	141222	Amillepora34982	3	0	0	0	0	0	0	0	0	0
Sc0000215	103928	118092	Amillepora34980	8	2	0.25	0.25	25	0	46.29100498862757	16.366341767699428	100	0
Sc0000215	146497	147672	Amillepora34983	1	0	0	0	0	0	NA	NA	0	0
Sc0000215	118960	133363	Amillepora34981	6	0	0	0	0	0	0	0	0	0
Sc0000215	147895	152671	Amillepora34984	7	0	0	0	0	0	0	0	0	0
Sc0000249	109748	117402	Amillepora36389	6	0	0	0	0	0	0	0	0	0
Sc0000249	20953	23273	Amillepora36384	1	0	0	0	0	0	NA	NA	0	0
Sc0000249	11882	20946	Amillepora36383	2	1	0.5	0.5	50	50	70.71067811865476	50	100	0
Sc0000249	53091	55181	Amillepora36386	1	0	0	0	0	0	NA	NA	0	0
Sc0000249	63386	108923	Amillepora36388	13	3	0.23076923076923078	0.23076923076923078	23.076923076923077	0	43.85290096535146	12.162606385262997	100	0
Sc0000249	11091	18545	Amillepora36382	4	1	0.25	0.25	25	0	50	25	100	0
Sc0000247	128250	132083	Amillepora36370	2	0	0	0	0	0	0	0	0	0
Sc0000247	87	1503	Amillepora36363	1	0	0	0	0	0	NA	NA	0	0
Sc0000252	24052	38984	Amillepora36517	18	4	0.2222222222222222	0.2222222222222222	22.22222222222222	0	42.77926319464986	10.08316903303367	100	0
Sc0000252	72392	128823	Amillepora36518	6	2	0.3333333333333333	0.3333333333333333	33.333333333333336	0	51.63977794943222	21.081851067789195	100	0
Sc0000174	6720	14257	Amillepora33299	4	0	0	0	0	0	0	0	0	0
Sc0000174	43513	47362	Amillepora33304	7	2	0.2857142857142857	0.2857142857142857	28.571428571428573	0	48.79500364742666	18.442777839082936	100	0
Sc0000174	178001	182218	Amillepora33311	2	2	1	1	100	100	0	0	100	100
Sc0000174	146695	159867	Amillepora33309	11	0	0	0	0	0	0	0	0	0
Sc0000174	89996	92005	Amillepora33306	3	0	0	0	0	0	0	0	0	0
Sc0000174	95716	146708	Amillepora33308	29	1	0.034482758620689655	0.034482758620689655	3.4482758620689653	0	18.56953381770519	3.4482758620689653	100	0
Sc0000174	168489	168919	Amillepora33310	1	0	0	0	0	0	NA	NA	0	0
Sc0000174	232658	238306	Amillepora33316	11	2	0.18181818181818182	0.18181818181818182	18.181818181818183	0	40.45199174779453	12.196734422726125	100	0
Sc0000174	188420	191784	Amillepora33313	10	0	0	0	0	0	0	0	0	0
Sc0000174	212506	216513	Amillepora33314	8	1	0.125	0.125	12.5	0	35.35533905932738	12.5	100	0
Sc0000174	226429	227823	Amillepora33315	5	0	0	0	0	0	0	0	0	0
Sc0000174	245126	252285	Amillepora33318	1	1	1	1	100	100	NA	NA	100	100
Sc0000174	243297	288169	Amillepora33317	13	3	0.23076923076923078	0.23076923076923078	23.076923076923077	0	43.85290096535146	12.162606385262997	100	0
Sc0000174	336701	353165	Amillepora33324	2	0	0	0	0	0	0	0	0	0
Sc0000174	288776	293122	Amillepora33322	2	0	0	0	0	0	0	0	0	0
Sc0000174	334767	335564	Amillepora33323	2	0	0	0	0	0	0	0	0	0
Sc0000218	80720	82967	Amillepora35055	8	0	0	0	0	0	0	0	0	0
Sc0000218	28421	50736	Amillepora35052	18	0	0	0	0	0	0	0	0	0
Sc0000218	80009	80599	Amillepora35054	1	0	0	0	0	0	NA	NA	0	0
Sc0000218	147109	148683	Amillepora35059	6	0	0	0	0	0	0	0	0	0
Sc0000218	203336	205386	Amillepora35060	2	0	0	0	0	0	0	0	0	0
Sc0000165	34000	48735	Amillepora32760	3	0	0	0	0	0	0	0	0	0
Sc0000165	10404	27852	Amillepora32758	1	0	0	0	0	0	NA	NA	0	0
Sc0000165	5639	19234	Amillepora32755	1	0	0	0	0	0	NA	NA	0	0
Sc0000165	92831	125038	Amillepora32762	5	0	0	0	0	0	0	0	0	0
Sc0000165	204642	211650	Amillepora32765	9	2	0.2222222222222222	0.2222222222222222	22.22222222222222	0	44.09585518440984	14.698618394803281	100	0
Sc0000165	345311	345922	Amillepora32770	2	0	0	0	0	0	0	0	0	0
Sc0000165	348489	349586	Amillepora32772	5	0	0	0	0	0	0	0	0	0
Sc0000165	449443	458122	Amillepora32775	8	3	0.375	0.375	37.5	0	51.75491695067657	18.298126367784995	100	0
Sc0000228	142024	152902	Amillepora35773	1	1	1	1	100	100	NA	NA	100	100
Sc0000204	73399	75756	Amillepora34448	1	0	0	0	0	0	NA	NA	0	0
Sc0000204	45762	56902	Amillepora34445	1	0	0	0	0	0	NA	NA	0	0
Sc0000204	203342	207631	Amillepora34460	9	1	0.1111111111111111	0.1111111111111111	11.11111111111111	0	33.333333333333336	11.111111111111112	100	0
Sc0000244	69350	73926	Amillepora36311	1	0	0	0	0	0	NA	NA	0	0
Sc0000244	22785	23968	Amillepora36310	1	0	0	0	0	0	NA	NA	0	0
Sc0000180	15918	45267	Amillepora33703	25	2	0.08	0.08	8	0	27.688746209726915	5.537749241945383	100	0
Sc0000180	51233	69002	Amillepora33705	11	0	0	0	0	0	0	0	0	0
Sc0000180	46193	70904	Amillepora33704	13	1	0.07692307692307693	0.07142857142857142	7.6923076923076925	0	27.735009811261456	7.6923076923076925	100	0
Sc0000180	112370	124496	Amillepora33708	3	0	0	0	0	0	0	0	0	0
Sc0000180	103487	108818	Amillepora33707	6	1	0.16666666666666666	0.16666666666666666	16.666666666666668	0	40.8248290463863	16.66666666666667	100	0
Sc0000180	223744	227571	Amillepora33716	1	0	0	0	0	0	NA	NA	0	0
Sc0000180	196851	207026	Amillepora33714	4	1	0.25	0.25	25	0	50	25	100	0
Sc0000180	271504	275343	Amillepora33724	3	0	0	0	0	0	0	0	0	0
Sc0000180	327031	346663	Amillepora33732	18	3	0.16666666666666666	0.16666666666666666	16.666666666666668	0	38.34824944236851	9.03876907577734	100	0
Sc0000180	352406	355034	Amillepora33734	2	0	0	0	0	0	0	0	0	0
Sc0000180	207487	216327	Amillepora33715	1	1	1	1	100	100	NA	NA	100	100
Sc0000180	281162	298932	Amillepora33727	1	1	1	1	100	100	NA	NA	100	100
Sc0000180	308207	323651	Amillepora33730	4	3	0.75	0.75	75	100	50	25	100	0
Sc0000180	248661	250211	Amillepora33719	1	0	0	0	0	0	NA	NA	0	0
Sc0000180	275947	276617	Amillepora33725	1	0	0	0	0	0	NA	NA	0	0
Sc0000213	38811	88569	Amillepora34817	16	4	0.25	0.25	25	0	44.721359549995796	11.180339887498949	100	0
Sc0000213	21350	34351	Amillepora34813	4	3	0.75	0.75	75	100	50	25	100	0
Sc0000213	32255	38331	Amillepora34814	5	1	0.2	0.2	20	0	44.721359549995796	20	100	0
Sc0000213	122661	130784	Amillepora34822	5	1	0.2	0.2	20	0	44.721359549995796	20	100	0
Sc0000213	230601	237200	Amillepora34832	2	0	0	0	0	0	0	0	0	0
Sc0000213	91626	110212	Amillepora34818	6	1	0.16666666666666666	0.16666666666666666	16.666666666666668	0	40.8248290463863	16.66666666666667	100	0
Sc0000213	181185	209035	Amillepora34829	23	0	0	0	0	0	0	0	0	0
Sc0000213	132489	133462	Amillepora34823	8	3	0.375	0.375	37.5	0	51.75491695067657	18.298126367784995	100	0
Sc0000213	220729	224815	Amillepora34831	6	0	0	0	0	0	0	0	0	0
Sc0000213	148823	177680	Amillepora34825	8	2	0.25	0.25	25	0	46.29100498862757	16.366341767699428	100	0
xfSc0000102	33281	40876	Amillepora32886	6	0	0	0	0	0	0	0	0	0
xfSc0000102	69788	82019	Amillepora32889	5	0	0	0	0	0	0	0	0	0
xfSc0000102	14943	29203	Amillepora32884	7	1	0.14285714285714285	0.14285714285714285	14.285714285714286	0	37.79644730092272	14.285714285714285	100	0
xfSc0000102	47999	51562	Amillepora32887	1	1	1	1	100	100	NA	NA	100	100
xfSc0000102	55821	63086	Amillepora32888	7	0	0	0	0	0	0	0	0	0
xfSc0000102	138105	140602	Amillepora32894	5	0	0	0	0	0	0	0	0	0
xfSc0000102	157634	167838	Amillepora32896	17	0	0	0	0	0	0	0	0	0
xfSc0000102	120519	123258	Amillepora32893	9	0	0	0	0	0	0	0	0	0
xfSc0000102	98489	103250	Amillepora32892	10	0	0	0	0	0	0	0	0	0
xfSc0000102	142359	150613	Amillepora32895	8	0	0	0	0	0	0	0	0	0
xfSc0000102	169884	181056	Amillepora32897	10	0	0	0	0	0	0	0	0	0
xfSc0000102	185516	187426	Amillepora32898	3	0	0	0	0	0	0	0	0	0
xfSc0000102	240156	255280	Amillepora32903	17	0	0	0	0	0	0	0	0	0
xfSc0000102	269649	285532	Amillepora32905	20	1	0.05	0.05	5	0	22.360679774997898	5	100	0
xfSc0000102	229593	233612	Amillepora32902	6	0	0	0	0	0	0	0	0	0
xfSc0000102	209292	222983	Amillepora32901	17	1	0.058823529411764705	0.058823529411764705	5.882352941176471	0	24.2535625036333	5.88235294117647	100	0
xfSc0000102	203837	208061	Amillepora32900	3	1	0.3333333333333333	0.3333333333333333	33.333333333333336	0	57.735026918962575	33.333333333333336	100	0
xfSc0000102	186569	197745	Amillepora32899	6	5	0.8333333333333334	0.8333333333333334	83.33333333333333	100	40.8248290463863	16.66666666666667	100	0
xfSc0000102	295041	306081	Amillepora32908	12	1	0.08333333333333333	0.08333333333333333	8.333333333333334	0	28.867513459481298	8.333333333333334	100	0
xfSc0000102	359763	380631	Amillepora32916	11	5	0.45454545454545453	0.45454545454545453	45.45454545454545	0	52.22329678670935	15.745916432444341	100	0
xfSc0000102	384722	408131	Amillepora32917	16	2	0.125	0.125	12.5	0	34.15650255319866	8.539125638299666	100	0
xfSc0000102	327430	338863	Amillepora32912	11	0	0	0	0	0	0	0	0	0
xfSc0000102	339195	348316	Amillepora32913	11	0	0	0	0	0	0	0	0	0
xfSc0000102	432459	463517	Amillepora32920	16	0	0	0	0	0	0	0	0	0
xfSc0000102	318767	320612	Amillepora32910	3	0	0	0	0	0	0	0	0	0
xfSc0000102	286187	290907	Amillepora32907	7	0	0	0	0	0	0	0	0	0
xfSc0000102	409206	418069	Amillepora32919	3	0	0	0	0	0	0	0	0	0
xfSc0000102	348835	358665	Amillepora32915	1	1	1	1	100	100	NA	NA	100	100
xfSc0000102	310770	314128	Amillepora32909	1	0	0	0	0	0	NA	NA	0	0
Sc0000279	20313	27875	Amillepora37796	2	0	0	0	0	0	0	0	0	0
xfSc0000134	73090	79094	Amillepora34295	4	0	0	0	0	0	0	0	0	0
xfSc0000134	17431	19645	Amillepora34287	3	1	0.3333333333333333	0.3333333333333333	33.333333333333336	0	57.735026918962575	33.333333333333336	100	0
xfSc0000134	79861	81618	Amillepora34296	9	1	0.1111111111111111	0.1111111111111111	11.11111111111111	0	33.333333333333336	11.111111111111112	100	0
xfSc0000134	54706	64507	Amillepora34292	2	2	1	1	100	100	0	0	100	100
xfSc0000134	22396	36517	Amillepora34288	7	4	0.5714285714285714	0.5714285714285714	57.142857142857146	100	53.452248382484875	20.203050891044217	100	0
xfSc0000134	41369	44084	Amillepora34290	4	0	0	0	0	0	0	0	0	0
xfSc0000134	44435	48375	Amillepora34291	5	0	0	0	0	0	0	0	0	0
xfSc0000134	64659	67532	Amillepora34294	1	0	0	0	0	0	NA	NA	0	0
xfSc0000134	102039	102422	Amillepora34298	1	0	0	0	0	0	NA	NA	0	0
xfSc0000134	116796	125794	Amillepora34299	11	1	0.09090909090909091	0.09090909090909091	9.090909090909092	0	30.151134457776358	9.09090909090909	100	0
xfSc0000134	255562	256736	Amillepora34310	2	0	0	0	0	0	0	0	0	0
xfSc0000134	164648	173635	Amillepora34302	3	2	0.6666666666666666	0.6666666666666666	66.66666666666667	100	57.73502691896258	33.333333333333336	100	0
xfSc0000134	126073	133346	Amillepora34300	13	0	0	0	0	0	0	0	0	0
xfSc0000134	188572	201256	Amillepora34304	20	0	0	0	0	0	0	0	0	0
xfSc0000134	138439	172995	Amillepora34301	14	3	0.21428571428571427	0.21428571428571427	21.428571428571427	0	42.581531362632	11.380392954509878	100	0
xfSc0000134	212754	222213	Amillepora34306	12	0	0	0	0	0	0	0	0	0
xfSc0000134	225026	244472	Amillepora34307	15	0	0	0	0	0	0	0	0	0
xfSc0000134	262342	286923	Amillepora34313	9	0	0	0	0	0	0	0	0	0
xfSc0000134	259178	261338	Amillepora34312	3	0	0	0	0	0	0	0	0	0
xfSc0000134	207727	210823	Amillepora34305	1	0	0	0	0	0	NA	NA	0	0
xfSc0000134	246904	248386	Amillepora34308	1	0	0	0	0	0	NA	NA	0	0
xfSc0000134	257415	258071	Amillepora34311	1	0	0	0	0	0	NA	NA	0	0
xfSc0000133	41684	42104	Amillepora34219	1	0	0	0	0	0	NA	NA	0	0
xfSc0000133	129989	137722	Amillepora34226	2	0	0	0	0	0	0	0	0	0
xfSc0000133	280073	280889	Amillepora34237	2	1	0.5	0.5	50	50	70.71067811865476	50	100	0
xfSc0000133	192410	193236	Amillepora34230	1	0	0	0	0	0	NA	NA	0	0
Sc0000276	25843	44719	Amillepora37703	1	0	0	0	0	0	NA	NA	0	0
Sc0000273	30909	33138	Amillepora37652	13	2	0.15384615384615385	0.15384615384615385	15.384615384615385	0	37.553380809940535	10.415433852097385	100	0
xfSc0000130	40994	69700	Amillepora34123	12	3	0.25	0.25	25	0	45.22670168666454	13.055824196677337	100	0
xfSc0000130	15381	16004	Amillepora34120	3	1	0.3333333333333333	0.3333333333333333	33.333333333333336	0	57.735026918962575	33.333333333333336	100	0
xfSc0000130	92213	100174	Amillepora34127	5	4	0.8	0.8	80	100	44.721359549995796	20	100	0
xfSc0000130	141801	147087	Amillepora34130	4	1	0.25	0.25	25	0	50	25	100	0
xfSc0000130	149717	151514	Amillepora34131	2	1	0.5	0.5	50	50	70.71067811865476	50	100	0
xfSc0000130	297064	297723	Amillepora34150	2	0	0	0	0	0	0	0	0	0
xfSc0000130	100108	132148	Amillepora34129	13	9	0.6923076923076923	0.6923076923076923	69.23076923076923	100	48.03844614152614	13.323467750529826	100	0
xfSc0000130	168153	168911	Amillepora34134	2	1	0.5	0.5	50	50	70.71067811865476	50	100	0
xfSc0000130	242541	243989	Amillepora34143	1	0	0	0	0	0	NA	NA	0	0
xfSc0000130	155779	159458	Amillepora34132	4	4	1	1	100	100	0	0	100	100
xfSc0000130	213558	218267	Amillepora34141	1	0	0	0	0	0	NA	NA	0	0
xfSc0000130	183703	188523	Amillepora34136	1	1	1	1	100	100	NA	NA	100	100
xfSc0000130	200530	201477	Amillepora34138	1	1	1	1	100	100	NA	NA	100	100
xfSc0000130	202883	210735	Amillepora34140	9	1	0.1111111111111111	0.1111111111111111	11.11111111111111	0	33.333333333333336	11.111111111111112	100	0
xfSc0000130	166627	167902	Amillepora34133	1	1	1	1	100	100	NA	NA	100	100
xfSc0000130	196493	200492	Amillepora34137	6	1	0.16666666666666666	0.16666666666666666	16.666666666666668	0	40.8248290463863	16.66666666666667	100	0
Sc0000264	25348	30349	Amillepora37062	5	4	0.8	0.8	80	100	44.721359549995796	20	100	0
Sc0000264	81388	89868	Amillepora37067	15	0	0	0	0	0	0	0	0	0
Sc0000264	75718	80415	Amillepora37066	6	0	0	0	0	0	0	0	0	0
Sc0000264	33081	34036	Amillepora37063	4	3	0.75	0.8	75	100	50	25	100	0
xfSc0000062	38449	50230	Amillepora31084	1	0	0	0	0	0	NA	NA	0	0
xfSc0000062	184192	186702	Amillepora31090	5	1	0.2	0.2	20	0	44.721359549995796	20	100	0
xfSc0000062	87030	88572	Amillepora31087	1	0	0	0	0	0	NA	NA	0	0
xfSc0000062	227786	230135	Amillepora31091	1	0	0	0	0	0	NA	NA	0	0
xfSc0000062	315205	317067	Amillepora31092	1	0	0	0	0	0	NA	NA	0	0
xfSc0000062	423161	428141	Amillepora31096	1	0	0	0	0	0	NA	NA	0	0
xfSc0000062	533855	547693	Amillepora31103	1	1	1	1	100	100	NA	NA	100	100
xfSc0000062	567386	568919	Amillepora31105	1	0	0	0	0	0	NA	NA	0	0
xfSc0000062	548439	554044	Amillepora31104	7	0	0	0	0	0	0	0	0	0
xfSc0000062	513601	517805	Amillepora31101	5	0	0	0	0	0	0	0	0	0
xfSc0000062	520132	524739	Amillepora31102	3	0	0	0	0	0	0	0	0	0
xfSc0000062	613099	622245	Amillepora31109	2	1	0.5	0.5	50	50	70.71067811865476	50	100	0
xfSc0000062	707151	723405	Amillepora31111	5	3	0.6	0.6	60	100	54.772255750516614	24.49489742783178	100	0
xfSc0000062	792179	795332	Amillepora31117	2	0	0	0	0	0	0	0	0	0
Sc0000269	8338	9783	Amillepora37378	2	0	0	0	0	0	0	0	0	0
Sc0000269	45292	49082	Amillepora37381	17	2	0.11764705882352941	0.11764705882352941	11.764705882352942	0	33.21055820775357	8.05474349272303	100	0
Sc0000269	44319	45176	Amillepora37380	8	0	0	0	0	0	0	0	0	0
Sc0000269	13478	41579	Amillepora37379	8	0	0	0	0	0	0	0	0	0
Sc0000269	49086	51093	Amillepora37382	18	4	0.2222222222222222	0.2222222222222222	22.22222222222222	0	42.77926319464986	10.08316903303367	100	0
xfSc0000047	51105	51860	Amillepora30425	1	0	0	0	0	0	NA	NA	0	0
xfSc0000047	52644	70321	Amillepora30426	22	1	0.045454545454545456	0.045454545454545456	4.545454545454546	0	21.320071635561042	4.545454545454545	100	0
xfSc0000047	16714	49147	Amillepora30423	21	6	0.2857142857142857	0.2857142857142857	28.571428571428573	0	46.291004988627584	10.101525445522107	100	0
xfSc0000047	142293	152084	Amillepora30428	16	0	0	0	0	0	0	0	0	0
xfSc0000047	111677	114531	Amillepora30427	4	0	0	0	0	0	0	0	0	0
xfSc0000047	271871	273426	Amillepora30437	4	0	0	0	0	0	0	0	0	0
xfSc0000047	280424	284765	Amillepora30439	12	0	0	0	0	0	0	0	0	0
xfSc0000047	194754	227072	Amillepora30432	10	5	0.5	0.5	50	50	52.70462766947299	16.666666666666668	100	0
xfSc0000047	277326	279607	Amillepora30438	8	0	0	0	0	0	0	0	0	0
xfSc0000047	153227	181475	Amillepora30429	26	0	0	0	0	0	0	0	0	0
xfSc0000047	200277	215692	Amillepora30433	5	3	0.6	0.6	60	100	54.772255750516614	24.49489742783178	100	0
xfSc0000047	251808	267293	Amillepora30436	14	1	0.07142857142857142	0.07142857142857142	7.142857142857143	0	26.72612419124244	7.142857142857143	100	0
xfSc0000047	240812	249733	Amillepora30435	11	0	0	0	0	0	0	0	0	0
xfSc0000047	329154	340178	Amillepora30441	13	0	0	0	0	0	0	0	0	0
xfSc0000047	286739	315816	Amillepora30440	44	0	0	0	0	0	0	0	0	0
xfSc0000047	410985	421366	Amillepora30444	2	0	0	0	0	0	0	0	0	0
xfSc0000047	531755	536938	Amillepora30450	2	0	0	0	0	0	0	0	0	0
xfSc0000047	623039	631483	Amillepora30453	1	0	0	0	0	0	NA	NA	0	0
xfSc0000047	652038	665147	Amillepora30456	4	0	0	0	0	0	0	0	0	0
xfSc0000047	646464	654487	Amillepora30455	8	0	0	0	0	0	0	0	0	0
xfSc0000047	634917	635682	Amillepora30454	1	1	1	1	100	100	NA	NA	100	100
xfSc0000047	780879	787403	Amillepora30464	1	0	0	0	0	0	NA	NA	0	0
xfSc0000047	958625	960832	Amillepora30476	2	0	0	0	0	0	0	0	0	0
xfSc0000047	897183	904692	Amillepora30472	24	0	0	0	0	0	0	0	0	0
xfSc0000047	885907	896289	Amillepora30471	9	0	0	0	0	0	0	0	0	0
xfSc0000047	876568	884855	Amillepora30469	6	0	0	0	0	0	0	0	0	0
xfSc0000047	807197	815737	Amillepora30465	22	0	0	0	0	0	0	0	0	0
xfSc0000047	857441	874410	Amillepora30467	16	0	0	0	0	0	0	0	0	0
xfSc0000047	835422	847408	Amillepora30466	6	0	0	0	0	0	0	0	0	0
xfSc0000047	925029	938947	Amillepora30473	11	0	0	0	0	0	0	0	0	0
xfSc0000047	956901	969602	Amillepora30475	13	0	0	0	0	0	0	0	0	0
xfSc0000137	59614	63011	Amillepora34415	5	0	0	0	0	0	0	0	0	0
xfSc0000137	3528	9093	Amillepora34410	2	0	0	0	0	0	0	0	0	0
xfSc0000137	281262	282944	Amillepora34429	1	0	0	0	0	0	NA	NA	0	0
xfSc0000137	151808	154584	Amillepora34419	3	0	0	0	0	0	0	0	0	0
xfSc0000137	144846	147837	Amillepora34418	1	0	0	0	0	0	NA	NA	0	0
xfSc0000137	207914	229123	Amillepora34422	14	0	0	0	0	0	0	0	0	0
xfSc0000137	140312	140970	Amillepora34417	1	0	0	0	0	0	NA	NA	0	0
xfSc0000125	58053	61804	Amillepora33962	6	3	0.5	0.5	50	50	54.772255750516614	22.3606797749979	100	0
xfSc0000125	103777	104460	Amillepora33968	1	1	1	1	100	100	NA	NA	100	100
xfSc0000125	104617	107556	Amillepora33969	1	0	0	0	0	0	NA	NA	0	0
xfSc0000125	98155	102162	Amillepora33967	1	0	0	0	0	0	NA	NA	0	0
xfSc0000125	146675	153708	Amillepora33974	8	5	0.625	0.625	62.5	100	51.75491695067657	18.298126367784995	100	0
xfSc0000125	142183	145321	Amillepora33973	1	1	1	1	100	100	NA	NA	100	100
xfSc0000125	65420	68652	Amillepora33963	6	0	0	0	0	0	0	0	0	0
xfSc0000125	71461	73412	Amillepora33964	1	1	1	1	100	100	NA	NA	100	100
xfSc0000125	128202	161648	Amillepora33972	18	10	0.5555555555555556	0.5555555555555556	55.55555555555556	100	51.130999256491364	12.051692101036453	100	0
xfSc0000125	211818	218608	Amillepora33979	2	1	0.5	0.5	50	50	70.71067811865476	50	100	0
xfSc0000125	234482	234952	Amillepora33982	2	0	0	0	0	0	0	0	0	0
xfSc0000125	169810	198567	Amillepora33976	14	3	0.21428571428571427	0.21428571428571427	21.428571428571427	0	42.581531362632	11.380392954509878	100	0
xfSc0000125	236237	236812	Amillepora33983	1	0	0	0	0	0	NA	NA	0	0
xfSc0000125	301966	303817	Amillepora33990	1	1	1	1	100	100	NA	NA	100	100
xfSc0000125	236816	238522	Amillepora33984	4	1	0.25	0.25	25	0	50	25	100	0
Sc0000260	74312	79573	Amillepora37004	1	0	0	0	0	0	NA	NA	0	0
Sc0000260	94180	98207	Amillepora37007	3	2	0.6666666666666666	0.6666666666666666	66.66666666666667	100	57.73502691896258	33.333333333333336	100	0
Sc0000271	41428	42907	Amillepora37395	3	0	0	0	0	0	0	0	0	0
Sc0000271	52367	55255	Amillepora37398	41	7	0.17073170731707318	0.16666666666666666	17.073170731707318	0	38.094875143451	5.949419959829497	100	0
Sc0000275	30373	39538	Amillepora37691	7	0	0	0	0	0	0	0	0	0
Sc0000275	44894	45352	Amillepora37694	2	0	0	0	0	0	0	0	0	0
Sc0000275	35481	40302	Amillepora37693	8	1	0.125	0.125	12.5	0	35.35533905932738	12.5	100	0
Sc0000275	33615	35469	Amillepora37692	5	0	0	0	0	0	0	0	0	0
xfSc0000120	83980	87848	Amillepora33746	6	0	0	0	0	0	0	0	0	0
xfSc0000120	6245	35396	Amillepora33744	25	0	0	0	0	0	0	0	0	0
xfSc0000120	562	2671	Amillepora33741	1	0	0	0	0	0	NA	NA	0	0
xfSc0000120	146690	152498	Amillepora33753	9	0	0	0	0	0	0	0	0	0
xfSc0000120	154676	172012	Amillepora33754	10	2	0.2	0.2	20	0	42.16370213557839	13.333333333333332	100	0
xfSc0000120	109602	120308	Amillepora33749	8	0	0	0	0	0	0	0	0	0
xfSc0000120	134992	136252	Amillepora33751	1	0	0	0	0	0	NA	NA	0	0
xfSc0000120	123959	131863	Amillepora33750	10	0	0	0	0	0	0	0	0	0
xfSc0000120	96305	102086	Amillepora33747	11	0	0	0	0	0	0	0	0	0
xfSc0000120	174769	181985	Amillepora33755	6	0	0	0	0	0	0	0	0	0
xfSc0000120	137891	141406	Amillepora33752	3	1	0.3333333333333333	0.3333333333333333	33.333333333333336	0	57.735026918962575	33.333333333333336	100	0
xfSc0000120	101678	109494	Amillepora33748	8	0	0	0	0	0	0	0	0	0
xfSc0000120	305418	308000	Amillepora33774	10	0	0	0	0	0	0	0	0	0
xfSc0000120	337085	342479	Amillepora33780	10	0	0	0	0	0	0	0	0	0
xfSc0000120	212618	221417	Amillepora33760	18	0	0	0	0	0	0	0	0	0
xfSc0000120	232449	239531	Amillepora33763	1	0	0	0	0	0	NA	NA	0	0
xfSc0000120	223426	224687	Amillepora33761	1	0	0	0	0	0	NA	NA	0	0
xfSc0000120	332075	334308	Amillepora33779	7	1	0.14285714285714285	0.14285714285714285	14.285714285714286	0	37.79644730092272	14.285714285714285	100	0
xfSc0000120	184500	198515	Amillepora33756	8	3	0.375	0.375	37.5	0	51.75491695067657	18.298126367784995	100	0
xfSc0000120	297502	299907	Amillepora33773	3	0	0	0	0	0	0	0	0	0
xfSc0000120	203888	204379	Amillepora33757	3	0	0	0	0	0	0	0	0	0
xfSc0000120	230604	233944	Amillepora33762	1	0	0	0	0	0	NA	NA	0	0
xfSc0000120	310108	313049	Amillepora33775	8	0	0	0	0	0	0	0	0	0
xfSc0000120	316004	318648	Amillepora33776	6	0	0	0	0	0	0	0	0	0
xfSc0000120	323532	326367	Amillepora33777	9	0	0	0	0	0	0	0	0	0
xfSc0000120	275043	278488	Amillepora33770	1	0	0	0	0	0	NA	NA	0	0
xfSc0000120	293418	294689	Amillepora33772	1	0	0	0	0	0	NA	NA	0	0
xfSc0000080	168527	173581	Amillepora32085	1	0	0	0	0	0	NA	NA	0	0
xfSc0000080	232848	238021	Amillepora32088	13	1	0.07692307692307693	0.07692307692307693	7.6923076923076925	0	27.735009811261456	7.6923076923076925	100	0
xfSc0000080	238045	284598	Amillepora32089	10	0	0	0	0	0	0	0	0	0
xfSc0000080	226846	232422	Amillepora32087	1	0	0	0	0	0	NA	NA	0	0
xfSc0000080	193384	227120	Amillepora32086	4	0	0	0	0	0	0	0	0	0
xfSc0000080	335446	360981	Amillepora32093	1	1	1	1	100	100	NA	NA	100	100
xfSc0000080	374945	378444	Amillepora32096	1	1	1	1	100	100	NA	NA	100	100
xfSc0000080	372955	374864	Amillepora32095	3	0	0	0	0	0	0	0	0	0
xfSc0000080	379099	383411	Amillepora32097	1	0	0	0	0	0	NA	NA	0	0
xfSc0000080	531722	533896	Amillepora32102	1	0	0	0	0	0	NA	NA	0	0
xfSc0000080	506305	511188	Amillepora32101	1	0	0	0	0	0	NA	NA	0	0
xfSc0000123	38455	51670	Amillepora33896	9	0	0	0	0	0	0	0	0	0
xfSc0000123	56258	70253	Amillepora33897	6	0	0	0	0	0	0	0	0	0
xfSc0000123	13897	22840	Amillepora33894	2	0	0	0	0	0	0	0	0	0
xfSc0000123	2132	3836	Amillepora33893	1	0	0	0	0	0	NA	NA	0	0
xfSc0000123	114091	116715	Amillepora33901	1	0	0	0	0	0	NA	NA	0	0
xfSc0000123	121886	125567	Amillepora33902	1	0	0	0	0	0	NA	NA	0	0
xfSc0000123	99559	111947	Amillepora33900	5	0	0	0	0	0	0	0	0	0
xfSc0000123	81773	96417	Amillepora33899	1	0	0	0	0	0	NA	NA	0	0
xfSc0000123	166447	177765	Amillepora33906	4	2	0.5	0.5	50	50	57.735026918962575	28.867513459481287	100	0
xfSc0000123	132778	140707	Amillepora33904	6	0	0	0	0	0	0	0	0	0
xfSc0000123	126243	130707	Amillepora33903	3	0	0	0	0	0	0	0	0	0
xfSc0000123	193809	194732	Amillepora33908	1	0	0	0	0	0	NA	NA	0	0
xfSc0000123	227773	235602	Amillepora33911	5	0	0	0	0	0	0	0	0	0
xfSc0000123	237867	242149	Amillepora33912	2	0	0	0	0	0	0	0	0	0
xfSc0000123	305882	309243	Amillepora33918	2	0	0	0	0	0	0	0	0	0
xfSc0000123	251728	254348	Amillepora33914	2	0	0	0	0	0	0	0	0	0
xfSc0000123	319012	329419	Amillepora33919	4	0	0	0	0	0	0	0	0	0
xfSc0000123	242838	246545	Amillepora33913	1	0	0	0	0	0	NA	NA	0	0
xfSc0000123	256714	269809	Amillepora33916	9	4	0.4444444444444444	0.4444444444444444	44.44444444444444	0	52.70462766947299	17.568209223157663	100	0
xfSc0000123	276755	300545	Amillepora33917	11	0	0	0	0	0	0	0	0	0
xfSc0000123	195759	205827	Amillepora33909	1	0	0	0	0	0	NA	NA	0	0
xfSc0000066	61697	65879	Amillepora31168	1	0	0	0	0	0	NA	NA	0	0
xfSc0000066	295166	295615	Amillepora31176	1	0	0	0	0	0	NA	NA	0	0
xfSc0000066	341106	353858	Amillepora31178	3	0	0	0	0	0	0	0	0	0
xfSc0000066	355172	362995	Amillepora31179	1	0	0	0	0	0	NA	NA	0	0
xfSc0000066	707272	713187	Amillepora31191	1	1	1	1	100	100	NA	NA	100	100
xfSc0000066	577938	600526	Amillepora31188	5	0	0	0	0	0	0	0	0	0
xfSc0000066	718000	725582	Amillepora31192	1	0	0	0	0	0	NA	NA	0	0
xfSc0000132	159970	196209	Amillepora34204	6	1	0.16666666666666666	0.16666666666666666	16.666666666666668	0	40.82482904638629	16.66666666666667	100	0
xfSc0000077	50047	61557	Amillepora31830	20	0	0	0	0	0	0	0	0	0
xfSc0000077	68102	79929	Amillepora31831	23	0	0	0	0	0	0	0	0	0
xfSc0000077	6270	10248	Amillepora31824	3	1	0.3333333333333333	0.3333333333333333	33.333333333333336	0	57.735026918962575	33.333333333333336	100	0
xfSc0000077	37769	45023	Amillepora31829	5	2	0.4	0.4	40	0	54.772255750516614	24.49489742783178	100	0
xfSc0000077	33275	35773	Amillepora31827	2	0	0	0	0	0	0	0	0	0
xfSc0000077	14642	31356	Amillepora31825	8	4	0.5	0.5	50	50	53.45224838248488	18.89822365046136	100	0
xfSc0000077	974	5984	Amillepora31823	3	0	0	0	0	0	0	0	0	0
xfSc0000077	100237	101766	Amillepora31833	5	0	0	0	0	0	0	0	0	0
xfSc0000077	165053	183377	Amillepora31841	19	1	0.05263157894736842	0.05263157894736842	5.2631578947368425	0	22.94157338705618	5.263157894736841	100	0
xfSc0000077	110880	122569	Amillepora31835	6	0	0	0	0	0	0	0	0	0
xfSc0000077	149734	152082	Amillepora31839	2	0	0	0	0	0	0	0	0	0
xfSc0000077	82923	94871	Amillepora31832	4	1	0.25	0.25	25	0	50	25	100	0
xfSc0000077	154642	163266	Amillepora31840	12	0	0	0	0	0	0	0	0	0
xfSc0000077	138757	149687	Amillepora31838	15	1	0.06666666666666667	0.06666666666666667	6.666666666666667	0	25.819888974716125	6.666666666666666	100	0
xfSc0000077	113602	137992	Amillepora31837	18	0	0	0	0	0	0	0	0	0
xfSc0000077	234825	244156	Amillepora31850	6	3	0.5	0.5	50	50	54.772255750516614	22.3606797749979	100	0
xfSc0000077	247141	271734	Amillepora31852	33	4	0.12121212121212122	0.12121212121212122	12.121212121212121	0	33.14339826398085	5.76952508019993	100	0
xfSc0000077	191485	198501	Amillepora31846	1	0	0	0	0	0	NA	NA	0	0
xfSc0000077	215478	229038	Amillepora31848	8	0	0	0	0	0	0	0	0	0
xfSc0000077	187342	191403	Amillepora31845	5	4	0.8	0.8	80	100	44.721359549995796	20	100	0
xfSc0000077	245953	246462	Amillepora31851	1	0	0	0	0	0	NA	NA	0	0
xfSc0000077	207648	215392	Amillepora31847	3	1	0.3333333333333333	0.3333333333333333	33.333333333333336	0	57.735026918962575	33.333333333333336	100	0
xfSc0000077	361608	374061	Amillepora31862	17	0	0	0	0	0	0	0	0	0
xfSc0000077	326554	329142	Amillepora31860	1	0	0	0	0	0	NA	NA	0	0
xfSc0000077	278983	290537	Amillepora31855	3	0	0	0	0	0	0	0	0	0
xfSc0000077	311295	315164	Amillepora31858	1	0	0	0	0	0	NA	NA	0	0
xfSc0000077	335976	351720	Amillepora31861	7	4	0.5714285714285714	0.5714285714285714	57.142857142857146	100	53.45224838248488	20.203050891044217	100	0
xfSc0000077	273753	275624	Amillepora31854	1	0	0	0	0	0	NA	NA	0	0
xfSc0000077	312386	323534	Amillepora31859	2	0	0	0	0	0	0	0	0	0
xfSc0000077	414498	443763	Amillepora31865	26	3	0.11538461538461539	0.11538461538461539	11.538461538461538	0	32.5812593608421	6.389710663783134	100	0
xfSc0000077	396379	397229	Amillepora31863	1	0	0	0	0	0	NA	NA	0	0
xfSc0000077	453964	458994	Amillepora31870	4	1	0.25	0.25	25	0	50	25	100	0
xfSc0000077	434319	443779	Amillepora31868	10	0	0	0	0	0	0	0	0	0
xfSc0000077	463255	463710	Amillepora31874	1	1	1	1	100	100	NA	NA	100	100
xfSc0000077	509094	515525	Amillepora31882	3	2	0.6666666666666666	0.6666666666666666	66.66666666666667	100	57.73502691896258	33.333333333333336	100	0
xfSc0000077	545349	553487	Amillepora31886	9	0	0	0	0	0	0	0	0	0
xfSc0000077	593691	607686	Amillepora31891	22	2	0.09090909090909091	0.09090909090909091	9.090909090909092	0	29.42449431682498	6.273323266748674	100	0
xfSc0000077	467151	492957	Amillepora31877	26	4	0.15384615384615385	0.15384615384615385	15.384615384615385	0	36.794648440311995	7.2160242458822	100	0
xfSc0000077	461361	462608	Amillepora31872	4	1	0.25	0.25	25	0	50	25	100	0
xfSc0000077	537196	544473	Amillepora31885	5	0	0	0	0	0	0	0	0	0
xfSc0000077	589722	591278	Amillepora31890	5	0	0	0	0	0	0	0	0	0
xfSc0000077	553716	575981	Amillepora31887	44	0	0	0	0	0	0	0	0	0
xfSc0000077	490611	508823	Amillepora31880	19	3	0.15789473684210525	0.15789473684210525	15.789473684210526	0	37.46343246326776	8.5947008518708	100	0
xfSc0000077	524972	534510	Amillepora31884	6	3	0.5	0.5	50	50	54.772255750516614	22.3606797749979	100	0
xfSc0000077	516905	522914	Amillepora31883	8	0	0	0	0	0	0	0	0	0
xfSc0000077	587810	588435	Amillepora31889	2	0	0	0	0	0	0	0	0	0
xfSc0000077	579388	581492	Amillepora31888	3	0	0	0	0	0	0	0	0	0
Sc0000257	15201	46545	Amillepora36891	13	6	0.46153846153846156	0.46153846153846156	46.15384615384615	0	51.887452166277086	14.390989949130546	100	0
Sc0000257	61532	62170	Amillepora36893	3	0	0	0	0	0	0	0	0	0
Sc0000257	63105	92038	Amillepora36894	9	0	0	0	0	0	0	0	0	0
Sc0000257	48136	58607	Amillepora36892	6	1	0.16666666666666666	0.16666666666666666	16.666666666666668	0	40.8248290463863	16.66666666666667	100	0
Sc0000257	95099	97265	Amillepora36897	3	0	0	0	0	0	0	0	0	0
Sc0000257	100009	104426	Amillepora36898	2	0	0	0	0	0	0	0	0	0
xfSc0000036	2938	15195	Amillepora29693	2	0	0	0	0	0	0	0	0	0
xfSc0000036	17091	40492	Amillepora29695	3	0	0	0	0	0	0	0	0	0
xfSc0000036	140117	145504	Amillepora29703	5	0	0	0	0	0	0	0	0	0
xfSc0000036	95058	99595	Amillepora29699	7	0	0	0	0	0	0	0	0	0
xfSc0000036	72964	90356	Amillepora29698	2	1	0.5	0.5	50	50	70.71067811865476	50	100	0
xfSc0000036	151788	154724	Amillepora29705	1	0	0	0	0	0	NA	NA	0	0
xfSc0000036	159273	164304	Amillepora29707	2	0	0	0	0	0	0	0	0	0
xfSc0000036	108569	125524	Amillepora29700	3	0	0	0	0	0	0	0	0	0
xfSc0000036	166735	168550	Amillepora29709	1	0	0	0	0	0	NA	NA	0	0
xfSc0000036	286065	384577	Amillepora29716	22	2	0.09090909090909091	0.09090909090909091	9.090909090909092	0	29.424494316824983	6.273323266748674	100	0
xfSc0000036	445045	455616	Amillepora29727	5	0	0	0	0	0	0	0	0	0
xfSc0000036	419850	426405	Amillepora29725	1	1	1	1	100	100	NA	NA	100	100
xfSc0000036	377327	390242	Amillepora29720	3	1	0.3333333333333333	0.3333333333333333	33.333333333333336	0	57.735026918962575	33.333333333333336	100	0
xfSc0000036	434641	442619	Amillepora29726	1	0	0	0	0	0	NA	NA	0	0
xfSc0000036	484231	494116	Amillepora29730	4	0	0	0	0	0	0	0	0	0
xfSc0000036	477728	482488	Amillepora29729	2	0	0	0	0	0	0	0	0	0
xfSc0000036	514640	532218	Amillepora29732	1	1	1	1	100	100	NA	NA	100	100
xfSc0000036	496246	514530	Amillepora29731	3	0	0	0	0	0	0	0	0	0
xfSc0000036	558645	564493	Amillepora29739	4	1	0.25	0.25	25	0	50	25	100	0
xfSc0000036	532679	541667	Amillepora29735	5	0	0	0	0	0	0	0	0	0
xfSc0000036	598223	631277	Amillepora29743	7	0	0	0	0	0	0	0	0	0
xfSc0000036	723347	730457	Amillepora29751	4	1	0.25	0.25	25	0	50	25	100	0
xfSc0000036	758270	775654	Amillepora29756	5	0	0	0	0	0	0	0	0	0
xfSc0000036	736712	745783	Amillepora29753	7	0	0	0	0	0	0	0	0	0
xfSc0000036	711819	718204	Amillepora29749	3	1	0.3333333333333333	0.3333333333333333	33.333333333333336	0	57.735026918962575	33.333333333333336	100	0
xfSc0000036	732216	735565	Amillepora29752	2	0	0	0	0	0	0	0	0	0
xfSc0000036	746257	758160	Amillepora29754	2	0	0	0	0	0	0	0	0	0
xfSc0000036	645808	680856	Amillepora29744	9	1	0.1111111111111111	0.1111111111111111	11.11111111111111	0	33.333333333333336	11.111111111111112	100	0
xfSc0000036	698143	711550	Amillepora29748	3	0	0	0	0	0	0	0	0	0
xfSc0000036	826812	834121	Amillepora29761	1	0	0	0	0	0	NA	NA	0	0
xfSc0000036	841872	852570	Amillepora29762	1	1	1	1	100	100	NA	NA	100	100
xfSc0000036	789868	794626	Amillepora29758	4	0	0	0	0	0	0	0	0	0
xfSc0000036	777854	788021	Amillepora29757	7	0	0	0	0	0	0	0	0	0
xfSc0000036	844307	854047	Amillepora29763	1	1	1	1	100	100	NA	NA	100	100
xfSc0000036	805770	808097	Amillepora29759	2	0	0	0	0	0	0	0	0	0
xfSc0000036	1040078	1043428	Amillepora29783	2	0	0	0	0	0	0	0	0	0
xfSc0000036	983509	989141	Amillepora29774	1	0	0	0	0	0	NA	NA	0	0
xfSc0000036	892959	907414	Amillepora29770	2	0	0	0	0	0	0	0	0	0
xfSc0000036	1012245	1017448	Amillepora29777	1	1	1	1	100	100	NA	NA	100	100
xfSc0000036	1071579	1088868	Amillepora29786	2	0	0	0	0	0	0	0	0	0
xfSc0000036	1064714	1070580	Amillepora29785	1	0	0	0	0	0	NA	NA	0	0
xfSc0000036	1018417	1021845	Amillepora29780	1	0	0	0	0	0	NA	NA	0	0
xfSc0000036	880823	891522	Amillepora29769	4	0	0	0	0	0	0	0	0	0
xfSc0000036	1029732	1035970	Amillepora29782	1	0	0	0	0	0	NA	NA	0	0
xfSc0000131	79278	80928	Amillepora34162	2	0	0	0	0	0	0	0	0	0
xfSc0000131	157962	164603	Amillepora34168	3	0	0	0	0	0	0	0	0	0
xfSc0000131	209011	210090	Amillepora34171	3	0	0	0	0	0	0	0	0	0
xfSc0000131	242407	244554	Amillepora34175	1	0	0	0	0	0	NA	NA	0	0
xfSc0000131	270385	272529	Amillepora34180	1	0	0	0	0	0	NA	NA	0	0
xfSc0000131	226190	228500	Amillepora34174	1	0	0	0	0	0	NA	NA	0	0
xfSc0000131	253742	256470	Amillepora34178	4	0	0	0	0	0	0	0	0	0
xfSc0000131	251731	252159	Amillepora34176	1	0	0	0	0	0	NA	NA	0	0
xfSc0000129	39604	42081	Amillepora34091	2	0	0	0	0	0	0	0	0	0
xfSc0000129	97897	99629	Amillepora34094	2	1	0.5	0.5	50	50	70.71067811865476	50	100	0
xfSc0000129	180961	184602	Amillepora34097	3	1	0.3333333333333333	0.3333333333333333	33.333333333333336	0	57.735026918962575	33.333333333333336	100	0
Sc0000277	16270	33463	Amillepora37759	1	1	1	1	100	100	NA	NA	100	100
xfSc0000041	495	9789	Amillepora29982	14	0	0	0	0	0	0	0	0	0
xfSc0000041	22541	25582	Amillepora29987	2	0	0	0	0	0	0	0	0	0
xfSc0000041	11312	15030	Amillepora29983	6	2	0.3333333333333333	0.3333333333333333	33.333333333333336	0	51.63977794943222	21.081851067789195	100	0
xfSc0000041	126842	134253	Amillepora29993	17	0	0	0	0	0	0	0	0	0
xfSc0000041	151710	155977	Amillepora29995	10	0	0	0	0	0	0	0	0	0
xfSc0000041	139151	142797	Amillepora29994	12	0	0	0	0	0	0	0	0	0
xfSc0000041	37610	49478	Amillepora29990	11	0	0	0	0	0	0	0	0	0
xfSc0000041	55366	78040	Amillepora29991	31	0	0	0	0	0	0	0	0	0
xfSc0000041	100886	122912	Amillepora29992	47	0	0	0	0	0	0	0	0	0
xfSc0000041	167423	174222	Amillepora29997	8	0	0	0	0	0	0	0	0	0
xfSc0000041	159152	165561	Amillepora29996	9	0	0	0	0	0	0	0	0	0
xfSc0000041	31264	35649	Amillepora29989	2	0	0	0	0	0	0	0	0	0
xfSc0000041	179688	187939	Amillepora29998	4	0	0	0	0	0	0	0	0	0
xfSc0000041	262129	268127	Amillepora30004	5	0	0	0	0	0	0	0	0	0
xfSc0000041	190975	205007	Amillepora29999	7	5	0.7142857142857143	0.7142857142857143	71.42857142857143	100	48.79500364742666	18.442777839082936	100	0
xfSc0000041	208974	245222	Amillepora30001	40	7	0.175	0.175	17.5	0	38.480764425479265	6.084343084444758	100	0
xfSc0000041	306245	306946	Amillepora30006	1	0	0	0	0	0	NA	NA	0	0
xfSc0000041	378128	381809	Amillepora30016	4	0	0	0	0	0	0	0	0	0
xfSc0000041	358272	359647	Amillepora30012	6	0	0	0	0	0	0	0	0	0
xfSc0000041	278373	305014	Amillepora30005	11	0	0	0	0	0	0	0	0	0
xfSc0000041	314913	319112	Amillepora30007	3	0	0	0	0	0	0	0	0	0
xfSc0000041	363261	372222	Amillepora30013	1	1	1	1	100	100	NA	NA	100	100
xfSc0000041	345508	347747	Amillepora30010	5	0	0	0	0	0	0	0	0	0
xfSc0000041	356666	358240	Amillepora30011	2	0	0	0	0	0	0	0	0	0
xfSc0000041	450132	452284	Amillepora30021	5	0	0	0	0	0	0	0	0	0
xfSc0000041	453570	459307	Amillepora30022	10	0	0	0	0	0	0	0	0	0
xfSc0000041	407143	424639	Amillepora30017	10	4	0.4	0.4	40	0	51.63977794943222	16.329931618554518	100	0
xfSc0000041	461796	475369	Amillepora30023	12	0	0	0	0	0	0	0	0	0
xfSc0000041	378022	405921	Amillepora30015	28	1	0.03571428571428571	0.03571428571428571	3.5714285714285716	0	18.89822365046134	3.571428571428571	100	0
xfSc0000041	430336	449204	Amillepora30019	17	3	0.17647058823529413	0.17647058823529413	17.647058823529413	0	39.295262399668786	9.530501027070382	100	0
xfSc0000041	475761	494070	Amillepora30024	16	0	0	0	0	0	0	0	0	0
xfSc0000041	512309	526650	Amillepora30027	4	1	0.25	0.25	25	0	50	25	100	0
xfSc0000041	494053	509876	Amillepora30026	11	0	0	0	0	0	0	0	0	0
xfSc0000041	538439	541553	Amillepora30029	2	0	0	0	0	0	0	0	0	0
xfSc0000041	544165	563703	Amillepora30030	1	0	0	0	0	0	NA	NA	0	0
xfSc0000041	584703	605102	Amillepora30035	7	0	0	0	0	0	0	0	0	0
xfSc0000041	663776	670376	Amillepora30036	2	0	0	0	0	0	0	0	0	0
xfSc0000041	719344	726604	Amillepora30044	1	0	0	0	0	0	NA	NA	0	0
xfSc0000041	707789	719385	Amillepora30041	4	0	0	0	0	0	0	0	0	0
xfSc0000041	758872	762786	Amillepora30055	6	0	0	0	0	0	0	0	0	0
xfSc0000041	685741	690598	Amillepora30038	1	0	0	0	0	0	NA	NA	0	0
xfSc0000041	706187	707419	Amillepora30040	1	0	0	0	0	0	NA	NA	0	0
xfSc0000041	821419	823689	Amillepora30070	2	1	0.5	0.5	50	50	70.71067811865476	50	100	0
xfSc0000041	802072	814139	Amillepora30067	1	0	0	0	0	0	NA	NA	0	0
xfSc0000041	814514	815746	Amillepora30069	1	0	0	0	0	0	NA	NA	0	0
xfSc0000041	831340	835395	Amillepora30071	1	0	0	0	0	0	NA	NA	0	0
xfSc0000041	794012	802113	Amillepora30066	1	0	0	0	0	0	NA	NA	0	0
xfSc0000041	972144	992590	Amillepora30087	4	0	0	0	0	0	0	0	0	0
xfSc0000041	995205	997643	Amillepora30088	1	0	0	0	0	0	NA	NA	0	0
xfSc0000041	1026793	1036760	Amillepora30092	4	0	0	0	0	0	0	0	0	0
xfSc0000041	920673	938835	Amillepora30074	6	0	0	0	0	0	0	0	0	0
xfSc0000138	73339	74338	Amillepora34467	1	0	0	0	0	0	NA	NA	0	0
xfSc0000138	166771	180185	Amillepora34474	2	0	0	0	0	0	0	0	0	0
xfSc0000138	215235	221341	Amillepora34476	4	2	0.5	0.5	50	50	57.735026918962575	28.867513459481287	100	0
Sc0000262	21181	34031	Amillepora37029	1	0	0	0	0	0	NA	NA	0	0
Sc0000258	79790	89312	Amillepora36946	11	1	0.09090909090909091	0.09090909090909091	9.090909090909092	0	30.151134457776354	9.09090909090909	100	0
Sc0000258	52525	64187	Amillepora36943	10	2	0.2	0.2	20	0	42.16370213557839	13.333333333333332	100	0
Sc0000258	15474	41562	Amillepora36939	3	0	0	0	0	0	0	0	0	0
Sc0000258	89967	99164	Amillepora36947	14	1	0.07142857142857142	0.07142857142857142	7.142857142857143	0	26.72612419124244	7.142857142857143	100	0
Sc0000258	42281	48552	Amillepora36942	3	1	0.3333333333333333	0.3333333333333333	33.333333333333336	0	57.735026918962575	33.333333333333336	100	0
Sc0000258	65716	71394	Amillepora36944	8	0	0	0	0	0	0	0	0	0
Sc0000258	99929	101671	Amillepora36948	6	0	0	0	0	0	0	0	0	0
xfSc0000107	32837	39792	Amillepora33182	2	0	0	0	0	0	0	0	0	0
xfSc0000107	73336	80014	Amillepora33189	2	0	0	0	0	0	0	0	0	0
xfSc0000107	32984	39894	Amillepora33183	2	0	0	0	0	0	0	0	0	0
xfSc0000107	57113	60788	Amillepora33187	1	0	0	0	0	0	NA	NA	0	0
xfSc0000107	159903	162642	Amillepora33195	3	0	0	0	0	0	0	0	0	0
xfSc0000107	111147	111923	Amillepora33193	1	0	0	0	0	0	NA	NA	0	0
xfSc0000107	83565	98430	Amillepora33190	12	0	0	0	0	0	0	0	0	0
xfSc0000107	227691	231139	Amillepora33200	1	0	0	0	0	0	NA	NA	0	0
xfSc0000107	249045	261912	Amillepora33202	1	0	0	0	0	0	NA	NA	0	0
xfSc0000107	309464	317012	Amillepora33205	4	0	0	0	0	0	0	0	0	0
xfSc0000107	405191	409678	Amillepora33214	1	0	0	0	0	0	NA	NA	0	0
xfSc0000107	303577	307209	Amillepora33203	14	0	0	0	0	0	0	0	0	0
xfSc0000107	418902	420106	Amillepora33215	7	0	0	0	0	0	0	0	0	0
xfSc0000107	420309	421636	Amillepora33216	2	0	0	0	0	0	0	0	0	0
xfSc0000107	384044	391005	Amillepora33210	1	1	1	1	100	100	NA	NA	100	100
xfSc0000111	134456	137763	Amillepora33241	4	0	0	0	0	0	0	0	0	0
xfSc0000111	142001	144392	Amillepora33242	2	0	0	0	0	0	0	0	0	0
xfSc0000111	101599	108096	Amillepora33240	3	0	0	0	0	0	0	0	0	0
xfSc0000111	191996	197266	Amillepora33246	11	1	0.09090909090909091	0.09090909090909091	9.090909090909092	0	30.15113445777636	9.09090909090909	100	0
xfSc0000111	227022	258872	Amillepora33249	15	0	0	0	0	0	0	0	0	0
xfSc0000111	197919	200844	Amillepora33247	2	0	0	0	0	0	0	0	0	0
xfSc0000111	352628	353191	Amillepora33253	4	0	0	0	0	0	0	0	0	0
xfSc0000111	296293	307778	Amillepora33251	8	0	0	0	0	0	0	0	0	0
xfSc0000111	360979	368795	Amillepora33255	9	0	0	0	0	0	0	0	0	0
xfSc0000111	286018	288635	Amillepora33250	2	0	0	0	0	0	0	0	0	0
xfSc0000111	306657	311714	Amillepora33252	6	0	0	0	0	0	0	0	0	0
xfSc0000111	353277	354004	Amillepora33254	1	0	0	0	0	0	NA	NA	0	0
xfSc0000023	152017	156357	Amillepora28940	4	0	0	0	0	0	0	0	0	0
xfSc0000023	223912	229024	Amillepora28941	7	1	0.14285714285714285	0.14285714285714285	14.285714285714286	0	37.79644730092272	14.285714285714285	100	0
xfSc0000023	229170	230004	Amillepora28942	2	0	0	0	0	0	0	0	0	0
xfSc0000023	329166	331943	Amillepora28948	2	0	0	0	0	0	0	0	0	0
xfSc0000023	332305	334185	Amillepora28949	1	0	0	0	0	0	NA	NA	0	0
xfSc0000023	474184	476475	Amillepora28956	2	0	0	0	0	0	0	0	0	0
xfSc0000023	427978	429160	Amillepora28954	1	0	0	0	0	0	NA	NA	0	0
xfSc0000023	867282	875015	Amillepora28961	11	0	0	0	0	0	0	0	0	0
xfSc0000023	784877	785887	Amillepora28959	2	0	0	0	0	0	0	0	0	0
xfSc0000023	878277	878483	Amillepora28962	1	0	0	0	0	0	NA	NA	0	0
xfSc0000023	878829	879824	Amillepora28963	2	0	0	0	0	0	0	0	0	0
xfSc0000023	844595	866642	Amillepora28960	18	1	0.05555555555555555	0.05263157894736842	5.555555555555555	0	23.57022603955158	5.555555555555556	100	0
xfSc0000023	889085	890086	Amillepora28965	3	0	0	0	0	0	0	0	0	0
xfSc0000023	881603	883033	Amillepora28964	3	0	0	0	0	0	0	0	0	0
xfSc0000023	892790	897733	Amillepora28966	4	0	0	0	0	0	0	0	0	0
xfSc0000023	1051281	1060448	Amillepora28969	11	0	0	0	0	0	0	0	0	0
xfSc0000023	1014981	1020232	Amillepora28968	2	0	0	0	0	0	0	0	0	0
xfSc0000023	1154895	1155632	Amillepora29003	4	0	0	0	0	0	0	0	0	0
xfSc0000023	1160147	1177204	Amillepora29004	21	2	0.09523809523809523	0.09523809523809523	9.523809523809524	0	30.079260375911925	6.563832739090582	100	0
xfSc0000023	1181827	1188473	Amillepora29007	14	0	0	0	0	0	0	0	0	0
xfSc0000023	1105741	1125825	Amillepora29000	16	1	0.0625	0.0625	6.25	0	25	6.25	100	0
xfSc0000023	1084529	1096908	Amillepora28999	16	1	0.0625	0.0625	6.25	0	25	6.25	100	0
xfSc0000023	1127798	1131787	Amillepora29002	7	0	0	0	0	0	0	0	0	0
xfSc0000023	1358243	1373829	Amillepora29013	9	3	0.3333333333333333	0.3333333333333333	33.333333333333336	0	50	16.666666666666668	100	0
xfSc0000023	1325234	1333770	Amillepora29011	5	0	0	0	0	0	0	0	0	0
xfSc0000023	1291580	1296936	Amillepora29009	8	0	0	0	0	0	0	0	0	0
xfSc0000023	1204600	1207264	Amillepora29008	7	1	0.14285714285714285	0.14285714285714285	14.285714285714286	0	37.79644730092272	14.285714285714285	100	0
xfSc0000023	1299057	1322714	Amillepora29010	46	0	0	0	0	0	0	0	0	0
xfSc0000023	1333324	1358163	Amillepora29012	43	1	0.023255813953488372	0.023255813953488372	2.3255813953488373	0	15.249857033260447	2.3255813953488373	100	0
xfSc0000115	93823	108399	Amillepora33481	5	0	0	0	0	0	0	0	0	0
xfSc0000115	148225	152238	Amillepora33483	1	0	0	0	0	0	NA	NA	0	0
xfSc0000115	325889	345859	Amillepora33498	20	8	0.4	0.4	40	0	50.26246899500346	11.239029738980326	100	0
xfSc0000115	243993	246571	Amillepora33495	6	0	0	0	0	0	0	0	0	0
xfSc0000115	235392	239579	Amillepora33493	1	0	0	0	0	0	NA	NA	0	0
xfSc0000115	239691	242706	Amillepora33494	1	0	0	0	0	0	NA	NA	0	0
xfSc0000115	230789	235131	Amillepora33492	2	0	0	0	0	0	0	0	0	0
Sc0000267	32652	36281	Amillepora37247	2	0	0	0	0	0	0	0	0	0
Sc0000261	52576	55758	Amillepora37026	1	0	0	0	0	0	NA	NA	0	0
Sc0000261	11516	13671	Amillepora37024	3	2	0.6666666666666666	0.6666666666666666	66.66666666666667	100	57.73502691896258	33.333333333333336	100	0
xfSc0000084	6148	9506	Amillepora32156	5	2	0.4	0.4	40	0	54.772255750516614	24.49489742783178	100	0
xfSc0000084	16549	27275	Amillepora32158	20	2	0.1	0.1	10	0	30.779350562554622	6.882472016116853	100	0
xfSc0000084	57519	73540	Amillepora32160	8	0	0	0	0	0	0	0	0	0
xfSc0000084	49969	51820	Amillepora32159	1	0	0	0	0	0	NA	NA	0	0
xfSc0000084	9695	16488	Amillepora32157	1	0	0	0	0	0	NA	NA	0	0
xfSc0000084	120398	124137	Amillepora32165	1	1	1	1	100	100	NA	NA	100	100
xfSc0000084	132463	135721	Amillepora32167	1	0	0	0	0	0	NA	NA	0	0
xfSc0000084	160205	167593	Amillepora32170	5	0	0	0	0	0	0	0	0	0
xfSc0000084	137140	140886	Amillepora32168	4	0	0	0	0	0	0	0	0	0
xfSc0000084	143474	158128	Amillepora32169	25	1	0.04	0.04	4	0	20	4	100	0
xfSc0000084	169185	180397	Amillepora32171	13	0	0	0	0	0	0	0	0	0
xfSc0000084	183848	186573	Amillepora32172	2	0	0	0	0	0	0	0	0	0
xfSc0000084	124933	131890	Amillepora32166	13	1	0.07692307692307693	0.07692307692307693	7.6923076923076925	0	27.735009811261456	7.6923076923076925	100	0
xfSc0000084	113248	114670	Amillepora32164	3	0	0	0	0	0	0	0	0	0
xfSc0000084	74110	77973	Amillepora32161	3	0	0	0	0	0	0	0	0	0
xfSc0000084	78597	95223	Amillepora32162	10	0	0	0	0	0	0	0	0	0
xfSc0000084	103612	108700	Amillepora32163	1	0	0	0	0	0	NA	NA	0	0
xfSc0000084	199240	221517	Amillepora32174	11	0	0	0	0	0	0	0	0	0
xfSc0000084	250704	259415	Amillepora32178	2	1	0.5	0.5	50	50	70.71067811865476	50	100	0
xfSc0000084	189284	191989	Amillepora32173	3	0	0	0	0	0	0	0	0	0
xfSc0000084	221734	225288	Amillepora32175	3	0	0	0	0	0	0	0	0	0
xfSc0000084	241368	242487	Amillepora32177	1	0	0	0	0	0	NA	NA	0	0
xfSc0000084	297586	302846	Amillepora32181	2	0	0	0	0	0	0	0	0	0
xfSc0000084	305614	306447	Amillepora32182	3	0	0	0	0	0	0	0	0	0
xfSc0000084	331074	336911	Amillepora32186	4	0	0	0	0	0	0	0	0	0
xfSc0000084	263220	290126	Amillepora32179	20	2	0.1	0.1	10	0	30.779350562554622	6.882472016116853	100	0
xfSc0000084	317007	318020	Amillepora32184	5	0	0	0	0	0	0	0	0	0
xfSc0000084	319873	330079	Amillepora32185	7	0	0	0	0	0	0	0	0	0
xfSc0000084	338318	354134	Amillepora32187	11	0	0	0	0	0	0	0	0	0
xfSc0000084	354468	368006	Amillepora32189	5	0	0	0	0	0	0	0	0	0
xfSc0000084	314436	315359	Amillepora32183	2	0	0	0	0	0	0	0	0	0
xfSc0000084	461391	463538	Amillepora32196	9	0	0	0	0	0	0	0	0	0
xfSc0000084	435168	446002	Amillepora32193	11	1	0.09090909090909091	0.09090909090909091	9.090909090909092	0	30.15113445777636	9.09090909090909	100	0
xfSc0000084	401024	405058	Amillepora32190	2	1	0.5	0.5	50	50	70.71067811865476	50	100	0
xfSc0000084	454230	459805	Amillepora32195	6	0	0	0	0	0	0	0	0	0
xfSc0000084	524425	530680	Amillepora32202	4	0	0	0	0	0	0	0	0	0
xfSc0000084	531754	538789	Amillepora32203	1	1	1	1	100	100	NA	NA	100	100
xfSc0000084	561137	566152	Amillepora32207	3	2	0.6666666666666666	0.6666666666666666	66.66666666666667	100	57.735026918962575	33.333333333333336	100	0
xfSc0000084	571583	581380	Amillepora32208	7	3	0.42857142857142855	0.42857142857142855	42.857142857142854	0	53.45224838248488	20.203050891044217	100	0
xfSc0000084	482150	499834	Amillepora32198	18	3	0.16666666666666666	0.16666666666666666	16.666666666666668	0	38.34824944236851	9.03876907577734	100	0
xfSc0000084	449516	452133	Amillepora32194	4	0	0	0	0	0	0	0	0	0
xfSc0000084	494640	497830	Amillepora32200	6	0	0	0	0	0	0	0	0	0
xfSc0000084	470373	493203	Amillepora32197	30	3	0.1	0.1	10	0	30.51285766293647	5.570860145311556	100	0
xfSc0000084	541465	544872	Amillepora32204	3	1	0.3333333333333333	0.3333333333333333	33.333333333333336	0	57.735026918962575	33.333333333333336	100	0
xfSc0000084	415726	422319	Amillepora32191	2	1	0.5	0.5	50	50	70.71067811865476	50	100	0
xfSc0000084	498622	529624	Amillepora32201	27	3	0.1111111111111111	0.1111111111111111	11.11111111111111	0	32.02563076101742	6.1633355136136565	100	0
xfSc0000084	554105	566154	Amillepora32206	6	2	0.3333333333333333	0.3333333333333333	33.333333333333336	0	51.63977794943222	21.081851067789195	100	0
xfSc0000084	572972	579828	Amillepora32209	4	2	0.5	0.5	50	50	57.735026918962575	28.867513459481287	100	0
xfSc0000091	5398	14745	Amillepora32423	2	0	0	0	0	0	0	0	0	0
xfSc0000091	31962	60935	Amillepora32425	16	0	0	0	0	0	0	0	0	0
xfSc0000091	63697	70687	Amillepora32426	3	2	0.6666666666666666	0.6666666666666666	66.66666666666667	100	57.735026918962575	33.333333333333336	100	0
xfSc0000091	15780	22860	Amillepora32424	1	0	0	0	0	0	NA	NA	0	0
xfSc0000091	77471	79743	Amillepora32427	1	0	0	0	0	0	NA	NA	0	0
xfSc0000091	122715	132463	Amillepora32428	2	0	0	0	0	0	0	0	0	0
xfSc0000091	132476	139190	Amillepora32429	5	0	0	0	0	0	0	0	0	0
xfSc0000091	247446	276610	Amillepora32439	30	4	0.13333333333333333	0.13333333333333333	13.333333333333334	0	34.574590364176046	6.312427686319991	100	0
xfSc0000091	277510	281342	Amillepora32442	5	0	0	0	0	0	0	0	0	0
xfSc0000091	216242	223722	Amillepora32432	4	0	0	0	0	0	0	0	0	0
xfSc0000091	171018	193844	Amillepora32430	6	0	0	0	0	0	0	0	0	0
xfSc0000091	248554	256563	Amillepora32440	3	2	0.6666666666666666	0.6666666666666666	66.66666666666667	100	57.73502691896258	33.333333333333336	100	0
xfSc0000091	360564	369798	Amillepora32447	2	0	0	0	0	0	0	0	0	0
xfSc0000091	295263	304942	Amillepora32444	1	1	1	1	100	100	NA	NA	100	100
xfSc0000091	318813	341984	Amillepora32446	13	0	0	0	0	0	0	0	0	0
xfSc0000091	306154	313174	Amillepora32445	3	1	0.3333333333333333	0.3333333333333333	33.333333333333336	0	57.735026918962575	33.333333333333336	100	0
xfSc0000091	372497	376204	Amillepora32448	2	0	0	0	0	0	0	0	0	0
xfSc0000091	489569	521541	Amillepora32452	5	0	0	0	0	0	0	0	0	0
xfSc0000124	41993	43981	Amillepora33923	2	1	0.5	0.5	50	50	70.71067811865476	50	100	0
xfSc0000124	96896	107578	Amillepora33924	3	0	0	0	0	0	0	0	0	0
xfSc0000124	135505	232470	Amillepora33927	8	0	0	0	0	0	0	0	0	0
xfSc0000124	293724	308357	Amillepora33940	3	1	0.3333333333333333	0.3333333333333333	33.333333333333336	0	57.735026918962575	33.333333333333336	100	0
xfSc0000124	273303	314642	Amillepora33938	3	1	0.3333333333333333	0.3333333333333333	33.333333333333336	0	57.735026918962575	33.333333333333336	100	0
xfSc0000124	206488	230004	Amillepora33932	2	0	0	0	0	0	0	0	0	0
xfSc0000124	178489	199795	Amillepora33930	2	0	0	0	0	0	0	0	0	0
xfSc0000124	319752	329152	Amillepora33941	7	2	0.2857142857142857	0.2857142857142857	28.571428571428573	0	48.79500364742666	18.442777839082936	100	0
Sc0000263	64543	79687	Amillepora37055	4	1	0.25	0.25	25	0	50	25	100	0
xfSc0000094	72309	75115	Amillepora32552	3	0	0	0	0	0	0	0	0	0
xfSc0000094	32602	47869	Amillepora32549	16	0	0	0	0	0	0	0	0	0
xfSc0000094	50969	67391	Amillepora32550	14	3	0.21428571428571427	0.21428571428571427	21.428571428571427	0	42.581531362632	11.380392954509878	100	0
xfSc0000094	69409	84121	Amillepora32551	12	5	0.4166666666666667	0.4166666666666667	41.666666666666664	0	51.49286505444372	14.864709750264078	100	0
xfSc0000094	94897	95943	Amillepora32553	3	0	0	0	0	0	0	0	0	0
xfSc0000094	112279	118523	Amillepora32555	5	0	0	0	0	0	0	0	0	0
xfSc0000094	151320	154033	Amillepora32559	5	0	0	0	0	0	0	0	0	0
xfSc0000094	175301	178161	Amillepora32563	3	0	0	0	0	0	0	0	0	0
xfSc0000094	136971	150236	Amillepora32558	8	1	0.125	0.125	12.5	0	35.35533905932738	12.5	100	0
xfSc0000094	118082	124804	Amillepora32556	13	0	0	0	0	0	0	0	0	0
xfSc0000094	154807	157210	Amillepora32560	3	0	0	0	0	0	0	0	0	0
xfSc0000094	158898	169404	Amillepora32561	19	1	0.05263157894736842	0.05263157894736842	5.2631578947368425	0	22.941573387056184	5.263157894736841	100	0
xfSc0000094	169581	176491	Amillepora32562	7	0	0	0	0	0	0	0	0	0
xfSc0000094	99169	100419	Amillepora32554	5	1	0.2	0.2	20	0	44.721359549995796	20	100	0
xfSc0000094	223838	230137	Amillepora32569	2	1	0.5	0.5	50	50	70.71067811865476	50	100	0
xfSc0000094	194772	206920	Amillepora32565	24	0	0	0	0	0	0	0	0	0
xfSc0000094	207315	211708	Amillepora32566	6	1	0.16666666666666666	0.16666666666666666	16.666666666666668	0	40.8248290463863	16.66666666666667	100	0
xfSc0000094	247423	251989	Amillepora32571	5	0	0	0	0	0	0	0	0	0
xfSc0000094	212107	216176	Amillepora32567	3	0	0	0	0	0	0	0	0	0
xfSc0000094	216665	223535	Amillepora32568	2	1	0.5	0.5	50	50	70.71067811865476	50	100	0
xfSc0000094	281110	301667	Amillepora32573	15	2	0.13333333333333333	0.13333333333333333	13.333333333333334	0	35.18657752744984	9.085135251589959	100	0
xfSc0000094	255750	273039	Amillepora32572	3	0	0	0	0	0	0	0	0	0
xfSc0000094	348202	352513	Amillepora32580	2	0	0	0	0	0	0	0	0	0
xfSc0000094	305057	308046	Amillepora32574	4	0	0	0	0	0	0	0	0	0
xfSc0000094	337585	347808	Amillepora32578	15	1	0.06666666666666667	0.06666666666666667	6.666666666666667	0	25.819888974716125	6.666666666666666	100	0
xfSc0000094	351924	359237	Amillepora32581	11	0	0	0	0	0	0	0	0	0
xfSc0000094	359717	369461	Amillepora32582	11	0	0	0	0	0	0	0	0	0
xfSc0000094	435323	442020	Amillepora32589	9	1	0.1111111111111111	0.1111111111111111	11.11111111111111	0	33.333333333333336	11.111111111111112	100	0
xfSc0000094	403767	407948	Amillepora32586	11	0	0	0	0	0	0	0	0	0
xfSc0000094	391637	400818	Amillepora32585	2	0	0	0	0	0	0	0	0	0
xfSc0000094	479360	490686	Amillepora32591	19	0	0	0	0	0	0	0	0	0
xfSc0000094	493343	501876	Amillepora32592	16	0	0	0	0	0	0	0	0	0
xfSc0000094	506329	510431	Amillepora32593	4	0	0	0	0	0	0	0	0	0
xfSc0000094	419423	433641	Amillepora32588	12	2	0.16666666666666666	0.16666666666666666	16.666666666666668	0	38.92494720807615	11.236664374387368	100	0
xfSc0000094	512752	519051	Amillepora32594	5	0	0	0	0	0	0	0	0	0
xfSc0000094	408760	409982	Amillepora32587	3	0	0	0	0	0	0	0	0	0
xfSc0000094	461794	462497	Amillepora32590	2	0	0	0	0	0	0	0	0	0
xfSc0000033	67915	79267	Amillepora29475	1	1	1	1	100	100	NA	NA	100	100
xfSc0000033	178383	188118	Amillepora29487	7	0	0	0	0	0	0	0	0	0
xfSc0000033	118741	122992	Amillepora29482	2	1	0.5	0.5	50	50	70.71067811865476	50	100	0
xfSc0000033	108916	112511	Amillepora29481	1	0	0	0	0	0	NA	NA	0	0
xfSc0000033	104636	108586	Amillepora29480	2	0	0	0	0	0	0	0	0	0
xfSc0000033	153988	172191	Amillepora29485	1	0	0	0	0	0	NA	NA	0	0
xfSc0000033	192052	194947	Amillepora29490	1	0	0	0	0	0	NA	NA	0	0
xfSc0000033	315645	325538	Amillepora29505	4	2	0.5	0.5	50	50	57.735026918962575	28.867513459481287	100	0
xfSc0000033	299464	306141	Amillepora29504	9	0	0	0	0	0	0	0	0	0
xfSc0000033	361264	372179	Amillepora29508	26	0	0	0	0	0	0	0	0	0
xfSc0000033	338701	358131	Amillepora29507	18	3	0.16666666666666666	0.16666666666666666	16.666666666666668	0	38.34824944236851	9.03876907577734	100	0
xfSc0000033	279144	299330	Amillepora29494	4	2	0.5	0.5	50	50	57.735026918962575	28.867513459481287	100	0
xfSc0000033	333077	338637	Amillepora29506	1	1	1	1	100	100	NA	NA	100	100
xfSc0000033	376651	413470	Amillepora29510	21	9	0.42857142857142855	0.42857142857142855	42.857142857142854	0	50.709255283710995	11.065666703449763	100	0
xfSc0000033	376731	402613	Amillepora29511	10	3	0.3	0.3	30	0	48.3045891539648	15.275252316519467	100	0
xfSc0000033	436323	459734	Amillepora29514	6	2	0.3333333333333333	0.3333333333333333	33.333333333333336	0	51.63977794943222	21.081851067789195	100	0
xfSc0000033	480865	485290	Amillepora29515	1	0	0	0	0	0	NA	NA	0	0
xfSc0000033	504476	510106	Amillepora29517	3	1	0.3333333333333333	0.3333333333333333	33.333333333333336	0	57.735026918962575	33.333333333333336	100	0
xfSc0000033	551388	566374	Amillepora29521	8	2	0.25	0.25	25	0	46.29100498862757	16.366341767699428	100	0
xfSc0000033	590707	593781	Amillepora29522	1	0	0	0	0	0	NA	NA	0	0
xfSc0000033	623243	627253	Amillepora29523	1	0	0	0	0	0	NA	NA	0	0
xfSc0000033	633758	639841	Amillepora29524	1	0	0	0	0	0	NA	NA	0	0
xfSc0000033	752337	759360	Amillepora29533	18	0	0	0	0	0	0	0	0	0
xfSc0000033	745883	749417	Amillepora29532	2	1	0.5	0.5	50	50	70.71067811865476	50	100	0
xfSc0000033	763056	770938	Amillepora29534	3	2	0.6666666666666666	0.6666666666666666	66.66666666666667	100	57.73502691896258	33.333333333333336	100	0
xfSc0000033	722177	725122	Amillepora29526	1	0	0	0	0	0	NA	NA	0	0
xfSc0000033	727328	736067	Amillepora29527	7	0	0	0	0	0	0	0	0	0
xfSc0000033	853464	859906	Amillepora29540	2	0	0	0	0	0	0	0	0	0
xfSc0000033	773085	796568	Amillepora29535	2	0	0	0	0	0	0	0	0	0
xfSc0000033	821215	830360	Amillepora29537	2	0	0	0	0	0	0	0	0	0
xfSc0000033	838439	848222	Amillepora29538	3	0	0	0	0	0	0	0	0	0
xfSc0000033	797755	801774	Amillepora29536	5	0	0	0	0	0	0	0	0	0
xfSc0000033	968779	972177	Amillepora29558	3	1	0.3333333333333333	0.3333333333333333	33.333333333333336	0	57.735026918962575	33.333333333333336	100	0
xfSc0000033	978340	987584	Amillepora29560	12	0	0	0	0	0	0	0	0	0
xfSc0000033	965640	968626	Amillepora29557	1	0	0	0	0	0	NA	NA	0	0
xfSc0000033	974265	978303	Amillepora29559	6	1	0.16666666666666666	0.16666666666666666	16.666666666666668	0	40.82482904638629	16.66666666666667	100	0
xfSc0000033	878335	880752	Amillepora29549	2	0	0	0	0	0	0	0	0	0
xfSc0000033	884967	892100	Amillepora29550	2	0	0	0	0	0	0	0	0	0
xfSc0000033	954705	963787	Amillepora29556	6	0	0	0	0	0	0	0	0	0
xfSc0000033	943082	952015	Amillepora29555	12	0	0	0	0	0	0	0	0	0
xfSc0000033	933272	939528	Amillepora29554	6	1	0.16666666666666666	0.16666666666666666	16.666666666666668	0	40.8248290463863	16.66666666666667	100	0
xfSc0000103	6054	10754	Amillepora32923	1	0	0	0	0	0	NA	NA	0	0
xfSc0000103	73045	77608	Amillepora32928	1	0	0	0	0	0	NA	NA	0	0
xfSc0000103	254040	258858	Amillepora32942	4	0	0	0	0	0	0	0	0	0
xfSc0000103	170636	208400	Amillepora32934	12	0	0	0	0	0	0	0	0	0
xfSc0000103	424479	429131	Amillepora32951	1	0	0	0	0	0	NA	NA	0	0
xfSc0000103	453676	456564	Amillepora32954	2	0	0	0	0	0	0	0	0	0
xfSc0000103	342981	349673	Amillepora32947	1	0	0	0	0	0	NA	NA	0	0
xfSc0000103	341888	342757	Amillepora32946	1	0	0	0	0	0	NA	NA	0	0
xfSc0000116	20508	29340	Amillepora33574	1	0	0	0	0	0	NA	NA	0	0
xfSc0000116	10	14028	Amillepora33571	4	2	0.5	0.5	50	50	57.735026918962575	28.867513459481287	100	0
xfSc0000116	40267	50711	Amillepora33576	2	0	0	0	0	0	0	0	0	0
xfSc0000116	67197	84958	Amillepora33577	3	1	0.3333333333333333	0.3333333333333333	33.333333333333336	0	57.735026918962575	33.333333333333336	100	0
xfSc0000116	158929	170392	Amillepora33581	2	1	0.5	0.5	50	50	70.71067811865476	50	100	0
xfSc0000116	125309	140545	Amillepora33580	4	1	0.25	0.25	25	0	50	25	100	0
xfSc0000116	88477	103736	Amillepora33578	7	0	0	0	0	0	0	0	0	0
xfSc0000116	110871	122667	Amillepora33579	2	0	0	0	0	0	0	0	0	0
xfSc0000116	177143	180766	Amillepora33582	1	1	1	1	100	100	NA	NA	100	100
xfSc0000116	276878	285266	Amillepora33592	3	3	1	1	100	100	0	0	100	100
xfSc0000116	222625	241231	Amillepora33589	7	1	0.14285714285714285	0.14285714285714285	14.285714285714286	0	37.79644730092272	14.285714285714285	100	0
xfSc0000116	335678	337177	Amillepora33596	4	0	0	0	0	0	0	0	0	0
xfSc0000116	259468	276159	Amillepora33591	30	0	0	0	0	0	0	0	0	0
xfSc0000116	213667	219096	Amillepora33588	2	0	0	0	0	0	0	0	0	0
xfSc0000116	322287	322757	Amillepora33595	2	0	0	0	0	0	0	0	0	0
xfSc0000116	287370	299186	Amillepora33593	11	2	0.18181818181818182	0.18181818181818182	18.181818181818183	0	40.45199174779453	12.196734422726125	100	0
xfSc0000116	195151	210099	Amillepora33586	6	2	0.3333333333333333	0.3333333333333333	33.333333333333336	0	51.63977794943222	21.081851067789195	100	0
xfSc0000116	247396	253255	Amillepora33590	5	0	0	0	0	0	0	0	0	0
xfSc0000116	301966	318623	Amillepora33594	6	1	0.16666666666666666	0.16666666666666666	16.666666666666668	0	40.82482904638629	16.66666666666667	100	0
xfSc0000116	364796	365689	Amillepora33597	4	0	0	0	0	0	0	0	0	0
Sc0000266	71538	72524	Amillepora37240	3	1	0.3333333333333333	0.3333333333333333	33.333333333333336	0	57.735026918962575	33.333333333333336	100	0
xfSc0000135	34064	47662	Amillepora34317	10	0	0	0	0	0	0	0	0	0
xfSc0000135	16520	30649	Amillepora34316	14	2	0.14285714285714285	0.14285714285714285	14.285714285714286	0	36.313651960128155	9.705231721239393	100	0
xfSc0000135	65599	66078	Amillepora34319	2	0	0	0	0	0	0	0	0	0
xfSc0000135	988	4320	Amillepora34314	5	0	0	0	0	0	0	0	0	0
xfSc0000135	7145	11970	Amillepora34315	8	1	0.125	0.125	12.5	0	35.35533905932738	12.5	100	0
xfSc0000135	49013	73152	Amillepora34318	26	0	0	0	0	0	0	0	0	0
xfSc0000135	207282	233253	Amillepora34334	8	6	0.75	0.75	75	100	46.29100498862757	16.366341767699428	100	0
xfSc0000135	152360	153706	Amillepora34325	1	0	0	0	0	0	NA	NA	0	0
xfSc0000135	267211	277949	Amillepora34340	2	0	0	0	0	0	0	0	0	0
xfSc0000135	194052	195803	Amillepora34330	1	1	1	1	100	100	NA	NA	100	100
xfSc0000135	196006	196884	Amillepora34331	1	1	1	1	100	100	NA	NA	100	100
xfSc0000135	187725	188244	Amillepora34328	1	1	1	1	100	100	NA	NA	100	100
xfSc0000135	233270	243947	Amillepora34337	4	1	0.25	0.25	25	0	50	25	100	0
xfSc0000118	20648	22113	Amillepora33670	2	0	0	0	0	0	0	0	0	0
xfSc0000118	140228	144393	Amillepora33677	1	0	0	0	0	0	NA	NA	0	0
xfSc0000118	105875	122928	Amillepora33674	6	0	0	0	0	0	0	0	0	0
xfSc0000118	136623	156767	Amillepora33676	3	1	0.3333333333333333	0.3333333333333333	33.333333333333336	0	57.735026918962575	33.333333333333336	100	0
xfSc0000118	238802	284461	Amillepora33686	4	0	0	0	0	0	0	0	0	0
xfSc0000118	323426	352158	Amillepora33688	5	0	0	0	0	0	0	0	0	0
xfSc0000105	52653	65945	Amillepora33120	10	0	0	0	0	0	0	0	0	0
xfSc0000105	280963	283866	Amillepora33125	3	0	0	0	0	0	0	0	0	0
xfSc0000105	345456	361664	Amillepora33132	10	0	0	0	0	0	0	0	0	0
xfSc0000105	307546	341856	Amillepora33128	19	2	0.10526315789473684	0.10526315789473684	10.526315789473685	0	31.53017676423058	7.233518641434491	100	0
xfSc0000105	291291	301091	Amillepora33126	6	0	0	0	0	0	0	0	0	0
xfSc0000105	364514	389709	Amillepora33134	23	1	0.043478260869565216	0.043478260869565216	4.3478260869565215	0	20.851441405707476	4.347826086956522	100	0
xfSc0000105	415707	419899	Amillepora33137	1	0	0	0	0	0	NA	NA	0	0
xfSc0000105	306641	307315	Amillepora33127	1	0	0	0	0	0	NA	NA	0	0
Sc0000268	33182	42001	Amillepora37350	14	1	0.07142857142857142	0.06666666666666667	3.5714285714285716	0	13.36306209562122	3.5714285714285716	50	0
Sc0000265	59265	60657	Amillepora37113	2	0	0	0	0	0	0	0	0	0
Sc0000281	9018	26008	Amillepora37924	1	0	0	0	0	0	NA	NA	0	0
xfSc0000081	36910	46978	Amillepora32107	4	3	0.75	0.75	75	100	50	25	100	0
xfSc0000081	5323	20676	Amillepora32105	20	1	0.05	0.05	5	0	22.360679774997898	5	100	0
xfSc0000081	51296	77441	Amillepora32109	41	1	0.024390243902439025	0.024390243902439025	2.4390243902439024	0	15.61737618886061	2.439024390243903	100	0
xfSc0000081	23779	36810	Amillepora32106	3	1	0.3333333333333333	0.3333333333333333	33.333333333333336	0	57.735026918962575	33.333333333333336	100	0
xfSc0000081	153731	162069	Amillepora32113	4	0	0	0	0	0	0	0	0	0
xfSc0000081	142531	153151	Amillepora32111	1	0	0	0	0	0	NA	NA	0	0
xfSc0000081	160955	168222	Amillepora32114	1	0	0	0	0	0	NA	NA	0	0
xfSc0000081	267637	284846	Amillepora32127	3	0	0	0	0	0	0	0	0	0
xfSc0000081	246914	254328	Amillepora32125	1	0	0	0	0	0	NA	NA	0	0
xfSc0000081	258552	266900	Amillepora32126	4	0	0	0	0	0	0	0	0	0
xfSc0000081	209870	210466	Amillepora32120	1	0	0	0	0	0	NA	NA	0	0
xfSc0000081	188734	207423	Amillepora32119	17	0	0	0	0	0	0	0	0	0
xfSc0000081	212212	215361	Amillepora32121	4	0	0	0	0	0	0	0	0	0
xfSc0000081	312286	322204	Amillepora32130	2	0	0	0	0	0	0	0	0	0
xfSc0000081	361718	370532	Amillepora32134	2	0	0	0	0	0	0	0	0	0
xfSc0000081	285945	312184	Amillepora32128	3	0	0	0	0	0	0	0	0	0
xfSc0000081	393606	420149	Amillepora32138	8	0	0	0	0	0	0	0	0	0
xfSc0000081	525420	526565	Amillepora32150	1	0	0	0	0	0	NA	NA	0	0
xfSc0000081	496331	516024	Amillepora32148	1	0	0	0	0	0	NA	NA	0	0
xfSc0000081	421256	439508	Amillepora32141	6	0	0	0	0	0	0	0	0	0
xfSc0000081	541079	549391	Amillepora32153	1	0	0	0	0	0	NA	NA	0	0
xfSc0000081	383953	393504	Amillepora32137	1	0	0	0	0	0	NA	NA	0	0
xfSc0000081	440233	448838	Amillepora32142	4	0	0	0	0	0	0	0	0	0
xfSc0000081	527238	534755	Amillepora32151	4	0	0	0	0	0	0	0	0	0
xfSc0000081	460354	474852	Amillepora32144	1	1	1	1	100	100	NA	NA	100	100
xfSc0000046	89767	123449	Amillepora30357	5	1	0.2	0.2	20	0	44.721359549995796	20	100	0
xfSc0000046	146101	148497	Amillepora30361	6	0	0	0	0	0	0	0	0	0
xfSc0000046	59155	82574	Amillepora30353	1	0	0	0	0	0	NA	NA	0	0
xfSc0000046	157634	169600	Amillepora30362	3	0	0	0	0	0	0	0	0	0
xfSc0000046	109654	121049	Amillepora30358	1	0	0	0	0	0	NA	NA	0	0
xfSc0000046	234698	235678	Amillepora30367	1	0	0	0	0	0	NA	NA	0	0
xfSc0000046	256768	258099	Amillepora30369	2	0	0	0	0	0	0	0	0	0
xfSc0000046	176018	208659	Amillepora30364	27	3	0.1111111111111111	0.1111111111111111	11.11111111111111	0	32.02563076101741	6.1633355136136565	100	0
xfSc0000046	378782	387573	Amillepora30377	4	0	0	0	0	0	0	0	0	0
xfSc0000046	292292	292954	Amillepora30371	2	0	0	0	0	0	0	0	0	0
xfSc0000046	409796	414171	Amillepora30379	1	0	0	0	0	0	NA	NA	0	0
xfSc0000046	439465	441112	Amillepora30380	2	0	0	0	0	0	0	0	0	0
xfSc0000046	466619	472525	Amillepora30381	4	0	0	0	0	0	0	0	0	0
xfSc0000046	552167	552787	Amillepora30383	2	0	0	0	0	0	0	0	0	0
xfSc0000046	565191	617880	Amillepora30384	17	2	0.11764705882352941	0.11764705882352941	11.764705882352942	0	33.21055820775357	8.05474349272303	100	0
xfSc0000046	618422	620668	Amillepora30387	1	0	0	0	0	0	NA	NA	0	0
xfSc0000046	708852	718845	Amillepora30391	3	1	0.3333333333333333	0.3333333333333333	33.333333333333336	0	57.735026918962575	33.333333333333336	100	0
xfSc0000046	676412	684392	Amillepora30389	1	0	0	0	0	0	NA	NA	0	0
xfSc0000046	775732	782930	Amillepora30399	15	0	0	0	0	0	0	0	0	0
xfSc0000046	784940	788698	Amillepora30401	6	0	0	0	0	0	0	0	0	0
xfSc0000046	934852	936285	Amillepora30418	6	0	0	0	0	0	0	0	0	0
xfSc0000046	865727	871159	Amillepora30411	13	2	0.15384615384615385	0.15384615384615385	15.384615384615385	0	37.553380809940535	10.415433852097385	100	0
xfSc0000046	845536	855391	Amillepora30409	4	1	0.25	0.25	25	0	50	25	100	0
xfSc0000046	872335	881048	Amillepora30412	13	0	0	0	0	0	0	0	0	0
xfSc0000046	955438	974576	Amillepora30422	30	1	0.03333333333333333	0.03333333333333333	3.3333333333333335	0	18.25741858350554	3.333333333333333	100	0
xfSc0000046	884822	905994	Amillepora30414	16	10	0.625	0.625	62.5	100	50	12.5	100	0
xfSc0000046	917211	925744	Amillepora30416	9	0	0	0	0	0	0	0	0	0
xfSc0000046	831518	835155	Amillepora30407	1	0	0	0	0	0	NA	NA	0	0
xfSc0000046	815746	823695	Amillepora30404	12	0	0	0	0	0	0	0	0	0
xfSc0000046	824189	825901	Amillepora30405	2	1	0.5	0.5	50	50	70.71067811865476	50	100	0
xfSc0000046	856246	859050	Amillepora30410	2	1	0.5	0.5	50	50	70.71067811865476	50	100	0
xfSc0000046	836573	845054	Amillepora30408	9	1	0.1111111111111111	0.1111111111111111	11.11111111111111	0	33.333333333333336	11.111111111111112	100	0
xfSc0000046	927161	928843	Amillepora30417	2	0	0	0	0	0	0	0	0	0
xfSc0000046	826445	831072	Amillepora30406	1	0	0	0	0	0	NA	NA	0	0
xfSc0000046	948599	955136	Amillepora30420	1	0	0	0	0	0	NA	NA	0	0
xfSc0000046	937626	943938	Amillepora30419	5	5	1	1	100	100	0	0	100	100
xfSc0000046	906796	917028	Amillepora30415	4	0	0	0	0	0	0	0	0	0
xfSc0000046	796021	796608	Amillepora30403	2	0	0	0	0	0	0	0	0	0
xfSc0000046	790776	795998	Amillepora30402	5	0	0	0	0	0	0	0	0	0
xfSc0000109	160172	162060	Amillepora33221	1	0	0	0	0	0	NA	NA	0	0
xfSc0000109	160902	233565	Amillepora33222	42	1	0.023809523809523808	0.023809523809523808	2.380952380952381	0	15.430334996209188	2.380952380952381	100	0
xfSc0000109	278446	279769	Amillepora33227	2	0	0	0	0	0	0	0	0	0
xfSc0000078	65872	86636	Amillepora32011	3	0	0	0	0	0	0	0	0	0
xfSc0000078	36977	40195	Amillepora32010	1	0	0	0	0	0	NA	NA	0	0
xfSc0000078	137857	144046	Amillepora32013	1	0	0	0	0	0	NA	NA	0	0
xfSc0000078	107523	128932	Amillepora32012	2	0	0	0	0	0	0	0	0	0
xfSc0000078	278909	280414	Amillepora32022	3	0	0	0	0	0	0	0	0	0
xfSc0000078	227181	236718	Amillepora32020	1	0	0	0	0	0	NA	NA	0	0
xfSc0000078	241179	276037	Amillepora32021	36	2	0.05555555555555555	0.05555555555555555	5.555555555555555	0	23.23106841457231	3.8718447357620533	100	0
xfSc0000078	223852	227066	Amillepora32019	1	0	0	0	0	0	NA	NA	0	0
xfSc0000078	289174	317367	Amillepora32023	6	4	0.6666666666666666	0.6666666666666666	66.66666666666667	100	51.63977794943223	21.081851067789195	100	0
xfSc0000078	327968	340908	Amillepora32025	5	3	0.6	0.6	60	100	54.772255750516614	24.49489742783178	100	0
xfSc0000078	350917	352802	Amillepora32027	2	0	0	0	0	0	0	0	0	0
xfSc0000078	317990	324439	Amillepora32024	1	0	0	0	0	0	NA	NA	0	0
xfSc0000078	366080	374204	Amillepora32029	1	0	0	0	0	0	NA	NA	0	0
xfSc0000078	382718	397310	Amillepora32033	1	0	0	0	0	0	NA	NA	0	0
xfSc0000078	526608	528850	Amillepora32038	1	0	0	0	0	0	NA	NA	0	0
xfSc0000078	463106	519699	Amillepora32037	3	0	0	0	0	0	0	0	0	0
xfSc0000078	529219	544194	Amillepora32039	3	0	0	0	0	0	0	0	0	0
xfSc0000078	564544	579553	Amillepora32042	5	0	0	0	0	0	0	0	0	0
xfSc0000114	16364	27908	Amillepora33401	1	0	0	0	0	0	NA	NA	0	0
xfSc0000114	37	14944	Amillepora33400	13	0	0	0	0	0	0	0	0	0
xfSc0000114	64226	72860	Amillepora33407	1	0	0	0	0	0	NA	NA	0	0
xfSc0000114	39632	49341	Amillepora33406	1	0	0	0	0	0	NA	NA	0	0
xfSc0000114	69306	81174	Amillepora33408	1	0	0	0	0	0	NA	NA	0	0
xfSc0000114	322643	334501	Amillepora33432	3	0	0	0	0	0	0	0	0	0
xfSc0000114	152019	203966	Amillepora33415	8	0	0	0	0	0	0	0	0	0
xfSc0000114	209655	220186	Amillepora33421	3	0	0	0	0	0	0	0	0	0
xfSc0000114	279988	288447	Amillepora33427	2	1	0.5	0.5	50	50	70.71067811865476	50	100	0
xfSc0000114	208501	216738	Amillepora33420	2	0	0	0	0	0	0	0	0	0
xfSc0000114	356159	364096	Amillepora33434	2	0	0	0	0	0	0	0	0	0
xfSc0000114	324511	339570	Amillepora33433	3	0	0	0	0	0	0	0	0	0
xfSc0000114	227424	230790	Amillepora33423	1	0	0	0	0	0	NA	NA	0	0
xfSc0000114	373819	380210	Amillepora33436	1	0	0	0	0	0	NA	NA	0	0
xfSc0000098	53922	57089	Amillepora32602	3	0	0	0	0	0	0	0	0	0
xfSc0000098	36488	42609	Amillepora32600	7	0	0	0	0	0	0	0	0	0
xfSc0000098	91195	92193	Amillepora32604	2	0	0	0	0	0	0	0	0	0
xfSc0000098	99721	109626	Amillepora32606	2	0	0	0	0	0	0	0	0	0
xfSc0000098	111165	113027	Amillepora32608	1	0	0	0	0	0	NA	NA	0	0
xfSc0000098	95376	95734	Amillepora32605	1	0	0	0	0	0	NA	NA	0	0
xfSc0000098	82254	84820	Amillepora32603	4	0	0	0	0	0	0	0	0	0
xfSc0000098	219857	243123	Amillepora32616	16	0	0	0	0	0	0	0	0	0
xfSc0000098	277541	284331	Amillepora32618	3	0	0	0	0	0	0	0	0	0
xfSc0000098	254471	258090	Amillepora32617	3	0	0	0	0	0	0	0	0	0
xfSc0000098	207694	208596	Amillepora32615	1	0	0	0	0	0	NA	NA	0	0
xfSc0000098	335732	341311	Amillepora32624	3	0	0	0	0	0	0	0	0	0
xfSc0000098	325002	328886	Amillepora32622	4	0	0	0	0	0	0	0	0	0
xfSc0000098	343245	347312	Amillepora32625	5	0	0	0	0	0	0	0	0	0
xfSc0000098	296106	308166	Amillepora32619	3	0	0	0	0	0	0	0	0	0
xfSc0000098	419821	428956	Amillepora32637	2	1	0.5	0.5	50	50	70.71067811865476	50	100	0
xfSc0000098	455091	467670	Amillepora32639	7	0	0	0	0	0	0	0	0	0
xfSc0000098	431233	442680	Amillepora32638	4	1	0.25	0.25	25	0	50	25	100	0
xfSc0000098	401895	407948	Amillepora32633	10	1	0.1	0.1	10	0	31.622776601683793	10	100	0
xfSc0000098	512128	520439	Amillepora32643	7	1	0.14285714285714285	0.14285714285714285	14.285714285714286	0	37.79644730092272	14.285714285714285	100	0
xfSc0000098	410670	412944	Amillepora32635	4	1	0.25	0.25	25	0	50	25	100	0
xfSc0000098	417104	418300	Amillepora32636	2	0	0	0	0	0	0	0	0	0
xfSc0000098	469061	506211	Amillepora32640	24	0	0	0	0	0	0	0	0	0
xfSc0000098	386485	401709	Amillepora32631	17	0	0	0	0	0	0	0	0	0
xfSc0000290	35774	39432	Amillepora37638	1	0	0	0	0	0	NA	NA	0	0
xfSc0000233	52233	56060	Amillepora37022	1	0	0	0	0	0	NA	NA	0	0
xfSc0000159	108616	123032	Amillepora35406	8	7	0.875	0.875	87.5	100	35.35533905932738	12.5	100	0
xfSc0000159	137090	146390	Amillepora35409	3	0	0	0	0	0	0	0	0	0
xfSc0000159	28850	94297	Amillepora35404	45	9	0.2	0.2	20	0	40.45199174779452	6.030226891555272	100	0
xfSc0000159	188725	193584	Amillepora35412	3	1	0.3333333333333333	0.3333333333333333	33.333333333333336	0	57.735026918962575	33.333333333333336	100	0
xfSc0000159	3034	21378	Amillepora35397	2	2	1	1	100	100	0	0	100	100
xfSc0000159	195784	206451	Amillepora35413	12	3	0.25	0.25	25	0	45.22670168666454	13.055824196677337	100	0
xfSc0000159	206452	211699	Amillepora35414	11	1	0.09090909090909091	0.09090909090909091	9.090909090909092	0	30.15113445777636	9.09090909090909	100	0
xfSc0000159	188169	188687	Amillepora35411	1	0	0	0	0	0	NA	NA	0	0
xfSc0000338	20119	26807	Amillepora37943	1	0	0	0	0	0	NA	NA	0	0
xfSc0000338	6132	9511	Amillepora37941	1	0	0	0	0	0	NA	NA	0	0
xfSc0000338	25920	26902	Amillepora37945	1	0	0	0	0	0	NA	NA	0	0
xfSc0000185	3717	4991	Amillepora35930	1	0	0	0	0	0	NA	NA	0	0
xfSc0000185	10316	11308	Amillepora35932	1	1	1	1	100	100	NA	NA	100	100
xfSc0000185	40785	73843	Amillepora35934	8	4	0.5	0.5	50	50	53.45224838248488	18.89822365046136	100	0
xfSc0000185	16695	18850	Amillepora35933	3	0	0	0	0	0	0	0	0	0
xfSc0000185	1467	2212	Amillepora35928	1	0	0	0	0	0	NA	NA	0	0
xfSc0000185	5422	9265	Amillepora35931	5	2	0.4	0.4	40	0	54.772255750516614	24.49489742783178	100	0
xfSc0000185	2494	3553	Amillepora35929	1	0	0	0	0	0	NA	NA	0	0
xfSc0000180	25767	29648	Amillepora35749	15	0	0	0	0	0	0	0	0	0
xfSc0000180	34164	62576	Amillepora35750	9	7	0.7777777777777778	0.7777777777777778	77.77777777777777	100	44.09585518440984	14.698618394803281	100	0
xfSc0000180	143428	145130	Amillepora35758	1	0	0	0	0	0	NA	NA	0	0
xfSc0000180	79609	93411	Amillepora35753	14	1	0.07142857142857142	0.07142857142857142	7.142857142857143	0	26.726124191242445	7.142857142857143	100	0
xfSc0000180	166708	184695	Amillepora35760	3	3	1	1	100	100	0	0	100	100
xfSc0000180	63869	75363	Amillepora35752	8	0	0	0	0	0	0	0	0	0
xfSc0000180	114352	129347	Amillepora35756	1	0	0	0	0	0	NA	NA	0	0
xfSc0000293	1601	2671	Amillepora37667	1	0	0	0	0	0	NA	NA	0	0
xfSc0000293	22257	35764	Amillepora37668	1	0	0	0	0	0	NA	NA	0	0
xfSc0000304	28869	35982	Amillepora37780	1	0	0	0	0	0	NA	NA	0	0
xfSc0000142	44553	60082	Amillepora34500	20	2	0.1	0.09523809523809523	10	0	30.779350562554622	6.882472016116853	100	0
xfSc0000142	70965	75442	Amillepora34502	16	0	0	0	0	0	0	0	0	0
xfSc0000142	6536	7609	Amillepora34498	4	0	0	0	0	0	0	0	0	0
xfSc0000142	58937	62643	Amillepora34501	13	0	0	0	0	0	0	0	0	0
xfSc0000142	8850	44026	Amillepora34499	28	4	0.14285714285714285	0.14285714285714285	14.285714285714286	0	35.634832254989924	6.734350297014737	100	0
xfSc0000142	79782	80023	Amillepora34504	1	0	0	0	0	0	NA	NA	0	0
xfSc0000142	166593	178273	Amillepora34515	4	2	0.5	0.5	50	50	57.735026918962575	28.867513459481287	100	0
xfSc0000142	148612	149283	Amillepora34513	3	0	0	0	0	0	0	0	0	0
xfSc0000142	206193	210119	Amillepora34517	3	0	0	0	0	0	0	0	0	0
xfSc0000142	184826	189429	Amillepora34516	6	0	0	0	0	0	0	0	0	0
xfSc0000142	134245	145836	Amillepora34512	6	0	0	0	0	0	0	0	0	0
xfSc0000142	87681	95610	Amillepora34506	6	0	0	0	0	0	0	0	0	0
xfSc0000142	125477	132006	Amillepora34511	10	2	0.2	0.2	20	0	42.16370213557839	13.333333333333332	100	0
xfSc0000142	104001	118428	Amillepora34509	28	0	0	0	0	0	0	0	0	0
xfSc0000142	80525	84084	Amillepora34505	13	1	0.07692307692307693	0.07692307692307693	7.6923076923076925	0	27.735009811261456	7.6923076923076925	100	0
xfSc0000142	150176	178860	Amillepora34514	14	2	0.14285714285714285	0.14285714285714285	14.285714285714286	0	36.313651960128155	9.705231721239393	100	0
xfSc0000142	123158	124687	Amillepora34510	1	0	0	0	0	0	NA	NA	0	0
xfSc0000142	75878	76340	Amillepora34503	4	0	0	0	0	0	0	0	0	0
xfSc0000346	1044	13634	Amillepora37960	10	0	0	0	0	0	0	0	0	0
xfSc0000222	2816	6794	Amillepora36823	3	0	0	0	0	0	0	0	0	0
xfSc0000221	75219	75803	Amillepora36782	2	1	0.5	0.5	50	50	70.71067811865476	50	100	0
xfSc0000221	54237	55636	Amillepora36780	2	0	0	0	0	0	0	0	0	0
xfSc0000221	70064	71116	Amillepora36781	1	1	1	1	100	100	NA	NA	100	100
xfSc0000150	38345	39118	Amillepora34847	1	0	0	0	0	0	NA	NA	0	0
xfSc0000150	41818	84310	Amillepora34848	7	0	0	0	0	0	0	0	0	0
xfSc0000150	116738	125297	Amillepora34849	4	0	0	0	0	0	0	0	0	0
xfSc0000169	18407	21115	Amillepora35607	4	0	0	0	0	0	0	0	0	0
xfSc0000169	155317	170183	Amillepora35621	15	1	0.06666666666666667	0.06666666666666667	6.666666666666667	0	25.819888974716115	6.666666666666666	100	0
xfSc0000169	23723	24837	Amillepora35610	3	1	0.3333333333333333	0.3333333333333333	33.333333333333336	0	57.735026918962575	33.333333333333336	100	0
xfSc0000169	180528	181169	Amillepora35624	1	0	0	0	0	0	NA	NA	0	0
xfSc0000169	23465	23680	Amillepora35609	1	0	0	0	0	0	NA	NA	0	0
xfSc0000169	21630	23449	Amillepora35608	5	1	0.2	0.2	20	0	44.721359549995796	20	100	0
xfSc0000169	171995	173458	Amillepora35623	2	0	0	0	0	0	0	0	0	0
xfSc0000169	181194	188363	Amillepora35625	1	0	0	0	0	0	NA	NA	0	0
xfSc0000169	74092	75358	Amillepora35617	1	0	0	0	0	0	NA	NA	0	0
xfSc0000169	75403	75773	Amillepora35618	2	0	0	0	0	0	0	0	0	0
xfSc0000169	69544	69840	Amillepora35615	2	0	0	0	0	0	0	0	0	0
xfSc0000169	75930	76225	Amillepora35619	3	0	0	0	0	0	0	0	0	0
xfSc0000294	195	6220	Amillepora37679	7	0	0	0	0	0	0	0	0	0
xfSc0000294	24198	37431	Amillepora37683	2	1	0.5	0.5	50	50	70.71067811865476	50	100	0
xfSc0000294	38641	46725	Amillepora37684	3	0	0	0	0	0	0	0	0	0
xfSc0000310	9422	9997	Amillepora37813	1	0	0	0	0	0	NA	NA	0	0
xfSc0000310	12732	13660	Amillepora37816	3	0	0	0	0	0	0	0	0	0
xfSc0000310	10033	10806	Amillepora37814	2	0	0	0	0	0	0	0	0	0
xfSc0000310	18337	26257	Amillepora37817	7	0	0	0	0	0	0	0	0	0
xfSc0000184	121786	126117	Amillepora35921	2	0	0	0	0	0	0	0	0	0
xfSc0000184	13746	14535	Amillepora35912	1	0	0	0	0	0	NA	NA	0	0
xfSc0000184	126332	135252	Amillepora35922	6	0	0	0	0	0	0	0	0	0
xfSc0000184	21403	24398	Amillepora35914	4	0	0	0	0	0	0	0	0	0
xfSc0000184	145980	162443	Amillepora35923	1	1	1	1	100	100	NA	NA	100	100
xfSc0000184	93596	106460	Amillepora35920	2	0	0	0	0	0	0	0	0	0
xfSc0000249	25481	27820	Amillepora37222	2	1	0.5	0.5	50	50	70.71067811865476	50	100	0
xfSc0000249	51970	66499	Amillepora37223	10	5	0.5	0.5	50	50	52.70462766947299	16.666666666666668	100	0
xfSc0000249	69249	75645	Amillepora37224	3	0	0	0	0	0	0	0	0	0
xfSc0000249	77402	79447	Amillepora37226	1	1	1	1	100	100	NA	NA	100	100
xfSc0000247	7588	8781	Amillepora37198	5	0	0	0	0	0	0	0	0	0
xfSc0000247	12919	14758	Amillepora37199	1	0	0	0	0	0	NA	NA	0	0
xfSc0000183	110515	140484	Amillepora35900	5	1	0.2	0.2	20	0	44.721359549995796	20	100	0
xfSc0000183	18711	23992	Amillepora35897	7	0	0	0	0	0	0	0	0	0
xfSc0000183	127401	144225	Amillepora35907	3	1	0.3333333333333333	0.3333333333333333	33.333333333333336	0	57.735026918962575	33.333333333333336	100	0
xfSc0000168	61406	65440	Amillepora35595	2	0	0	0	0	0	0	0	0	0
xfSc0000168	107317	109712	Amillepora35599	3	1	0.3333333333333333	0.3333333333333333	33.333333333333336	0	57.735026918962575	33.333333333333336	100	0
xfSc0000168	33762	37091	Amillepora35591	4	1	0.25	0.25	25	0	50	25	100	0
xfSc0000168	16492	19096	Amillepora35589	8	0	0	0	0	0	0	0	0	0
xfSc0000168	5648	7659	Amillepora35587	5	0	0	0	0	0	0	0	0	0
xfSc0000168	8707	12693	Amillepora35588	6	0	0	0	0	0	0	0	0	0
xfSc0000168	161332	165928	Amillepora35604	5	1	0.2	0.2	20	0	44.721359549995796	20	100	0
xfSc0000168	132541	139146	Amillepora35602	7	0	0	0	0	0	0	0	0	0
xfSc0000168	37135	61167	Amillepora35592	5	0	0	0	0	0	0	0	0	0
xfSc0000168	115436	125432	Amillepora35601	7	0	0	0	0	0	0	0	0	0
xfSc0000168	87924	102407	Amillepora35598	19	0	0	0	0	0	0	0	0	0
xfSc0000168	20630	27600	Amillepora35590	2	0	0	0	0	0	0	0	0	0
xfSc0000168	108847	114252	Amillepora35600	3	0	0	0	0	0	0	0	0	0
xfSc0000168	135218	146342	Amillepora35603	12	4	0.3333333333333333	0.3333333333333333	33.333333333333336	0	49.23659639173309	14.213381090374028	100	0
xfSc0000168	162049	166203	Amillepora35605	5	1	0.2	0.2	20	0	44.721359549995796	20	100	0
xfSc0000168	81335	83857	Amillepora35597	7	0	0	0	0	0	0	0	0	0
xfSc0000168	175937	177432	Amillepora35606	1	0	0	0	0	0	NA	NA	0	0
xfSc0000308	9807	31259	Amillepora37798	9	0	0	0	0	0	0	0	0	0
xfSc0000206	37011	63264	Amillepora36433	3	0	0	0	0	0	0	0	0	0
xfSc0000241	73430	74329	Amillepora37128	2	0	0	0	0	0	0	0	0	0
xfSc0000241	45596	46504	Amillepora37121	17	0	0	0	0	0	0	0	0	0
xfSc0000241	5739	29951	Amillepora37119	21	3	0.14285714285714285	0.14285714285714285	14.285714285714286	0	35.856858280031815	7.824607964359516	100	0
xfSc0000241	51593	55976	Amillepora37123	43	1	0.023255813953488372	0.022222222222222223	2.3255813953488373	0	15.249857033260458	2.3255813953488373	100	0
xfSc0000241	29638	30855	Amillepora37120	4	0	0	0	0	0	0	0	0	0
xfSc0000241	4793	6555	Amillepora37118	1	0	0	0	0	0	NA	NA	0	0
xfSc0000241	47378	50422	Amillepora37122	13	0	0	0	0	0	0	0	0	0
xfSc0000239	252	14435	Amillepora37093	25	0	0	0	0	0	0	0	0	0
xfSc0000239	40425	43645	Amillepora37094	8	1	0.125	0.125	12.5	0	35.35533905932738	12.5	100	0
xfSc0000239	51893	53475	Amillepora37095	1	0	0	0	0	0	NA	NA	0	0
xfSc0000239	53480	55298	Amillepora37096	4	0	0	0	0	0	0	0	0	0
xfSc0000234	56427	73211	Amillepora37032	4	0	0	0	0	0	0	0	0	0
xfSc0000191	26046	58957	Amillepora36089	11	1	0.09090909090909091	0.09090909090909091	9.090909090909092	0	30.151134457776354	9.09090909090909	100	0
xfSc0000191	135038	156256	Amillepora36098	1	0	0	0	0	0	NA	NA	0	0
xfSc0000191	103764	109717	Amillepora36094	1	0	0	0	0	0	NA	NA	0	0
xfSc0000191	25405	39594	Amillepora36088	7	1	0.14285714285714285	0.14285714285714285	14.285714285714286	0	37.79644730092272	14.285714285714285	100	0
xfSc0000191	45275	58974	Amillepora36091	4	0	0	0	0	0	0	0	0	0
xfSc0000154	77107	80147	Amillepora34936	2	0	0	0	0	0	0	0	0	0
xfSc0000154	39014	41797	Amillepora34931	2	0	0	0	0	0	0	0	0	0
xfSc0000154	30120	34774	Amillepora34930	9	0	0	0	0	0	0	0	0	0
xfSc0000154	114128	116803	Amillepora34939	2	0	0	0	0	0	0	0	0	0
xfSc0000154	177278	180130	Amillepora34946	5	0	0	0	0	0	0	0	0	0
xfSc0000154	199513	205849	Amillepora34947	4	0	0	0	0	0	0	0	0	0
xfSc0000154	105981	108767	Amillepora34938	2	0	0	0	0	0	0	0	0	0
xfSc0000154	213866	230303	Amillepora34948	4	0	0	0	0	0	0	0	0	0
xfSc0000154	125801	173941	Amillepora34942	37	3	0.08108108108108109	0.08108108108108109	8.108108108108109	0	27.67247306920301	4.549326548811747	100	0
xfSc0000154	91133	100994	Amillepora34937	3	0	0	0	0	0	0	0	0	0
xfSc0000465	179	3891	Amillepora38230	1	0	0	0	0	0	NA	NA	0	0
xfSc0000164	3246	4556	Amillepora35445	2	1	0.5	0.5	50	50	70.71067811865476	50	100	0
xfSc0000164	104187	105158	Amillepora35456	2	0	0	0	0	0	0	0	0	0
xfSc0000164	100473	101229	Amillepora35455	2	1	0.5	0.5	50	50	70.71067811865476	50	100	0
xfSc0000164	161662	168383	Amillepora35461	5	3	0.6	0.6	60	100	54.772255750516614	24.49489742783178	100	0
xfSc0000164	151669	156627	Amillepora35459	1	1	1	1	100	100	NA	NA	100	100
xfSc0000164	88075	92490	Amillepora35453	1	1	1	1	100	100	NA	NA	100	100
xfSc0000227	55659	59142	Amillepora36971	2	0	0	0	0	0	0	0	0	0
xfSc0000227	94702	95304	Amillepora36976	1	0	0	0	0	0	NA	NA	0	0
xfSc0000227	69931	70839	Amillepora36973	1	0	0	0	0	0	NA	NA	0	0
xfSc0000227	91928	93487	Amillepora36975	1	0	0	0	0	0	NA	NA	0	0
xfSc0000165	150585	156484	Amillepora35482	2	0	0	0	0	0	0	0	0	0
xfSc0000165	174806	185528	Amillepora35483	3	0	0	0	0	0	0	0	0	0
xfSc0000165	144455	146040	Amillepora35480	2	1	0.5	0.5	50	50	70.71067811865476	50	100	0
xfSc0000165	103237	106551	Amillepora35476	3	1	0.3333333333333333	0.3333333333333333	33.333333333333336	0	57.735026918962575	33.333333333333336	100	0
xfSc0000165	78257	80976	Amillepora35473	1	0	0	0	0	0	NA	NA	0	0
xfSc0000165	95123	102620	Amillepora35475	5	1	0.2	0.2	20	0	44.721359549995796	20	100	0
xfSc0000165	88518	92427	Amillepora35474	4	1	0.25	0.25	25	0	50	25	100	0
xfSc0000165	1713	5663	Amillepora35462	1	0	0	0	0	0	NA	NA	0	0
xfSc0000165	145928	147356	Amillepora35481	1	1	1	1	100	100	NA	NA	100	100
xfSc0000165	113053	114604	Amillepora35478	3	0	0	0	0	0	0	0	0	0
xfSc0000273	2065	56465	Amillepora37426	13	0	0	0	0	0	0	0	0	0
xfSc0000273	818	1966	Amillepora37425	1	0	0	0	0	0	NA	NA	0	0
xfSc0000203	20321	34286	Amillepora36390	19	1	0.05263157894736842	0.05263157894736842	5.2631578947368425	0	22.941573387056174	5.263157894736841	100	0
xfSc0000203	48710	49372	Amillepora36392	1	1	1	1	100	100	NA	NA	100	100
xfSc0000203	38722	44736	Amillepora36391	11	2	0.18181818181818182	0.18181818181818182	18.181818181818183	0	40.45199174779453	12.196734422726125	100	0
xfSc0000203	55663	59403	Amillepora36395	5	0	0	0	0	0	0	0	0	0
xfSc0000203	98999	108098	Amillepora36396	3	3	1	1	100	100	0	0	100	100
xfSc0000158	51326	51967	Amillepora35386	2	0	0	0	0	0	0	0	0	0
xpSc0000522	63118	64074	Amillepora31359	1	0	0	0	0	0	NA	NA	0	0
xpSc0000522	142735	162716	Amillepora31365	21	0	0	0	0	0	0	0	0	0
xpSc0000522	169939	173081	Amillepora31367	1	0	0	0	0	0	NA	NA	0	0
xpSc0000522	176192	177497	Amillepora31368	3	0	0	0	0	0	0	0	0	0
xpSc0000522	267587	278087	Amillepora31375	4	0	0	0	0	0	0	0	0	0
xpSc0000522	199056	203599	Amillepora31369	1	0	0	0	0	0	NA	NA	0	0
xpSc0000522	245995	249881	Amillepora31373	4	0	0	0	0	0	0	0	0	0
xpSc0000522	252641	258243	Amillepora31374	5	0	0	0	0	0	0	0	0	0
xpSc0000522	204522	206975	Amillepora31370	1	0	0	0	0	0	NA	NA	0	0
xpSc0000522	214023	219388	Amillepora31371	1	0	0	0	0	0	NA	NA	0	0
xpSc0000522	321460	338541	Amillepora31376	1	0	0	0	0	0	NA	NA	0	0
xpSc0000522	377162	379559	Amillepora31380	5	0	0	0	0	0	0	0	0	0
xpSc0000522	381840	382157	Amillepora31381	2	0	0	0	0	0	0	0	0	0
xpSc0000522	391826	403235	Amillepora31383	21	0	0	0	0	0	0	0	0	0
xpSc0000522	365268	384395	Amillepora31379	24	0	0	0	0	0	0	0	0	0
xpSc0000522	350026	356866	Amillepora31378	9	0	0	0	0	0	0	0	0	0
xpSc0000522	415311	421816	Amillepora31384	1	0	0	0	0	0	NA	NA	0	0
xpSc0000522	520307	534459	Amillepora31390	2	0	0	0	0	0	0	0	0	0
xpSc0000522	506577	520190	Amillepora31387	9	0	0	0	0	0	0	0	0	0
xpSc0000522	538465	541590	Amillepora31392	1	0	0	0	0	0	NA	NA	0	0
xpSc0000522	493266	494961	Amillepora31386	11	3	0.2727272727272727	0.2727272727272727	27.272727272727273	0	46.70993664969137	14.083575804390607	100	0
xpSc0000522	622860	627836	Amillepora31399	5	0	0	0	0	0	0	0	0	0
xpSc0000522	743591	745698	Amillepora31407	1	0	0	0	0	0	NA	NA	0	0
xfSc0000422	1489	6027	Amillepora38191	8	0	0	0	0	0	0	0	0	0
xfSc0000220	58290	60303	Amillepora36754	2	1	0.5	0.5	50	50	70.71067811865476	50	100	0
xfSc0000344	7349	17193	Amillepora37958	1	1	1	1	100	100	NA	NA	100	100
xpSc0000528	64945	70155	Amillepora31629	2	0	0	0	0	0	0	0	0	0
xpSc0000528	71973	76152	Amillepora31630	1	0	0	0	0	0	NA	NA	0	0
xpSc0000528	139717	141048	Amillepora31634	1	0	0	0	0	0	NA	NA	0	0
xpSc0000528	81573	98767	Amillepora31631	1	0	0	0	0	0	NA	NA	0	0
xpSc0000528	103086	118289	Amillepora31632	8	4	0.5	0.5	50	50	53.45224838248488	18.89822365046136	100	0
xpSc0000528	202997	205661	Amillepora31640	1	0	0	0	0	0	NA	NA	0	0
xpSc0000528	222239	227550	Amillepora31643	2	0	0	0	0	0	0	0	0	0
xpSc0000528	200046	202907	Amillepora31639	2	2	1	1	100	100	0	0	100	100
xpSc0000528	239161	253184	Amillepora31645	9	1	0.1111111111111111	0.1111111111111111	11.11111111111111	0	33.333333333333336	11.111111111111112	100	0
xpSc0000528	256596	269545	Amillepora31646	5	1	0.2	0.2	20	0	44.721359549995796	20	100	0
xpSc0000528	207097	215643	Amillepora31641	2	0	0	0	0	0	0	0	0	0
xpSc0000528	317363	329692	Amillepora31650	1	1	1	1	100	100	NA	NA	100	100
xpSc0000528	331305	351984	Amillepora31653	20	4	0.2	0.2	20	0	41.03913408340616	9.17662935482247	100	0
xpSc0000528	376468	378105	Amillepora31658	1	0	0	0	0	0	NA	NA	0	0
xpSc0000528	328466	331050	Amillepora31652	3	0	0	0	0	0	0	0	0	0
xpSc0000528	362268	373552	Amillepora31656	3	2	0.6666666666666666	0.6666666666666666	66.66666666666667	100	57.735026918962575	33.333333333333336	100	0
xpSc0000528	274156	282298	Amillepora31647	11	2	0.18181818181818182	0.18181818181818182	18.181818181818183	0	40.45199174779453	12.196734422726125	100	0
xpSc0000528	283404	286175	Amillepora31648	4	0	0	0	0	0	0	0	0	0
xpSc0000528	354998	356317	Amillepora31654	7	0	0	0	0	0	0	0	0	0
xpSc0000528	440750	447585	Amillepora31663	8	1	0.125	0.125	12.5	0	35.35533905932738	12.5	100	0
xpSc0000528	419127	438921	Amillepora31662	39	1	0.02564102564102564	0.02564102564102564	2.5641025641025643	0	16.012815380508712	2.564102564102564	100	0
xpSc0000528	452566	456597	Amillepora31665	5	1	0.2	0.2	20	0	44.721359549995796	20	100	0
xpSc0000528	390472	400877	Amillepora31660	9	2	0.2222222222222222	0.2222222222222222	22.22222222222222	0	44.09585518440984	14.698618394803281	100	0
xpSc0000528	403690	412463	Amillepora31661	1	0	0	0	0	0	NA	NA	0	0
xpSc0000528	373030	390020	Amillepora31657	8	3	0.375	0.375	37.5	0	51.75491695067657	18.298126367784995	100	0
xpSc0000528	448642	451790	Amillepora31664	3	0	0	0	0	0	0	0	0	0
xpSc0000528	517061	518920	Amillepora31672	3	0	0	0	0	0	0	0	0	0
xpSc0000528	489601	491614	Amillepora31667	4	0	0	0	0	0	0	0	0	0
xpSc0000528	537090	574143	Amillepora31674	24	4	0.16666666666666666	0.16666666666666666	16.666666666666668	0	38.069349381344054	7.770873402002615	100	0
xpSc0000528	647416	662057	Amillepora31682	1	0	0	0	0	0	NA	NA	0	0
xpSc0000528	508666	513524	Amillepora31670	3	1	0.3333333333333333	0.3333333333333333	33.333333333333336	0	57.735026918962575	33.333333333333336	100	0
xpSc0000528	592855	615386	Amillepora31676	9	0	0	0	0	0	0	0	0	0
xpSc0000528	505445	508274	Amillepora31669	1	1	1	1	100	100	NA	NA	100	100
xpSc0000528	574833	580969	Amillepora31675	8	0	0	0	0	0	0	0	0	0
xpSc0000528	498112	503543	Amillepora31668	4	2	0.5	0.5	50	50	57.735026918962575	28.867513459481287	100	0
xpSc0000528	524499	536989	Amillepora31673	5	3	0.6	0.6	60	100	54.772255750516614	24.49489742783178	100	0
xfSc0000143	200728	204113	Amillepora34603	2	1	0.5	0.5	50	50	70.71067811865476	50	100	0
xfSc0000143	189473	190650	Amillepora34601	1	1	1	1	100	100	NA	NA	100	100
xfSc0000143	135554	136132	Amillepora34598	1	1	1	1	100	100	NA	NA	100	100
xfSc0000143	206765	212236	Amillepora34604	13	6	0.46153846153846156	0.46153846153846156	46.15384615384615	0	51.887452166277086	14.390989949130546	100	0
xfSc0000143	214390	215266	Amillepora34605	2	0	0	0	0	0	0	0	0	0
xfSc0000210	35204	39104	Amillepora36500	1	0	0	0	0	0	NA	NA	0	0
xfSc0000210	69540	78724	Amillepora36504	1	0	0	0	0	0	NA	NA	0	0
xfSc0000269	24602	28768	Amillepora37419	4	0	0	0	0	0	0	0	0	0
xfSc0000229	75584	94800	Amillepora36987	5	0	0	0	0	0	0	0	0	0
xfSc0000229	67031	68775	Amillepora36985	3	1	0.3333333333333333	0.3333333333333333	33.333333333333336	0	57.735026918962575	33.333333333333336	100	0
xfSc0000229	34402	38696	Amillepora36982	7	0	0	0	0	0	0	0	0	0
xfSc0000258	27323	30787	Amillepora37290	3	0	0	0	0	0	0	0	0	0
xfSc0000258	1602	27236	Amillepora37285	14	0	0	0	0	0	0	0	0	0
xfSc0000190	56389	61942	Amillepora36066	3	0	0	0	0	0	0	0	0	0
xfSc0000190	89668	94247	Amillepora36069	1	0	0	0	0	0	NA	NA	0	0
xfSc0000190	48260	48869	Amillepora36062	1	0	0	0	0	0	NA	NA	0	0
xfSc0000238	63	22148	Amillepora37088	3	0	0	0	0	0	0	0	0	0
xfSc0000238	22331	43440	Amillepora37089	4	0	0	0	0	0	0	0	0	0
xfSc0000328	24122	29233	Amillepora37848	2	0	0	0	0	0	0	0	0	0
xfSc0000328	15219	24071	Amillepora37847	10	1	0.1	0.09090909090909091	5	0	15.811388300841896	5	50	0
xfSc0000332	26382	29056	Amillepora37873	1	0	0	0	0	0	NA	NA	0	0
xfSc0000226	22469	23910	Amillepora36949	3	0	0	0	0	0	0	0	0	0
xfSc0000398	1946	3439	Amillepora38137	1	1	1	1	100	100	NA	NA	100	100
xfSc0000243	6846	10149	Amillepora37138	42	2	0.047619047619047616	0.047619047619047616	4.761904761904762	0	21.55402687045211	3.3258585512837056	100	0
xfSc0000243	21112	30269	Amillepora37139	32	3	0.09375	0.09375	9.375	0	29.614458108029904	5.23514603733822	100	0
xfSc0000243	42125	42651	Amillepora37141	1	0	0	0	0	0	NA	NA	0	0
xfSc0000182	95465	176602	Amillepora35819	46	1	0.021739130434782608	0.021739130434782608	2.1739130434782608	0	14.744195615489714	2.1739130434782608	100	0
xfSc0000182	95230	107009	Amillepora35818	6	0	0	0	0	0	0	0	0	0
xfSc0000214	74160	76865	Amillepora36678	1	0	0	0	0	0	NA	NA	0	0
xfSc0000214	52818	58834	Amillepora36677	2	1	0.5	0.5	50	50	70.71067811865476	50	100	0
xfSc0000214	13710	16504	Amillepora36671	2	0	0	0	0	0	0	0	0	0
xfSc0000214	26752	27306	Amillepora36673	1	0	0	0	0	0	NA	NA	0	0
xfSc0000155	38582	40629	Amillepora35261	1	1	1	1	100	100	NA	NA	100	100
xfSc0000155	163519	164673	Amillepora35269	1	0	0	0	0	0	NA	NA	0	0
xfSc0000155	152386	153129	Amillepora35268	2	0	0	0	0	0	0	0	0	0
xfSc0000155	148896	149384	Amillepora35267	3	3	1	1	100	100	0	0	100	100
xfSc0000155	168513	169451	Amillepora35270	4	1	0.25	0.25	25	0	50	25	100	0
xfSc0000155	182837	189225	Amillepora35271	4	1	0.25	0.25	25	0	50	25	100	0
xfSc0000155	109120	152248	Amillepora35265	32	12	0.375	0.375	37.5	0	49.18693768379647	8.695104295503155	100	0
xfSc0000155	90869	95862	Amillepora35263	2	0	0	0	0	0	0	0	0	0
xfSc0000286	13527	38446	Amillepora37572	14	0	0	0	0	0	0	0	0	0
xfSc0000286	50529	53304	Amillepora37575	2	0	0	0	0	0	0	0	0	0
xfSc0000319	26037	26504	Amillepora37830	1	0	0	0	0	0	NA	NA	0	0
xpSc0000532	29375	31418	Amillepora32263	5	0	0	0	0	0	0	0	0	0
xpSc0000532	52154	57767	Amillepora32266	5	0	0	0	0	0	0	0	0	0
xpSc0000532	70893	77245	Amillepora32268	3	0	0	0	0	0	0	0	0	0
xpSc0000532	43838	49153	Amillepora32265	7	1	0.14285714285714285	0.14285714285714285	14.285714285714286	0	37.79644730092272	14.285714285714285	100	0
xpSc0000532	33618	36451	Amillepora32264	2	0	0	0	0	0	0	0	0	0
xpSc0000532	58645	68309	Amillepora32267	6	1	0.16666666666666666	0.16666666666666666	16.666666666666668	0	40.82482904638629	16.66666666666667	100	0
xpSc0000532	166906	172030	Amillepora32281	9	0	0	0	0	0	0	0	0	0
xpSc0000532	90043	95844	Amillepora32271	3	2	0.6666666666666666	0.6666666666666666	66.66666666666667	100	57.73502691896258	33.333333333333336	100	0
xpSc0000532	159904	164685	Amillepora32280	7	0	0	0	0	0	0	0	0	0
xpSc0000532	113204	122449	Amillepora32274	17	0	0	0	0	0	0	0	0	0
xpSc0000532	148495	152501	Amillepora32278	4	0	0	0	0	0	0	0	0	0
xpSc0000532	135798	142261	Amillepora32277	11	1	0.09090909090909091	0.09090909090909091	9.090909090909092	0	30.15113445777636	9.09090909090909	100	0
xpSc0000532	122458	131645	Amillepora32275	6	0	0	0	0	0	0	0	0	0
xpSc0000532	80781	89670	Amillepora32269	9	1	0.1111111111111111	0.1111111111111111	11.11111111111111	0	33.333333333333336	11.111111111111112	100	0
xpSc0000532	101856	105026	Amillepora32272	7	0	0	0	0	0	0	0	0	0
xpSc0000532	106753	107874	Amillepora32273	6	0	0	0	0	0	0	0	0	0
xpSc0000532	281745	282682	Amillepora32288	1	0	0	0	0	0	NA	NA	0	0
xpSc0000532	254540	271207	Amillepora32286	13	0	0	0	0	0	0	0	0	0
xpSc0000532	249312	250190	Amillepora32285	2	0	0	0	0	0	0	0	0	0
xpSc0000532	201695	221331	Amillepora32283	23	1	0.043478260869565216	0.043478260869565216	4.3478260869565215	0	20.851441405707476	4.347826086956522	100	0
xpSc0000532	268792	270833	Amillepora32287	3	0	0	0	0	0	0	0	0	0
xpSc0000532	311301	351843	Amillepora32290	34	2	0.058823529411764705	0.058823529411764705	5.882352941176471	0	23.883257361061283	4.095944846016419	100	0
xpSc0000532	285118	291764	Amillepora32289	5	0	0	0	0	0	0	0	0	0
xpSc0000532	444581	450606	Amillepora32297	4	0	0	0	0	0	0	0	0	0
xpSc0000532	476138	485515	Amillepora32300	3	1	0.3333333333333333	0.3333333333333333	33.333333333333336	0	57.735026918962575	33.333333333333336	100	0
xpSc0000532	526684	535015	Amillepora32307	4	1	0.25	0.25	25	0	50	25	100	0
xpSc0000532	543121	568217	Amillepora32311	25	1	0.04	0.038461538461538464	4	0	20	4	100	0
xpSc0000532	486684	494207	Amillepora32305	26	1	0.038461538461538464	0.038461538461538464	3.8461538461538463	0	19.61161351381839	3.8461538461538467	100	0
xpSc0000532	517060	526880	Amillepora32306	14	4	0.2857142857142857	0.2857142857142857	28.571428571428573	0	46.88072309384955	12.529400275814705	100	0
xpSc0000532	396949	428968	Amillepora32293	6	0	0	0	0	0	0	0	0	0
xpSc0000532	536598	542949	Amillepora32308	5	0	0	0	0	0	0	0	0	0
xpSc0000532	453755	456958	Amillepora32298	3	0	0	0	0	0	0	0	0	0
xpSc0000532	458853	474375	Amillepora32299	13	0	0	0	0	0	0	0	0	0
xpSc0000532	440031	441940	Amillepora32296	2	0	0	0	0	0	0	0	0	0
xfSc0000187	25458	26468	Amillepora35992	4	0	0	0	0	0	0	0	0	0
xfSc0000187	143695	145604	Amillepora36007	3	0	0	0	0	0	0	0	0	0
xfSc0000187	31656	38885	Amillepora35994	5	2	0.4	0.4	40	0	54.772255750516614	24.49489742783178	100	0
xfSc0000187	1693	12788	Amillepora35990	11	3	0.2727272727272727	0.2727272727272727	27.272727272727273	0	46.70993664969137	14.083575804390607	100	0
xfSc0000187	117173	119785	Amillepora36004	2	0	0	0	0	0	0	0	0	0
xfSc0000187	94230	104090	Amillepora36002	2	0	0	0	0	0	0	0	0	0
xfSc0000187	127528	132900	Amillepora36005	2	0	0	0	0	0	0	0	0	0
xfSc0000187	104484	117126	Amillepora36003	3	0	0	0	0	0	0	0	0	0
xfSc0000187	44560	46771	Amillepora35996	7	0	0	0	0	0	0	0	0	0
xfSc0000187	27125	31533	Amillepora35993	1	1	1	1	100	100	NA	NA	100	100
xfSc0000187	39521	43800	Amillepora35995	7	1	0.14285714285714285	0.14285714285714285	14.285714285714286	0	37.79644730092272	14.285714285714285	100	0
xfSc0000187	54451	61097	Amillepora35998	2	1	0.5	0.5	50	50	70.71067811865476	50	100	0
xfSc0000187	47616	50384	Amillepora35997	6	0	0	0	0	0	0	0	0	0
xfSc0000187	68080	82150	Amillepora35999	4	2	0.5	0.5	50	50	57.735026918962575	28.867513459481287	100	0
xfSc0000187	90547	91719	Amillepora36001	1	0	0	0	0	0	NA	NA	0	0
xfSc0000187	134380	143700	Amillepora36006	8	2	0.25	0.25	25	0	46.29100498862757	16.366341767699428	100	0
xfSc0000228	255	33329	Amillepora36977	4	0	0	0	0	0	0	0	0	0
xfSc0000228	65817	73122	Amillepora36979	2	1	0.5	0.5	50	50	70.71067811865476	50	100	0
xfSc0000205	6517	21489	Amillepora36411	18	0	0	0	0	0	0	0	0	0
xfSc0000205	103279	125483	Amillepora36420	35	2	0.05714285714285714	0.05555555555555555	5.714285714285714	0	23.55041079768028	3.980745977252777	100	0
xfSc0000205	26197	32963	Amillepora36413	18	0	0	0	0	0	0	0	0	0
xfSc0000205	90639	96427	Amillepora36418	3	0	0	0	0	0	0	0	0	0
xfSc0000205	97892	100822	Amillepora36419	7	3	0.42857142857142855	0.42857142857142855	42.857142857142854	0	53.452248382484875	20.203050891044217	100	0
xfSc0000205	19749	21472	Amillepora36412	4	0	0	0	0	0	0	0	0	0
xfSc0000205	34045	75015	Amillepora36414	50	1	0.02	0.02	2	0	14.142135623730951	2	100	0
xfSc0000205	77115	90509	Amillepora36416	9	2	0.2222222222222222	0.2222222222222222	22.22222222222222	0	44.09585518440984	14.698618394803281	100	0
xfSc0000205	125046	128132	Amillepora36421	9	0	0	0	0	0	0	0	0	0
xfSc0000205	128960	129689	Amillepora36422	5	0	0	0	0	0	0	0	0	0
xfSc0000213	102703	106728	Amillepora36560	1	0	0	0	0	0	NA	NA	0	0
xfSc0000213	12948	15365	Amillepora36554	1	0	0	0	0	0	NA	NA	0	0
xfSc0000213	17858	29754	Amillepora36555	3	0	0	0	0	0	0	0	0	0
xfSc0000213	68274	77656	Amillepora36559	3	0	0	0	0	0	0	0	0	0
xfSc0000213	825	8326	Amillepora36553	3	0	0	0	0	0	0	0	0	0
xfSc0000213	49578	55356	Amillepora36558	1	0	0	0	0	0	NA	NA	0	0
xfSc0000213	30715	39255	Amillepora36556	1	0	0	0	0	0	NA	NA	0	0
xfSc0000213	39713	41881	Amillepora36557	1	0	0	0	0	0	NA	NA	0	0
xfSc0000213	111595	122917	Amillepora36561	5	1	0.2	0.2	20	0	44.721359549995796	20	100	0
xfSc0000171	94217	107118	Amillepora35669	2	0	0	0	0	0	0	0	0	0
xfSc0000171	128824	142569	Amillepora35670	4	0	0	0	0	0	0	0	0	0
xfSc0000171	42528	56828	Amillepora35667	14	1	0.07142857142857142	0.07142857142857142	7.142857142857143	0	26.72612419124244	7.142857142857143	100	0
xfSc0000317	17380	28489	Amillepora37828	1	0	0	0	0	0	NA	NA	0	0
xfSc0000317	4471	9729	Amillepora37827	1	0	0	0	0	0	NA	NA	0	0
xfSc0000218	4410	40890	Amillepora36740	9	4	0.4444444444444444	0.4444444444444444	44.44444444444444	0	52.70462766947299	17.568209223157663	100	0
xfSc0000218	65387	72657	Amillepora36743	1	1	1	1	100	100	NA	NA	100	100
xpSc0000534	78559	79623	Amillepora32705	1	0	0	0	0	0	NA	NA	0	0
xpSc0000534	32140	32766	Amillepora32701	1	0	0	0	0	0	NA	NA	0	0
xpSc0000534	227225	229828	Amillepora32712	1	0	0	0	0	0	NA	NA	0	0
xpSc0000534	185316	191837	Amillepora32710	17	2	0.11764705882352941	0.11764705882352941	11.764705882352942	0	33.21055820775357	8.05474349272303	100	0
xpSc0000534	238514	240739	Amillepora32714	2	1	0.5	0.5	50	50	70.71067811865476	50	100	0
xpSc0000534	278664	281452	Amillepora32720	1	0	0	0	0	0	NA	NA	0	0
xpSc0000534	263170	266615	Amillepora32718	4	0	0	0	0	0	0	0	0	0
xpSc0000534	363839	369485	Amillepora32725	1	0	0	0	0	0	NA	NA	0	0
xpSc0000534	326093	337809	Amillepora32723	1	0	0	0	0	0	NA	NA	0	0
xpSc0000534	287053	291713	Amillepora32721	1	0	0	0	0	0	NA	NA	0	0
xpSc0000534	342137	351594	Amillepora32724	2	0	0	0	0	0	0	0	0	0
xpSc0000534	402947	403579	Amillepora32727	2	0	0	0	0	0	0	0	0	0
xpSc0000534	481287	483666	Amillepora32732	2	0	0	0	0	0	0	0	0	0
xfSc0000443	315	6154	Amillepora38212	3	0	0	0	0	0	0	0	0	0
xfSc0000380	13916	16154	Amillepora38107	1	0	0	0	0	0	NA	NA	0	0
xfSc0000434	3626	4279	Amillepora38206	1	0	0	0	0	0	NA	NA	0	0
xfSc0000434	387	1611	Amillepora38205	3	1	0.3333333333333333	0.3333333333333333	33.333333333333336	0	57.735026918962575	33.333333333333336	100	0
xfSc0000409	3053	10674	Amillepora38153	4	0	0	0	0	0	0	0	0	0
xfSc0000409	438	1474	Amillepora38152	1	0	0	0	0	0	NA	NA	0	0
xfSc0000240	66991	69725	Amillepora37100	15	2	0.13333333333333333	0.13333333333333333	13.333333333333334	0	35.18657752744984	9.085135251589959	100	0
xfSc0000193	72238	92445	Amillepora36121	3	0	0	0	0	0	0	0	0	0
xfSc0000199	34065	37595	Amillepora36324	1	0	0	0	0	0	NA	NA	0	0
xfSc0000217	92652	107697	Amillepora36727	5	0	0	0	0	0	0	0	0	0
xfSc0000266	25221	28389	Amillepora37372	5	0	0	0	0	0	0	0	0	0
xfSc0000266	24120	24815	Amillepora37371	2	0	0	0	0	0	0	0	0	0
xfSc0000266	4336	7852	Amillepora37366	4	0	0	0	0	0	0	0	0	0
xfSc0000266	28428	53281	Amillepora37373	19	1	0.05263157894736842	0.05263157894736842	5.2631578947368425	0	22.941573387056174	5.263157894736841	100	0
xfSc0000196	57	10579	Amillepora36207	1	0	0	0	0	0	NA	NA	0	0
xfSc0000195	117996	127347	Amillepora36182	1	1	1	1	100	100	NA	NA	100	100
xfSc0000195	12562	25026	Amillepora36178	4	3	0.75	0.75	75	100	50	25	100	0
xfSc0000416	6522	6725	Amillepora38177	1	0	0	0	0	0	NA	NA	0	0
xfSc0000200	9698	48532	Amillepora36336	5	1	0.2	0.2	20	0	44.721359549995796	20	100	0
xfSc0000200	49326	54626	Amillepora36339	2	0	0	0	0	0	0	0	0	0
xfSc0000230	59401	63414	Amillepora36994	2	0	0	0	0	0	0	0	0	0
xfSc0000230	4056	11288	Amillepora36990	1	0	0	0	0	0	NA	NA	0	0
xfSc0000230	1474	4050	Amillepora36989	1	0	0	0	0	0	NA	NA	0	0
xfSc0000292	529	17405	Amillepora37654	2	0	0	0	0	0	0	0	0	0
xfSc0000163	25774	27546	Amillepora35436	3	0	0	0	0	0	0	0	0	0
xfSc0000163	5640	18172	Amillepora35434	6	0	0	0	0	0	0	0	0	0
xfSc0000163	132989	135859	Amillepora35441	3	1	0.3333333333333333	0.3333333333333333	33.333333333333336	0	57.735026918962575	33.333333333333336	100	0
xfSc0000163	185426	195864	Amillepora35443	10	0	0	0	0	0	0	0	0	0
xfSc0000163	95434	109716	Amillepora35438	11	0	0	0	0	0	0	0	0	0
xfSc0000163	111592	129691	Amillepora35439	11	2	0.18181818181818182	0.18181818181818182	18.181818181818183	0	40.45199174779453	12.196734422726125	100	0
xfSc0000163	136762	156534	Amillepora35442	10	0	0	0	0	0	0	0	0	0
xfSc0000264	20502	25677	Amillepora37360	1	0	0	0	0	0	NA	NA	0	0
xfSc0000264	53179	54420	Amillepora37364	1	0	0	0	0	0	NA	NA	0	0
xfSc0000151	19403	20287	Amillepora34897	1	0	0	0	0	0	NA	NA	0	0
xfSc0000151	20474	24094	Amillepora34898	1	0	0	0	0	0	NA	NA	0	0
xfSc0000151	185841	186731	Amillepora34904	1	0	0	0	0	0	NA	NA	0	0
xfSc0000151	76534	79272	Amillepora34900	1	0	0	0	0	0	NA	NA	0	0
xfSc0000276	43249	50829	Amillepora37429	5	0	0	0	0	0	0	0	0	0
xfSc0000242	2342	6415	Amillepora37131	1	0	0	0	0	0	NA	NA	0	0
xfSc0000192	125643	132007	Amillepora36111	1	0	0	0	0	0	NA	NA	0	0
xfSc0000192	50786	53410	Amillepora36104	3	0	0	0	0	0	0	0	0	0
xfSc0000192	94085	95032	Amillepora36108	2	0	0	0	0	0	0	0	0	0
xfSc0000192	2615	3895	Amillepora36101	3	3	1	1	100	100	0	0	100	100
xfSc0000192	86222	87067	Amillepora36107	5	0	0	0	0	0	0	0	0	0
xfSc0000192	111322	121354	Amillepora36110	9	0	0	0	0	0	0	0	0	0
xfSc0000192	139431	146228	Amillepora36113	8	0	0	0	0	0	0	0	0	0
xfSc0000192	74387	78568	Amillepora36106	4	0	0	0	0	0	0	0	0	0
xfSc0000192	138247	139369	Amillepora36112	3	1	0.3333333333333333	0.3333333333333333	33.333333333333336	0	57.735026918962575	33.333333333333336	100	0
xfSc0000192	37173	40865	Amillepora36103	5	0	0	0	0	0	0	0	0	0
xfSc0000192	107400	125782	Amillepora36109	13	0	0	0	0	0	0	0	0	0
xfSc0000192	4333	5158	Amillepora36102	2	2	1	1	100	100	0	0	100	100
xfSc0000288	6230	29199	Amillepora37603	1	0	0	0	0	0	NA	NA	0	0
xfSc0000253	12481	14591	Amillepora37242	1	0	0	0	0	0	NA	NA	0	0
xfSc0000156	16310	41975	Amillepora35273	13	2	0.15384615384615385	0.15384615384615385	15.384615384615385	0	37.553380809940535	10.415433852097385	100	0
xfSc0000156	108127	159284	Amillepora35279	12	0	0	0	0	0	0	0	0	0
xfSc0000156	160916	168225	Amillepora35281	1	0	0	0	0	0	NA	NA	0	0
xfSc0000156	205034	217890	Amillepora35288	5	0	0	0	0	0	0	0	0	0
xfSc0000156	185212	219813	Amillepora35285	11	0	0	0	0	0	0	0	0	0
xfSc0000392	4874	6933	Amillepora38124	3	1	0.3333333333333333	0.3333333333333333	33.333333333333336	0	57.735026918962575	33.333333333333336	100	0
xfSc0000179	153687	154668	Amillepora35732	1	0	0	0	0	0	NA	NA	0	0
xfSc0000179	41225	43602	Amillepora35722	2	1	0.5	0.5	50	50	70.71067811865476	50	100	0
xfSc0000179	74188	80511	Amillepora35726	3	1	0.3333333333333333	0.3333333333333333	33.333333333333336	0	57.735026918962575	33.333333333333336	100	0
xfSc0000179	86546	126718	Amillepora35727	15	7	0.4666666666666667	0.4666666666666667	46.666666666666664	0	51.63977794943223	13.333333333333332	100	0
xfSc0000179	51794	55647	Amillepora35724	4	2	0.5	0.5	50	50	57.735026918962575	28.867513459481287	100	0
xfSc0000179	4503	28472	Amillepora35721	8	3	0.375	0.375	37.5	0	51.75491695067657	18.298126367784995	100	0
xfSc0000179	67239	67664	Amillepora35725	2	0	0	0	0	0	0	0	0	0
xfSc0000215	116520	117718	Amillepora36698	4	0	0	0	0	0	0	0	0	0
xfSc0000215	4949	14707	Amillepora36685	10	0	0	0	0	0	0	0	0	0
xfSc0000215	72121	97727	Amillepora36694	6	1	0.16666666666666666	0.16666666666666666	16.666666666666668	0	40.82482904638629	16.66666666666667	100	0
xfSc0000215	17132	20855	Amillepora36686	2	0	0	0	0	0	0	0	0	0
xfSc0000215	44607	49064	Amillepora36688	5	0	0	0	0	0	0	0	0	0
xfSc0000215	50620	55278	Amillepora36689	1	0	0	0	0	0	NA	NA	0	0
xfSc0000368	12875	14590	Amillepora38045	1	1	1	1	100	100	NA	NA	100	100
xfSc0000207	84243	103861	Amillepora36446	5	1	0.2	0.2	20	0	44.721359549995796	20	100	0
xfSc0000207	2433	8260	Amillepora36438	1	0	0	0	0	0	NA	NA	0	0
xfSc0000207	78890	81958	Amillepora36445	1	1	1	1	100	100	NA	NA	100	100
xfSc0000152	49889	52177	Amillepora34912	2	1	0.5	0.5	50	50	70.71067811865476	50	100	0
xfSc0000152	31053	31916	Amillepora34909	1	0	0	0	0	0	NA	NA	0	0
xfSc0000152	159055	161688	Amillepora34915	6	0	0	0	0	0	0	0	0	0
xfSc0000152	186138	191913	Amillepora34918	2	1	0.5	0.5	50	50	70.71067811865476	50	100	0
xfSc0000152	204900	236167	Amillepora34922	19	0	0	0	0	0	0	0	0	0
xfSc0000152	114953	116478	Amillepora34913	1	0	0	0	0	0	NA	NA	0	0
xfSc0000277	37627	52545	Amillepora37434	4	0	0	0	0	0	0	0	0	0
xfSc0000265	4127	45369	Amillepora37365	12	1	0.08333333333333333	0.08333333333333333	8.333333333333334	0	28.867513459481298	8.333333333333334	100	0
xfSc0000144	85412	89786	Amillepora34611	1	0	0	0	0	0	NA	NA	0	0
xfSc0000281	3803	6886	Amillepora37538	11	1	0.09090909090909091	0.09090909090909091	9.090909090909092	0	30.15113445777636	9.09090909090909	100	0
xfSc0000281	40870	43658	Amillepora37539	5	0	0	0	0	0	0	0	0	0
xpSc0000535	99649	101655	Amillepora32736	5	0	0	0	0	0	0	0	0	0
xpSc0000535	101713	115093	Amillepora32737	9	0	0	0	0	0	0	0	0	0
xpSc0000535	262596	267515	Amillepora32744	2	1	0.5	0.5	50	50	70.71067811865476	50	100	0
xpSc0000535	232691	238368	Amillepora32742	1	0	0	0	0	0	NA	NA	0	0
xpSc0000535	238434	242707	Amillepora32743	1	1	1	1	100	100	NA	NA	100	100
xpSc0000535	365257	370570	Amillepora32748	4	0	0	0	0	0	0	0	0	0
xpSc0000535	494297	505090	Amillepora32752	12	3	0.25	0.25	25	0	45.22670168666454	13.055824196677337	100	0
xfSc0000327	21606	26744	Amillepora37844	2	0	0	0	0	0	0	0	0	0
xfSc0000327	22798	27797	Amillepora37845	2	0	0	0	0	0	0	0	0	0
xfSc0000219	29707	36144	Amillepora36749	1	0	0	0	0	0	NA	NA	0	0
xfSc0000219	36810	69043	Amillepora36750	4	0	0	0	0	0	0	0	0	0
xfSc0000219	72008	100714	Amillepora36752	11	1	0.09090909090909091	0.09090909090909091	9.090909090909092	0	30.15113445777636	9.09090909090909	100	0
xfSc0000189	42102	50833	Amillepora36056	4	1	0.25	0.25	25	0	50	25	100	0
xfSc0000189	69779	101615	Amillepora36058	16	3	0.1875	0.1875	18.75	0	40.311288741492746	10.077822185373186	100	0
xfSc0000189	119429	155222	Amillepora36060	1	0	0	0	0	0	NA	NA	0	0
xfSc0000189	57105	65462	Amillepora36057	12	0	0	0	0	0	0	0	0	0
xfSc0000189	110299	115546	Amillepora36059	2	0	0	0	0	0	0	0	0	0
xfSc0000181	12959	18682	Amillepora35782	5	1	0.2	0.2	20	0	44.721359549995796	20	100	0
xfSc0000181	50481	68951	Amillepora35785	3	0	0	0	0	0	0	0	0	0
xfSc0000181	88429	100630	Amillepora35787	5	0	0	0	0	0	0	0	0	0
xfSc0000181	69708	79245	Amillepora35786	1	0	0	0	0	0	NA	NA	0	0
xfSc0000181	168510	168962	Amillepora35791	1	0	0	0	0	0	NA	NA	0	0
xfSc0000178	70842	81474	Amillepora35718	1	1	1	1	100	100	NA	NA	100	100
xfSc0000178	62956	64371	Amillepora35717	1	0	0	0	0	0	NA	NA	0	0
xfSc0000178	147189	158132	Amillepora35719	4	0	0	0	0	0	0	0	0	0
xfSc0000178	36161	59584	Amillepora35715	11	2	0.18181818181818182	0.18181818181818182	18.181818181818183	0	40.45199174779453	12.196734422726125	100	0
xfSc0000256	50867	59279	Amillepora37283	2	0	0	0	0	0	0	0	0	0
xfSc0000256	25920	41326	Amillepora37281	2	1	0.5	0.5	50	50	70.71067811865476	50	100	0
xfSc0000256	32752	35520	Amillepora37282	1	0	0	0	0	0	NA	NA	0	0
xfSc0000223	19325	22603	Amillepora36846	6	0	0	0	0	0	0	0	0	0
xfSc0000223	12272	14850	Amillepora36844	6	0	0	0	0	0	0	0	0	0
xfSc0000223	32986	49892	Amillepora36848	24	0	0	0	0	0	0	0	0	0
xfSc0000223	24254	31101	Amillepora36847	8	3	0.375	0.375	37.5	0	51.75491695067657	18.298126367784995	100	0
xfSc0000223	71454	79290	Amillepora36849	1	0	0	0	0	0	NA	NA	0	0
xfSc0000223	805	9805	Amillepora36842	6	4	0.6666666666666666	0.6666666666666666	66.66666666666667	100	51.63977794943223	21.081851067789195	100	0
xfSc0000223	11182	12141	Amillepora36843	3	0	0	0	0	0	0	0	0	0
xfSc0000282	15704	17470	Amillepora37541	5	0	0	0	0	0	0	0	0	0
xfSc0000282	20970	21881	Amillepora37544	1	0	0	0	0	0	NA	NA	0	0
xfSc0000282	12440	14502	Amillepora37540	5	1	0.2	0.16666666666666666	20	0	44.721359549995796	20	100	0
xfSc0000204	59385	70289	Amillepora36403	6	0	0	0	0	0	0	0	0	0
xfSc0000204	100955	117627	Amillepora36407	23	0	0	0	0	0	0	0	0	0
xfSc0000204	645	17474	Amillepora36398	17	0	0	0	0	0	0	0	0	0
xfSc0000204	94020	100940	Amillepora36406	11	0	0	0	0	0	0	0	0	0
xfSc0000204	72063	89339	Amillepora36404	3	0	0	0	0	0	0	0	0	0
xfSc0000204	16926	39778	Amillepora36399	16	2	0.125	0.125	12.5	0	34.15650255319866	8.539125638299666	100	0
xfSc0000204	39933	47785	Amillepora36402	4	0	0	0	0	0	0	0	0	0
xfSc0000289	39820	40962	Amillepora37613	1	0	0	0	0	0	NA	NA	0	0
xfSc0000202	53203	54372	Amillepora36373	2	0	0	0	0	0	0	0	0	0
xfSc0000202	11762	17618	Amillepora36371	6	0	0	0	0	0	0	0	0	0
xfSc0000202	55348	60820	Amillepora36374	7	0	0	0	0	0	0	0	0	0
xfSc0000202	92761	106844	Amillepora36376	5	0	0	0	0	0	0	0	0	0
xfSc0000202	18217	49454	Amillepora36372	24	2	0.08333333333333333	0.08333333333333333	8.333333333333334	0	28.23298512866401	5.763033956734373	100	0
xfSc0000255	9499	30688	Amillepora37266	6	0	0	0	0	0	0	0	0	0
xfSc0000255	37900	48495	Amillepora37268	1	0	0	0	0	0	NA	NA	0	0
xfSc0000375	4110	16570	Amillepora38085	4	2	0.5	0.5	50	50	57.735026918962575	28.867513459481287	100	0
xfSc0000444	1937	3061	Amillepora38219	2	1	0.5	0.5	50	50	70.71067811865476	50	100	0
xfSc0000444	117	1879	Amillepora38218	3	0	0	0	0	0	0	0	0	0
xfSc0000147	134282	153695	Amillepora34714	2	0	0	0	0	0	0	0	0	0
xfSc0000147	187433	194356	Amillepora34719	2	0	0	0	0	0	0	0	0	0
xfSc0000147	197378	211304	Amillepora34720	1	0	0	0	0	0	NA	NA	0	0
xfSc0000147	218579	221011	Amillepora34721	2	0	0	0	0	0	0	0	0	0
xfSc0000147	89830	94735	Amillepora34709	3	2	0.6666666666666666	0.6666666666666666	66.66666666666667	100	57.735026918962575	33.333333333333336	100	0
xfSc0000146	40077	41965	Amillepora34689	1	0	0	0	0	0	NA	NA	0	0
xfSc0000146	76904	77592	Amillepora34692	1	0	0	0	0	0	NA	NA	0	0
xfSc0000146	122293	126833	Amillepora34694	1	0	0	0	0	0	NA	NA	0	0
xfSc0000211	23896	49293	Amillepora36532	34	3	0.08823529411764706	0.08823529411764706	8.823529411764707	0	28.790224128123672	4.937482703908927	100	0
xfSc0000211	60018	70932	Amillepora36535	8	0	0	0	0	0	0	0	0	0
xfSc0000211	48779	59515	Amillepora36534	16	0	0	0	0	0	0	0	0	0
xfSc0000211	670	23791	Amillepora36531	27	0	0	0	0	0	0	0	0	0
xfSc0000211	82338	88428	Amillepora36537	1	0	0	0	0	0	NA	NA	0	0
xfSc0000211	116064	125045	Amillepora36540	1	0	0	0	0	0	NA	NA	0	0
xfSc0000211	108509	113503	Amillepora36539	3	0	0	0	0	0	0	0	0	0
xfSc0000351	13698	20673	Amillepora37974	1	0	0	0	0	0	NA	NA	0	0
xfSc0000244	82774	84846	Amillepora37168	1	0	0	0	0	0	NA	NA	0	0
xfSc0000244	78118	78788	Amillepora37166	2	0	0	0	0	0	0	0	0	0
xfSc0000216	92448	97023	Amillepora36705	7	0	0	0	0	0	0	0	0	0
xfSc0000216	86832	90930	Amillepora36704	1	0	0	0	0	0	NA	NA	0	0
xfSc0000216	43812	69447	Amillepora36703	22	7	0.3181818181818182	0.3181818181818182	31.818181818181817	0	47.67312946227962	10.16394535227177	100	0
xfSc0000216	16692	18815	Amillepora36700	2	0	0	0	0	0	0	0	0	0
xfSc0000216	99786	100298	Amillepora36706	1	0	0	0	0	0	NA	NA	0	0
xfSc0000216	18891	28145	Amillepora36701	11	0	0	0	0	0	0	0	0	0
xfSc0000216	36540	39783	Amillepora36702	1	0	0	0	0	0	NA	NA	0	0
xfSc0000224	93136	94680	Amillepora36859	1	0	0	0	0	0	NA	NA	0	0
xfSc0000224	60269	90631	Amillepora36857	8	1	0.125	0.125	12.5	0	35.35533905932738	12.5	100	0
xfSc0000224	911	16332	Amillepora36853	6	0	0	0	0	0	0	0	0	0
xfSc0000224	42895	43455	Amillepora36855	1	0	0	0	0	0	NA	NA	0	0
xfSc0000232	71680	92250	Amillepora37018	11	0	0	0	0	0	0	0	0	0
xfSc0000232	4201	23498	Amillepora37016	12	0	0	0	0	0	0	0	0	0
xfSc0000232	27196	67023	Amillepora37017	10	0	0	0	0	0	0	0	0	0
xfSc0000167	24191	27021	Amillepora35564	1	0	0	0	0	0	NA	NA	0	0
xfSc0000145	21515	24276	Amillepora34625	1	1	1	1	100	100	NA	NA	100	100
xfSc0000145	195635	199542	Amillepora34643	1	0	0	0	0	0	NA	NA	0	0
xfSc0000145	36754	40132	Amillepora34626	9	2	0.2222222222222222	0.2222222222222222	22.22222222222222	0	44.09585518440984	14.698618394803281	100	0
xfSc0000145	242821	251539	Amillepora34648	1	0	0	0	0	0	NA	NA	0	0
xfSc0000145	130642	139711	Amillepora34635	1	0	0	0	0	0	NA	NA	0	0
xfSc0000145	200882	216895	Amillepora34645	1	0	0	0	0	0	NA	NA	0	0
xfSc0000145	45866	94575	Amillepora34627	5	0	0	0	0	0	0	0	0	0
xfSc0000272	906	1706	Amillepora37421	2	0	0	0	0	0	0	0	0	0
xfSc0000272	19437	28176	Amillepora37423	4	1	0.25	0.25	25	0	50	25	100	0
xfSc0000272	32599	51458	Amillepora37424	4	0	0	0	0	0	0	0	0	0
xfSc0000157	5389	9297	Amillepora35306	1	0	0	0	0	0	NA	NA	0	0
xfSc0000157	54855	59287	Amillepora35310	3	1	0.3333333333333333	0.3333333333333333	33.333333333333336	0	57.735026918962575	33.333333333333336	100	0
xfSc0000157	36382	53401	Amillepora35309	10	0	0	0	0	0	0	0	0	0
xfSc0000157	21777	27426	Amillepora35308	12	0	0	0	0	0	0	0	0	0
xfSc0000157	10693	14735	Amillepora35307	10	0	0	0	0	0	0	0	0	0
xfSc0000157	96329	108965	Amillepora35316	3	0	0	0	0	0	0	0	0	0
xfSc0000157	70588	74878	Amillepora35312	2	0	0	0	0	0	0	0	0	0
xfSc0000157	60537	65345	Amillepora35311	3	0	0	0	0	0	0	0	0	0
xfSc0000157	82185	94021	Amillepora35314	1	0	0	0	0	0	NA	NA	0	0
xfSc0000157	119768	125429	Amillepora35318	2	0	0	0	0	0	0	0	0	0
xfSc0000157	150907	153794	Amillepora35323	1	0	0	0	0	0	NA	NA	0	0
xfSc0000157	177833	190414	Amillepora35328	3	0	0	0	0	0	0	0	0	0
xfSc0000157	172357	174393	Amillepora35327	1	0	0	0	0	0	NA	NA	0	0
xfSc0000157	165902	170643	Amillepora35326	3	0	0	0	0	0	0	0	0	0
xfSc0000157	144135	150346	Amillepora35322	1	0	0	0	0	0	NA	NA	0	0
xfSc0000263	52165	53457	Amillepora37334	4	0	0	0	0	0	0	0	0	0
xfSc0000263	54307	61694	Amillepora37335	1	0	0	0	0	0	NA	NA	0	0
xfSc0000350	1206	18245	Amillepora37969	7	0	0	0	0	0	0	0	0	0
xfSc0000236	75373	92675	Amillepora37051	2	1	0.5	0.5	50	50	70.71067811865476	50	100	0
xfSc0000236	33908	34769	Amillepora37049	1	0	0	0	0	0	NA	NA	0	0
xfSc0000320	10609	10989	Amillepora37831	1	0	0	0	0	0	NA	NA	0	0
xfSc0000201	78236	83379	Amillepora36347	2	0	0	0	0	0	0	0	0	0
xfSc0000201	124535	133465	Amillepora36355	1	1	1	1	100	100	NA	NA	100	100
xfSc0000201	96752	102382	Amillepora36351	1	0	0	0	0	0	NA	NA	0	0
xfSc0000201	50452	78085	Amillepora36344	6	2	0.3333333333333333	0.3333333333333333	33.333333333333336	0	51.63977794943222	21.081851067789195	100	0
xfSc0000201	109204	121130	Amillepora36353	1	0	0	0	0	0	NA	NA	0	0
xfSc0000201	20759	23999	Amillepora36342	1	1	1	1	100	100	NA	NA	100	100
xfSc0000201	1729	4537	Amillepora36341	1	0	0	0	0	0	NA	NA	0	0
xfSc0000287	27179	48340	Amillepora37581	4	1	0.25	0.25	25	0	50	25	100	0
xfSc0000287	5963	35536	Amillepora37576	18	2	0.1111111111111111	0.1111111111111111	11.11111111111111	0	32.338083338177725	7.622159339667059	100	0
xfSc0000149	96309	98384	Amillepora34808	5	0	0	0	0	0	0	0	0	0
xfSc0000425	2297	3180	Amillepora38192	2	1	0.5	0.5	50	50	70.71067811865476	50	100	0
xfSc0000148	618	1455	Amillepora34790	1	0	0	0	0	0	NA	NA	0	0
xfSc0000148	10533	61327	Amillepora34792	14	1	0.07142857142857142	0.07142857142857142	7.142857142857143	0	26.72612419124244	7.142857142857143	100	0
xfSc0000148	191884	230731	Amillepora34801	15	0	0	0	0	0	0	0	0	0
xfSc0000148	104159	123770	Amillepora34798	7	0	0	0	0	0	0	0	0	0
xfSc0000148	186432	188330	Amillepora34800	1	0	0	0	0	0	NA	NA	0	0
xfSc0000174	63437	113965	Amillepora35684	18	0	0	0	0	0	0	0	0	0
xfSc0000174	931	47525	Amillepora35683	14	0	0	0	0	0	0	0	0	0
xfSc0000419	6749	9536	Amillepora38188	1	0	0	0	0	0	NA	NA	0	0
xfSc0000209	41832	47839	Amillepora36462	6	0	0	0	0	0	0	0	0	0
xfSc0000209	104034	104987	Amillepora36468	1	0	0	0	0	0	NA	NA	0	0
xfSc0000209	123181	124131	Amillepora36477	1	0	0	0	0	0	NA	NA	0	0
xfSc0000209	105509	109508	Amillepora36469	3	1	0.3333333333333333	0.3333333333333333	33.333333333333336	0	57.735026918962575	33.333333333333336	100	0
xfSc0000209	121405	126133	Amillepora36476	1	0	0	0	0	0	NA	NA	0	0
xfSc0000209	2654	4447	Amillepora36459	1	0	0	0	0	0	NA	NA	0	0
xfSc0000209	4892	7267	Amillepora36460	2	0	0	0	0	0	0	0	0	0
xfSc0000173	95130	105477	Amillepora35677	1	0	0	0	0	0	NA	NA	0	0
xfSc0000173	176429	185426	Amillepora35682	1	1	1	1	100	100	NA	NA	100	100
xfSc0000173	154517	163783	Amillepora35681	2	0	0	0	0	0	0	0	0	0
xfSc0000170	31062	34861	Amillepora35657	5	0	0	0	0	0	0	0	0	0
xfSc0000170	163385	188444	Amillepora35666	3	1	0.3333333333333333	0.3333333333333333	33.333333333333336	0	57.735026918962575	33.333333333333336	100	0
xfSc0000170	9653	28827	Amillepora35655	11	2	0.18181818181818182	0.18181818181818182	18.181818181818183	0	40.45199174779453	12.196734422726125	100	0
xfSc0000170	149553	153964	Amillepora35665	3	1	0.3333333333333333	0.3333333333333333	33.333333333333336	0	57.735026918962575	33.333333333333336	100	0
xfSc0000170	64536	80298	Amillepora35659	3	0	0	0	0	0	0	0	0	0
xfSc0000170	96184	101074	Amillepora35662	1	0	0	0	0	0	NA	NA	0	0
xfSc0000170	112246	117392	Amillepora35664	7	1	0.14285714285714285	0.14285714285714285	14.285714285714286	0	37.79644730092272	14.285714285714285	100	0
xfSc0000170	661	23747	Amillepora35652	7	1	0.14285714285714285	0.14285714285714285	14.285714285714286	0	37.79644730092272	14.285714285714285	100	0
xfSc0000245	5200	72092	Amillepora37170	22	3	0.13636363636363635	0.13636363636363635	13.636363636363637	0	35.125008665710446	7.48867700952649	100	0
xfSc0000245	77865	82464	Amillepora37176	3	2	0.6666666666666666	0.6666666666666666	66.66666666666667	100	57.735026918962575	33.333333333333336	100	0
xfSc0000245	24028	29312	Amillepora37174	1	0	0	0	0	0	NA	NA	0	0
xfSc0000245	67579	72306	Amillepora37175	1	1	1	1	100	100	NA	NA	100	100
xfSc0000245	10252	20072	Amillepora37171	4	0	0	0	0	0	0	0	0	0
xfSc0000250	20675	71218	Amillepora37227	6	0	0	0	0	0	0	0	0	0
xfSc0000231	78729	78947	Amillepora37014	1	1	1	1	100	100	NA	NA	100	100
xfSc0000231	48396	55893	Amillepora37012	1	0	0	0	0	0	NA	NA	0	0
xfSc0000268	36824	40001	Amillepora37402	1	1	1	1	100	100	NA	NA	100	100
xfSc0000268	45228	47807	Amillepora37404	1	0	0	0	0	0	NA	NA	0	0
xfSc0000268	1661	30434	Amillepora37401	1	0	0	0	0	0	NA	NA	0	0
xfSc0000237	55261	57047	Amillepora37053	1	0	0	0	0	0	NA	NA	0	0
xfSc0000237	52663	55202	Amillepora37052	1	1	1	1	100	100	NA	NA	100	100
xfSc0000349	10608	14731	Amillepora37963	1	0	0	0	0	0	NA	NA	0	0
xfSc0000162	1890	2249	Amillepora35416	1	0	0	0	0	0	NA	NA	0	0
xfSc0000162	70463	74091	Amillepora35423	1	0	0	0	0	0	NA	NA	0	0
xfSc0000162	50164	53214	Amillepora35422	9	0	0	0	0	0	0	0	0	0
xfSc0000162	38584	45614	Amillepora35419	8	0	0	0	0	0	0	0	0	0
xfSc0000162	45942	49960	Amillepora35421	2	0	0	0	0	0	0	0	0	0
xfSc0000162	71122	111902	Amillepora35424	38	3	0.07894736842105263	0.07894736842105263	7.894736842105263	0	27.32763127330937	4.433127181293719	100	0
xfSc0000162	168223	171534	Amillepora35431	1	0	0	0	0	0	NA	NA	0	0
xfSc0000162	138531	141196	Amillepora35427	1	0	0	0	0	0	NA	NA	0	0
xfSc0000162	157261	158217	Amillepora35430	2	0	0	0	0	0	0	0	0	0
xfSc0000162	145888	149462	Amillepora35429	5	0	0	0	0	0	0	0	0	0
xfSc0000162	194461	200016	Amillepora35432	11	0	0	0	0	0	0	0	0	0
xfSc0000162	113516	119131	Amillepora35426	1	1	1	1	100	100	NA	NA	100	100
xfSc0000188	141974	142891	Amillepora36028	2	1	0.5	0.5	50	50	70.71067811865476	50	100	0
xfSc0000188	93776	116618	Amillepora36026	7	0	0	0	0	0	0	0	0	0
xfSc0000188	111719	116230	Amillepora36027	7	0	0	0	0	0	0	0	0	0
xpSc0000683	12934	21026	Amillepora37712	4	0	0	0	0	0	0	0	0	0
xpSc0000683	24421	42331	Amillepora37713	11	0	0	0	0	0	0	0	0	0
xpSc0000683	171	22214	Amillepora37710	8	0	0	0	0	0	0	0	0	0
xpSc0000572	82744	83680	Amillepora35367	1	0	0	0	0	0	NA	NA	0	0
xpSc0000572	26182	32153	Amillepora35364	3	1	0.3333333333333333	0.3333333333333333	33.333333333333336	0	57.735026918962575	33.333333333333336	100	0
xpSc0000572	51326	76238	Amillepora35366	23	1	0.043478260869565216	0.041666666666666664	2.1739130434782608	0	10.425720702853738	2.173913043478261	50	0
xpSc0000572	89738	94185	Amillepora35369	1	0	0	0	0	0	NA	NA	0	0
xpSc0000572	124152	125037	Amillepora35372	1	0	0	0	0	0	NA	NA	0	0
xpSc0000572	120634	122166	Amillepora35371	2	1	0.5	0.5	50	50	70.71067811865476	50	100	0
xpSc0000572	179338	181341	Amillepora35377	1	0	0	0	0	0	NA	NA	0	0
xpSc0000572	150569	153926	Amillepora35375	13	1	0.07692307692307693	0.07692307692307693	7.6923076923076925	0	27.735009811261456	7.6923076923076925	100	0
xpSc0000572	154436	178981	Amillepora35376	9	5	0.5555555555555556	0.5555555555555556	55.55555555555556	100	52.70462766947299	17.568209223157663	100	0
xpSc0000572	186179	198119	Amillepora35380	20	14	0.7	0.7	70	100	47.016234598162725	10.513149660756936	100	0
xpSc0000572	113270	120617	Amillepora35370	4	1	0.25	0.25	25	0	50	25	100	0
xpSc0000572	182771	185062	Amillepora35379	1	1	1	1	100	100	NA	NA	100	100
xpSc0000572	86187	87478	Amillepora35368	1	0	0	0	0	0	NA	NA	0	0
xpSc0000572	196928	198334	Amillepora35381	3	2	0.6666666666666666	0.6666666666666666	66.66666666666667	100	57.735026918962575	33.333333333333336	100	0
xpSc0000572	202702	207490	Amillepora35382	3	2	0.6666666666666666	0.6666666666666666	66.66666666666667	100	57.735026918962575	33.333333333333336	100	0
xpSc0000607	47653	48720	Amillepora36815	1	0	0	0	0	0	NA	NA	0	0
xpSc0000607	80619	82151	Amillepora36818	1	0	0	0	0	0	NA	NA	0	0
xpSc0000607	65164	69306	Amillepora36817	2	0	0	0	0	0	0	0	0	0
xpSc0000586	91503	102337	Amillepora36134	1	0	0	0	0	0	NA	NA	0	0
xpSc0000586	14255	28830	Amillepora36127	4	0	0	0	0	0	0	0	0	0
xpSc0000586	9679	12131	Amillepora36125	1	0	0	0	0	0	NA	NA	0	0
xpSc0000712	13756	15943	Amillepora37878	1	0	0	0	0	0	NA	NA	0	0
xpSc0000712	7308	25204	Amillepora37877	11	0	0	0	0	0	0	0	0	0
xpSc0000594	8782	45511	Amillepora36424	11	0	0	0	0	0	0	0	0	0
xpSc0000594	32152	36019	Amillepora36425	2	0	0	0	0	0	0	0	0	0
xpSc0000594	3004	7309	Amillepora36423	3	0	0	0	0	0	0	0	0	0
xpSc0000594	45382	53568	Amillepora36426	1	0	0	0	0	0	NA	NA	0	0
xpSc0000591	132960	136798	Amillepora36272	4	0	0	0	0	0	0	0	0	0
xpSc0000591	82666	85010	Amillepora36266	1	0	0	0	0	0	NA	NA	0	0
xpSc0000591	123023	123493	Amillepora36270	1	1	1	1	100	100	NA	NA	100	100
xpSc0000591	94226	118584	Amillepora36269	14	1	0.07142857142857142	0.07142857142857142	7.142857142857143	0	26.726124191242445	7.142857142857143	100	0
xpSc0000591	45227	49336	Amillepora36262	2	0	0	0	0	0	0	0	0	0
xpSc0000591	124074	133081	Amillepora36271	4	1	0.25	0.25	25	0	50	25	100	0
xpSc0000591	49281	50366	Amillepora36263	6	0	0	0	0	0	0	0	0	0
xpSc0000591	24788	28823	Amillepora36258	2	1	0.5	0.5	50	50	70.71067811865476	50	100	0
xpSc0000591	45128	49076	Amillepora36261	1	0	0	0	0	0	NA	NA	0	0
xpSc0000629	82644	82916	Amillepora37154	1	0	0	0	0	0	NA	NA	0	0
xpSc0000566	4138	10236	Amillepora34837	6	2	0.3333333333333333	0.3333333333333333	33.333333333333336	0	51.63977794943222	21.081851067789195	100	0
xpSc0000566	5479	40891	Amillepora34838	12	2	0.16666666666666666	0.16666666666666666	16.666666666666668	0	38.92494720807615	11.236664374387368	100	0
xpSc0000566	193457	228874	Amillepora34845	6	0	0	0	0	0	0	0	0	0
xpSc0000559	206763	208319	Amillepora34349	2	0	0	0	0	0	0	0	0	0
xpSc0000559	133124	137626	Amillepora34346	1	0	0	0	0	0	NA	NA	0	0
xpSc0000559	56858	93257	Amillepora34343	16	0	0	0	0	0	0	0	0	0
xpSc0000559	102975	103591	Amillepora34345	1	0	0	0	0	0	NA	NA	0	0
xpSc0000659	881	2200	Amillepora37435	1	0	0	0	0	0	NA	NA	0	0
xpSc0000659	47360	53088	Amillepora37437	3	0	0	0	0	0	0	0	0	0
xpSc0000659	29898	45186	Amillepora37436	21	0	0	0	0	0	0	0	0	0
xpSc0000670	11484	41293	Amillepora37629	2	0	0	0	0	0	0	0	0	0
xpSc0000798	8336	9583	Amillepora38143	2	0	0	0	0	0	0	0	0	0
xpSc0000798	3745	5178	Amillepora38142	1	0	0	0	0	0	NA	NA	0	0
xpSc0000616	16480	19458	Amillepora36900	1	0	0	0	0	0	NA	NA	0	0
xpSc0000616	67115	70372	Amillepora36917	5	3	0.6	0.6	60	100	54.772255750516614	24.49489742783178	100	0
xpSc0000616	24869	26887	Amillepora36902	1	0	0	0	0	0	NA	NA	0	0
xpSc0000616	73577	79896	Amillepora36918	2	1	0.5	0.5	50	50	70.71067811865476	50	100	0
xpSc0000616	53505	56323	Amillepora36915	2	0	0	0	0	0	0	0	0	0
xpSc0000616	99703	101073	Amillepora36919	1	0	0	0	0	0	NA	NA	0	0
xpSc0000616	16783	66396	Amillepora36901	16	2	0.125	0.125	12.5	0	34.15650255319866	8.539125638299666	100	0
xpSc0000616	101140	102220	Amillepora36920	6	3	0.5	0.42857142857142855	41.666666666666664	25	49.15960401250875	20.069324297987162	100	0
xpSc0000600	17548	31909	Amillepora36617	8	0	0	0	0	0	0	0	0	0
xpSc0000600	679	3882	Amillepora36613	1	0	0	0	0	0	NA	NA	0	0
xpSc0000726	7097	14903	Amillepora37978	6	1	0.16666666666666666	0.14285714285714285	16.666666666666668	0	40.8248290463863	16.66666666666667	100	0
xpSc0000658	49224	51380	Amillepora37432	1	0	0	0	0	0	NA	NA	0	0
xpSc0000585	12945	16623	Amillepora36020	1	1	1	1	100	100	NA	NA	100	100
xpSc0000576	6871	7926	Amillepora35626	2	1	0.5	0.5	50	50	70.71067811865476	50	100	0
xpSc0000576	114522	115577	Amillepora35633	5	0	0	0	0	0	0	0	0	0
xpSc0000576	136481	140630	Amillepora35637	2	2	1	1	100	100	0	0	100	100
xpSc0000576	129698	136449	Amillepora35636	5	2	0.4	0.4	40	0	54.772255750516614	24.49489742783178	100	0
xpSc0000576	140655	181646	Amillepora35638	12	0	0	0	0	0	0	0	0	0
xpSc0000576	181470	182582	Amillepora35642	1	0	0	0	0	0	NA	NA	0	0
xpSc0000576	7174	10243	Amillepora35627	2	1	0.5	0.5	50	50	70.71067811865476	50	100	0
xpSc0000824	4058	7308	Amillepora38187	2	0	0	0	0	0	0	0	0	0
xpSc0000824	823	2293	Amillepora38186	1	0	0	0	0	0	NA	NA	0	0
xpSc0000870	327	1525	Amillepora38216	3	0	0	0	0	0	0	0	0	0
xpSc0000870	1663	2073	Amillepora38217	2	0	0	0	0	0	0	0	0	0
xpSc0000565	14650	16485	Amillepora34726	1	0	0	0	0	0	NA	NA	0	0
xpSc0000565	68905	71111	Amillepora34730	3	0	0	0	0	0	0	0	0	0
xpSc0000565	119353	121874	Amillepora34731	2	0	0	0	0	0	0	0	0	0
xpSc0000565	153315	159104	Amillepora34734	8	0	0	0	0	0	0	0	0	0
xpSc0000565	189916	199871	Amillepora34768	17	0	0	0	0	0	0	0	0	0
xpSc0000565	140156	142124	Amillepora34733	2	0	0	0	0	0	0	0	0	0
xpSc0000565	124273	139075	Amillepora34732	14	2	0.14285714285714285	0.14285714285714285	14.285714285714286	0	36.313651960128155	9.705231721239393	100	0
xpSc0000565	218425	220940	Amillepora34769	3	0	0	0	0	0	0	0	0	0
xpSc0000565	247021	247545	Amillepora34772	1	0	0	0	0	0	NA	NA	0	0
xpSc0000542	26378	33506	Amillepora33171	2	0	0	0	0	0	0	0	0	0
xpSc0000542	192456	196185	Amillepora33174	3	0	0	0	0	0	0	0	0	0
xpSc0000542	173193	191398	Amillepora33173	4	0	0	0	0	0	0	0	0	0
xpSc0000542	240673	288231	Amillepora33175	1	0	0	0	0	0	NA	NA	0	0
xpSc0000542	311257	409428	Amillepora33176	13	0	0	0	0	0	0	0	0	0
xpSc0000856	4290	5580	Amillepora38209	2	0	0	0	0	0	0	0	0	0
xpSc0000564	24757	25674	Amillepora34650	2	0	0	0	0	0	0	0	0	0
xpSc0000564	25722	26603	Amillepora34651	2	0	0	0	0	0	0	0	0	0
xpSc0000564	30171	33904	Amillepora34653	1	1	1	1	100	100	NA	NA	100	100
xpSc0000564	41431	43630	Amillepora34655	4	0	0	0	0	0	0	0	0	0
xpSc0000564	40490	41422	Amillepora34654	1	0	0	0	0	0	NA	NA	0	0
xpSc0000564	231149	244657	Amillepora34665	1	0	0	0	0	0	NA	NA	0	0
xpSc0000564	105343	114601	Amillepora34663	2	0	0	0	0	0	0	0	0	0
xpSc0000564	99311	99634	Amillepora34661	1	1	1	1	100	100	NA	NA	100	100
xpSc0000564	99656	99931	Amillepora34662	1	0	0	0	0	0	NA	NA	0	0
xpSc0000758	11932	13561	Amillepora38059	1	0	0	0	0	0	NA	NA	0	0
xpSc0000604	65955	66566	Amillepora36786	1	0	0	0	0	0	NA	NA	0	0
xpSc0000604	75473	80961	Amillepora36788	1	0	0	0	0	0	NA	NA	0	0
xpSc0000604	83950	93924	Amillepora36789	3	0	0	0	0	0	0	0	0	0
xpSc0000604	69697	74541	Amillepora36787	5	0	0	0	0	0	0	0	0	0
xpSc0000575	100194	103337	Amillepora35577	2	1	0.5	0.5	50	50	70.71067811865476	50	100	0
xpSc0000575	40792	57952	Amillepora35574	4	0	0	0	0	0	0	0	0	0
xpSc0000575	59051	59584	Amillepora35576	1	0	0	0	0	0	NA	NA	0	0
xpSc0000575	158724	160937	Amillepora35584	2	1	0.5	0.5	50	50	70.71067811865476	50	100	0
xpSc0000575	100426	118748	Amillepora35578	2	1	0.5	0.5	50	50	70.71067811865476	50	100	0
xpSc0000575	155324	158696	Amillepora35583	1	1	1	1	100	100	NA	NA	100	100
xpSc0000588	123151	124518	Amillepora36203	1	0	0	0	0	0	NA	NA	0	0
xpSc0000588	6175	8796	Amillepora36194	3	0	0	0	0	0	0	0	0	0
xpSc0000588	3386	5485	Amillepora36193	6	1	0.16666666666666666	0.14285714285714285	8.333333333333334	0	20.412414523193146	8.333333333333336	50	0
xpSc0000580	53703	60766	Amillepora35798	4	2	0.5	0.6	50	50	57.735026918962575	28.867513459481287	100	0
xpSc0000580	68703	74165	Amillepora35800	7	1	0.14285714285714285	0.14285714285714285	14.285714285714286	0	37.79644730092272	14.285714285714285	100	0
xpSc0000580	28698	33204	Amillepora35794	9	0	0	0	0	0	0	0	0	0
xpSc0000580	77507	83648	Amillepora35801	6	0	0	0	0	0	0	0	0	0
xpSc0000580	114885	117014	Amillepora35807	1	0	0	0	0	0	NA	NA	0	0
xpSc0000580	19977	23990	Amillepora35793	4	1	0.25	0.25	25	0	50	25	100	0
xpSc0000580	121698	130299	Amillepora35809	5	4	0.8	0.8	80	100	44.721359549995796	20	100	0
xpSc0000580	118154	121314	Amillepora35808	4	0	0	0	0	0	0	0	0	0
xpSc0000580	89565	92872	Amillepora35804	3	0	0	0	0	0	0	0	0	0
xpSc0000580	43267	47601	Amillepora35796	1	0	0	0	0	0	NA	NA	0	0
xpSc0000580	34305	40993	Amillepora35795	8	0	0	0	0	0	0	0	0	0
xpSc0000580	61209	64173	Amillepora35799	4	0	0	0	0	0	0	0	0	0
xpSc0000580	104972	106342	Amillepora35806	1	1	1	1	100	100	NA	NA	100	100
xpSc0000580	49329	51194	Amillepora35797	2	0	0	0	0	0	0	0	0	0
xpSc0000655	3980	9674	Amillepora37405	4	3	0.75	0.75	75	100	50	25	100	0
xpSc0000655	22525	23761	Amillepora37406	4	0	0	0	0	0	0	0	0	0
xpSc0000655	26709	27780	Amillepora37407	2	1	0.5	0.5	50	50	70.71067811865476	50	100	0
xpSc0000805	10642	11484	Amillepora38151	3	0	0	0	0	0	0	0	0	0
xpSc0000651	44450	46075	Amillepora37355	1	0	0	0	0	0	NA	NA	0	0
xpSc0000645	38003	38565	Amillepora37324	2	0	0	0	0	0	0	0	0	0
xpSc0000645	31789	33423	Amillepora37322	2	1	0.5	0.5	50	50	70.71067811865476	50	100	0
xpSc0000731	6916	9293	Amillepora37989	1	0	0	0	0	0	NA	NA	0	0
xpSc0000552	62144	72584	Amillepora33625	1	0	0	0	0	0	NA	NA	0	0
xpSc0000552	102376	106254	Amillepora33627	3	1	0.3333333333333333	0.3333333333333333	33.333333333333336	0	57.735026918962575	33.333333333333336	100	0
xpSc0000552	180038	185768	Amillepora33639	9	2	0.2222222222222222	0.2222222222222222	22.22222222222222	0	44.09585518440984	14.698618394803281	100	0
xpSc0000552	139496	143251	Amillepora33633	2	0	0	0	0	0	0	0	0	0
xpSc0000552	143881	146160	Amillepora33634	3	0	0	0	0	0	0	0	0	0
xpSc0000552	165345	172259	Amillepora33638	2	0	0	0	0	0	0	0	0	0
xpSc0000552	152452	157942	Amillepora33636	5	1	0.2	0.2	20	0	44.721359549995796	20	100	0
xpSc0000552	109117	117270	Amillepora33628	9	4	0.4444444444444444	0.4444444444444444	44.44444444444444	0	52.70462766947299	17.568209223157663	100	0
xpSc0000552	148223	151894	Amillepora33635	2	1	0.5	0.5	50	50	70.71067811865476	50	100	0
xpSc0000552	251526	255650	Amillepora33645	4	3	0.75	0.75	75	100	50	25	100	0
xpSc0000552	293476	296974	Amillepora33646	2	0	0	0	0	0	0	0	0	0
xpSc0000552	224141	230746	Amillepora33642	3	0	0	0	0	0	0	0	0	0
xpSc0000552	240753	244123	Amillepora33643	6	1	0.16666666666666666	0.16666666666666666	16.666666666666668	0	40.8248290463863	16.66666666666667	100	0
xpSc0000552	301491	302336	Amillepora33649	1	0	0	0	0	0	NA	NA	0	0
xpSc0000552	357094	362439	Amillepora33652	5	3	0.6	0.6	60	100	54.772255750516614	24.49489742783178	100	0
xpSc0000552	300340	301184	Amillepora33648	1	0	0	0	0	0	NA	NA	0	0
xpSc0000549	5540	13114	Amillepora33502	1	0	0	0	0	0	NA	NA	0	0
xpSc0000549	44015	75295	Amillepora33506	33	0	0	0	0	0	0	0	0	0
xpSc0000549	25550	38458	Amillepora33505	10	0	0	0	0	0	0	0	0	0
xpSc0000549	75377	83080	Amillepora33507	5	0	0	0	0	0	0	0	0	0
xpSc0000549	135942	150341	Amillepora33514	7	3	0.42857142857142855	0.42857142857142855	42.857142857142854	0	53.452248382484875	20.203050891044217	100	0
xpSc0000549	151104	155058	Amillepora33515	6	1	0.16666666666666666	0.16666666666666666	16.666666666666668	0	40.8248290463863	16.66666666666667	100	0
xpSc0000549	106781	109088	Amillepora33512	1	0	0	0	0	0	NA	NA	0	0
xpSc0000549	90588	96934	Amillepora33508	4	1	0.25	0.25	25	0	50	25	100	0
xpSc0000549	96959	99149	Amillepora33510	1	1	1	1	100	100	NA	NA	100	100
xpSc0000549	95207	96901	Amillepora33509	1	0	0	0	0	0	NA	NA	0	0
xpSc0000549	119563	135894	Amillepora33513	4	0	0	0	0	0	0	0	0	0
xpSc0000549	101177	106654	Amillepora33511	7	6	0.8571428571428571	0.8571428571428571	85.71428571428571	100	37.79644730092272	14.285714285714285	100	0
xpSc0000549	155399	169597	Amillepora33516	2	2	1	1	100	100	0	0	100	100
xpSc0000549	220054	229497	Amillepora33521	6	1	0.16666666666666666	0.16666666666666666	16.666666666666668	0	40.8248290463863	16.66666666666667	100	0
xpSc0000549	262547	277702	Amillepora33528	9	1	0.1111111111111111	0.1111111111111111	11.11111111111111	0	33.333333333333336	11.111111111111112	100	0
xpSc0000549	239959	255107	Amillepora33524	7	2	0.2857142857142857	0.2857142857142857	28.571428571428573	0	48.79500364742666	18.442777839082936	100	0
xpSc0000549	278891	297144	Amillepora33529	19	2	0.10526315789473684	0.10526315789473684	10.526315789473685	0	31.53017676423058	7.233518641434491	100	0
xpSc0000549	367513	384308	Amillepora33538	16	1	0.0625	0.0625	6.25	0	25	6.25	100	0
xpSc0000549	234741	236835	Amillepora33522	1	0	0	0	0	0	NA	NA	0	0
xpSc0000549	352730	366919	Amillepora33536	11	0	0	0	0	0	0	0	0	0
xpSc0000549	184342	186583	Amillepora33518	4	2	0.5	0.5	50	50	57.735026918962575	28.867513459481287	100	0
xpSc0000549	195273	197865	Amillepora33519	3	2	0.6666666666666666	0.6666666666666666	66.66666666666667	100	57.73502691896258	33.333333333333336	100	0
xpSc0000549	342862	352464	Amillepora33535	7	1	0.14285714285714285	0.14285714285714285	14.285714285714286	0	37.79644730092272	14.285714285714285	100	0
xpSc0000549	298207	307539	Amillepora33530	18	0	0	0	0	0	0	0	0	0
xpSc0000549	321207	340496	Amillepora33532	27	0	0	0	0	0	0	0	0	0
xpSc0000549	255121	257824	Amillepora33526	1	0	0	0	0	0	NA	NA	0	0
xpSc0000549	200530	219953	Amillepora33520	7	2	0.2857142857142857	0.2857142857142857	28.571428571428573	0	48.79500364742666	18.442777839082936	100	0
xpSc0000786	3573	6169	Amillepora38126	20	16	0.8	0.8095238095238095	80	100	41.03913408340616	9.17662935482247	100	0
xpSc0000596	67317	79952	Amillepora36569	4	1	0.25	0.25	25	0	50	25	100	0
xpSc0000596	42339	49634	Amillepora36566	7	0	0	0	0	0	0	0	0	0
xpSc0000596	96706	97449	Amillepora36572	1	0	0	0	0	0	NA	NA	0	0
xpSc0000596	97474	97926	Amillepora36573	3	0	0	0	0	0	0	0	0	0
xpSc0000596	53925	67179	Amillepora36567	13	0	0	0	0	0	0	0	0	0
xpSc0000596	81965	91825	Amillepora36570	8	0	0	0	0	0	0	0	0	0
xpSc0000596	24268	31056	Amillepora36562	2	0	0	0	0	0	0	0	0	0
xpSc0000612	47827	56073	Amillepora36863	2	0	0	0	0	0	0	0	0	0
xpSc0000612	88751	104635	Amillepora36865	8	1	0.125	0.125	12.5	0	35.35533905932738	12.5	100	0
xpSc0000612	83395	87550	Amillepora36864	1	1	1	1	100	100	NA	NA	100	100
xpSc0000795	11498	11773	Amillepora38136	1	0	0	0	0	0	NA	NA	0	0
xpSc0000710	19116	22507	Amillepora37870	3	0	0	0	0	0	0	0	0	0
xpSc0000763	572	4031	Amillepora38081	1	0	0	0	0	0	NA	NA	0	0
xpSc0000698	25566	33098	Amillepora37787	1	0	0	0	0	0	NA	NA	0	0
xpSc0000597	69662	73576	Amillepora36581	1	0	0	0	0	0	NA	NA	0	0
xpSc0000597	68759	69619	Amillepora36580	2	0	0	0	0	0	0	0	0	0
xpSc0000563	2917	53525	Amillepora34564	6	0	0	0	0	0	0	0	0	0
xpSc0000563	952	8567	Amillepora34563	1	0	0	0	0	0	NA	NA	0	0
xpSc0000563	14283	16537	Amillepora34565	2	0	0	0	0	0	0	0	0	0
xpSc0000563	60021	62542	Amillepora34566	1	0	0	0	0	0	NA	NA	0	0
xpSc0000563	242554	249036	Amillepora34578	2	0	0	0	0	0	0	0	0	0
xpSc0000563	175158	197968	Amillepora34571	1	0	0	0	0	0	NA	NA	0	0
xpSc0000563	208820	211274	Amillepora34573	1	1	1	1	100	100	NA	NA	100	100
xpSc0000563	193255	206744	Amillepora34572	1	0	0	0	0	0	NA	NA	0	0
xpSc0000563	262174	271639	Amillepora34579	2	0	0	0	0	0	0	0	0	0
xpSc0000680	39011	39632	Amillepora37678	1	0	0	0	0	0	NA	NA	0	0
xpSc0000680	22766	23112	Amillepora37677	1	0	0	0	0	0	NA	NA	0	0
xpSc0000569	28170	47949	Amillepora35215	7	5	0.7142857142857143	0.7142857142857143	71.42857142857143	100	48.79500364742666	18.442777839082936	100	0
xpSc0000569	37348	53601	Amillepora35218	8	4	0.5	0.5	50	50	53.45224838248488	18.89822365046136	100	0
xpSc0000569	81285	85813	Amillepora35219	18	0	0	0	0	0	0	0	0	0
xpSc0000569	85683	103158	Amillepora35220	31	1	0.03225806451612903	0.03125	3.225806451612903	0	17.960530202677504	3.2258064516129035	100	0
xpSc0000569	189732	198653	Amillepora35230	1	0	0	0	0	0	NA	NA	0	0
xpSc0000623	22574	35603	Amillepora37034	2	0	0	0	0	0	0	0	0	0
xpSc0000636	24844	30664	Amillepora37259	6	3	0.5	0.5	50	50	54.772255750516614	22.3606797749979	100	0
xpSc0000636	1529	12638	Amillepora37255	1	0	0	0	0	0	NA	NA	0	0
xpSc0000636	24335	24790	Amillepora37258	2	0	0	0	0	0	0	0	0	0
xpSc0000636	48005	55458	Amillepora37261	5	3	0.6	0.6	60	100	54.772255750516614	24.49489742783178	100	0
xpSc0000681	11011	11757	Amillepora37685	1	0	0	0	0	0	NA	NA	0	0
xpSc0000681	45270	45737	Amillepora37688	1	0	0	0	0	0	NA	NA	0	0
xpSc0000693	19133	20666	Amillepora37768	1	0	0	0	0	0	NA	NA	0	0
xpSc0000628	18805	23176	Amillepora37134	2	1	0.5	0.5	50	50	70.71067811865476	50	100	0
xpSc0000628	25452	31160	Amillepora37135	4	3	0.75	0.75	75	100	50	25	100	0
xpSc0000628	81095	82561	Amillepora37137	2	0	0	0	0	0	0	0	0	0
xpSc0000663	49734	52572	Amillepora37586	1	0	0	0	0	0	NA	NA	0	0
xpSc0000582	119542	126526	Amillepora35950	2	0	0	0	0	0	0	0	0	0
xpSc0000582	108854	109970	Amillepora35948	8	1	0.125	0.125	12.5	0	35.35533905932738	12.5	100	0
xpSc0000582	105890	108720	Amillepora35947	10	1	0.1	0.1	10	0	31.622776601683793	10	100	0
xpSc0000582	77065	77792	Amillepora35945	1	0	0	0	0	0	NA	NA	0	0
xpSc0000582	153663	165538	Amillepora35952	8	0	0	0	0	0	0	0	0	0
xpSc0000598	62396	64030	Amillepora36587	7	0	0	0	0	0	0	0	0	0
xpSc0000598	57786	60496	Amillepora36586	4	0	0	0	0	0	0	0	0	0
xpSc0000598	42953	52727	Amillepora36585	2	0	0	0	0	0	0	0	0	0
xpSc0000598	23533	29797	Amillepora36584	5	1	0.2	0.2	20	0	44.721359549995796	20	100	0
xpSc0000598	7008	16553	Amillepora36583	13	0	0	0	0	0	0	0	0	0
xpSc0000617	3360	7367	Amillepora36921	2	1	0.5	0.5	50	50	70.71067811865476	50	100	0
xpSc0000583	121962	126736	Amillepora35961	1	0	0	0	0	0	NA	NA	0	0
xpSc0000583	13144	24433	Amillepora35954	4	0	0	0	0	0	0	0	0	0
xpSc0000583	90287	120844	Amillepora35958	7	0	0	0	0	0	0	0	0	0
xpSc0000583	141951	160884	Amillepora35962	5	0	0	0	0	0	0	0	0	0
xpSc0000583	107816	125372	Amillepora35959	6	0	0	0	0	0	0	0	0	0
xpSc0000618	620	3959	Amillepora36934	33	0	0	0	0	0	0	0	0	0
xpSc0000618	11372	20148	Amillepora36936	1	0	0	0	0	0	NA	NA	0	0
xpSc0000618	93299	97955	Amillepora36937	1	0	0	0	0	0	NA	NA	0	0
xpSc0000618	8696	9767	Amillepora36935	10	0	0	0	0	0	0	0	0	0
xpSc0000734	11131	18577	Amillepora37991	6	0	0	0	0	0	0	0	0	0
xpSc0000729	19069	21571	Amillepora37986	2	1	0.5	0.5	50	50	70.71067811865476	50	100	0
xpSc0000538	17465	30021	Amillepora32957	3	1	0.3333333333333333	0.3333333333333333	33.333333333333336	0	57.735026918962575	33.333333333333336	100	0
xpSc0000538	129504	130169	Amillepora32960	1	0	0	0	0	0	NA	NA	0	0
xpSc0000538	239392	256153	Amillepora32967	2	0	0	0	0	0	0	0	0	0
xpSc0000538	256450	261873	Amillepora32968	5	1	0.2	0.2	20	0	44.721359549995796	20	100	0
xpSc0000538	336527	373085	Amillepora32972	6	0	0	0	0	0	0	0	0	0
xpSc0000665	38732	49032	Amillepora37595	2	0	0	0	0	0	0	0	0	0
xpSc0000665	6092	8282	Amillepora37590	2	0	0	0	0	0	0	0	0	0
xpSc0000667	9706	12074	Amillepora37614	1	1	1	1	100	100	NA	NA	100	100
xpSc0000717	14516	15359	Amillepora37931	1	0	0	0	0	0	NA	NA	0	0
xpSc0000546	25464	35842	Amillepora33258	2	0	0	0	0	0	0	0	0	0
xpSc0000546	49342	54369	Amillepora33261	3	0	0	0	0	0	0	0	0	0
xpSc0000546	57149	98235	Amillepora33263	8	6	0.75	0.75	75	100	46.29100498862757	16.366341767699428	100	0
xpSc0000546	166475	170882	Amillepora33273	2	0	0	0	0	0	0	0	0	0
xpSc0000546	109436	124461	Amillepora33267	6	1	0.16666666666666666	0.16666666666666666	16.666666666666668	0	40.8248290463863	16.66666666666667	100	0
xpSc0000546	81256	82211	Amillepora33265	1	1	1	1	100	100	NA	NA	100	100
xpSc0000546	262128	275354	Amillepora33284	7	0	0	0	0	0	0	0	0	0
xpSc0000546	385191	390171	Amillepora33295	2	0	0	0	0	0	0	0	0	0
xpSc0000546	326698	331703	Amillepora33291	1	0	0	0	0	0	NA	NA	0	0
xpSc0000546	392117	395123	Amillepora33296	2	0	0	0	0	0	0	0	0	0
xpSc0000546	343516	347550	Amillepora33292	1	0	0	0	0	0	NA	NA	0	0
xpSc0000611	105005	106482	Amillepora36840	1	1	1	1	100	100	NA	NA	100	100
xpSc0000611	106715	107468	Amillepora36841	1	1	1	1	100	100	NA	NA	100	100
xpSc0000611	93542	96221	Amillepora36837	1	1	1	1	100	100	NA	NA	100	100
xpSc0000611	61534	72872	Amillepora36833	3	1	0.3333333333333333	0.3333333333333333	33.333333333333336	0	57.735026918962575	33.333333333333336	100	0
xpSc0000611	100521	104700	Amillepora36839	2	2	1	1	100	100	0	0	100	100
xpSc0000611	8719	14822	Amillepora36831	9	7	0.7777777777777778	0.7777777777777778	77.77777777777777	100	44.09585518440984	14.698618394803281	100	0
xpSc0000611	81926	84398	Amillepora36835	4	1	0.25	0.25	25	0	50	25	100	0
xpSc0000737	13296	15841	Amillepora37996	3	0	0	0	0	0	0	0	0	0
xpSc0000571	30405	31935	Amillepora35338	1	0	0	0	0	0	NA	NA	0	0
xpSc0000571	42081	56515	Amillepora35341	20	0	0	0	0	0	0	0	0	0
xpSc0000571	33976	37228	Amillepora35339	5	0	0	0	0	0	0	0	0	0
xpSc0000571	59089	61327	Amillepora35342	4	0	0	0	0	0	0	0	0	0
xpSc0000571	78630	88603	Amillepora35346	7	0	0	0	0	0	0	0	0	0
xpSc0000571	471	19850	Amillepora35333	1	0	0	0	0	0	NA	NA	0	0
xpSc0000571	75755	78059	Amillepora35345	3	0	0	0	0	0	0	0	0	0
xpSc0000571	114717	115385	Amillepora35350	1	0	0	0	0	0	NA	NA	0	0
xpSc0000571	100221	104868	Amillepora35348	3	0	0	0	0	0	0	0	0	0
xpSc0000571	135749	143513	Amillepora35353	4	2	0.5	0.5	50	50	57.735026918962575	28.867513459481287	100	0
xpSc0000571	118968	123218	Amillepora35351	5	0	0	0	0	0	0	0	0	0
xpSc0000571	90456	100426	Amillepora35347	15	0	0	0	0	0	0	0	0	0
xpSc0000571	122505	133212	Amillepora35352	18	4	0.2222222222222222	0.2222222222222222	22.22222222222222	0	42.77926319464986	10.08316903303367	100	0
xpSc0000571	105481	113389	Amillepora35349	11	0	0	0	0	0	0	0	0	0
xpSc0000571	191996	202092	Amillepora35357	3	0	0	0	0	0	0	0	0	0
xpSc0000571	136955	148834	Amillepora35354	10	2	0.2	0.2	20	0	42.16370213557839	13.333333333333332	100	0
xpSc0000551	79589	83104	Amillepora33602	1	0	0	0	0	0	NA	NA	0	0
xpSc0000551	24337	24882	Amillepora33598	1	0	0	0	0	0	NA	NA	0	0
xpSc0000551	149464	153063	Amillepora33605	1	0	0	0	0	0	NA	NA	0	0
xpSc0000551	116475	121844	Amillepora33604	1	0	0	0	0	0	NA	NA	0	0
xpSc0000551	169281	175622	Amillepora33606	1	1	1	1	100	100	NA	NA	100	100
xpSc0000551	185382	188987	Amillepora33607	1	0	0	0	0	0	NA	NA	0	0
xpSc0000551	369634	372721	Amillepora33619	1	0	0	0	0	0	NA	NA	0	0
xpSc0000595	73227	74443	Amillepora36527	1	0	0	0	0	0	NA	NA	0	0
xpSc0000595	96459	97406	Amillepora36529	2	0	0	0	0	0	0	0	0	0
xpSc0000595	63799	65877	Amillepora36525	15	5	0.3333333333333333	0.3333333333333333	33.333333333333336	0	48.795003647426654	12.598815766974239	100	0
xpSc0000595	68210	78164	Amillepora36526	6	0	0	0	0	0	0	0	0	0
xpSc0000595	2302	14590	Amillepora36523	1	0	0	0	0	0	NA	NA	0	0
xpSc0000702	3692	7125	Amillepora37806	1	0	0	0	0	0	NA	NA	0	0
xpSc0000614	38403	40262	Amillepora36879	1	0	0	0	0	0	NA	NA	0	0
xpSc0000686	17568	36547	Amillepora37743	4	0	0	0	0	0	0	0	0	0
xpSc0000708	27679	28425	Amillepora37837	1	0	0	0	0	0	NA	NA	0	0
xpSc0000708	5189	9838	Amillepora37836	5	1	0.2	0.2	20	0	44.721359549995796	20	100	0
xpSc0000815	2664	10296	Amillepora38173	2	2	1	1	100	100	0	0	100	100
xpSc0000605	88699	90731	Amillepora36799	1	0	0	0	0	0	NA	NA	0	0
xpSc0000605	91657	94152	Amillepora36800	4	1	0.25	0.25	25	0	50	25	100	0
xpSc0000605	27284	32686	Amillepora36795	4	1	0.25	0.25	25	0	50	25	100	0
xpSc0000605	102271	104985	Amillepora36802	3	0	0	0	0	0	0	0	0	0
xpSc0000605	45685	51163	Amillepora36797	7	0	0	0	0	0	0	0	0	0
xpSc0000605	99161	102103	Amillepora36801	2	0	0	0	0	0	0	0	0	0
xpSc0000634	56897	65581	Amillepora37237	3	0	0	0	0	0	0	0	0	0
xpSc0000634	5932	17560	Amillepora37233	12	0	0	0	0	0	0	0	0	0
xpSc0000634	31027	35575	Amillepora37235	5	0	0	0	0	0	0	0	0	0
xpSc0000634	17672	34175	Amillepora37234	10	0	0	0	0	0	0	0	0	0
xpSc0000634	50304	52362	Amillepora37236	2	0	0	0	0	0	0	0	0	0
xpSc0000634	72349	74218	Amillepora37239	1	0	0	0	0	0	NA	NA	0	0
xpSc0000701	5866	8951	Amillepora37804	1	1	1	1	100	100	NA	NA	100	100
xpSc0000644	83	14854	Amillepora37315	4	0	0	0	0	0	0	0	0	0
xpSc0000711	1783	4595	Amillepora37874	1	0	0	0	0	0	NA	NA	0	0
xpSc0000711	7490	14275	Amillepora37875	1	0	0	0	0	0	NA	NA	0	0
xpSc0000711	15659	23534	Amillepora37876	2	0	0	0	0	0	0	0	0	0
xpSc0000771	4276	6486	Amillepora38099	3	0	0	0	0	0	0	0	0	0
xpSc0000771	14424	15568	Amillepora38101	1	1	1	1	100	100	NA	NA	100	100
xpSc0000688	19838	20824	Amillepora37753	3	1	0.3333333333333333	0.3333333333333333	33.333333333333336	0	57.735026918962575	33.333333333333336	100	0
xpSc0000692	23583	27488	Amillepora37762	1	0	0	0	0	0	NA	NA	0	0
xpSc0000692	38408	39006	Amillepora37765	4	0	0	0	0	0	0	0	0	0
xpSc0000674	902	2081	Amillepora37642	3	0	0	0	0	0	0	0	0	0
xpSc0000627	38361	41145	Amillepora37107	1	0	0	0	0	0	NA	NA	0	0
xpSc0000627	22869	24441	Amillepora37105	1	1	1	1	100	100	NA	NA	100	100
xpSc0000627	43912	45358	Amillepora37108	2	1	0.5	0.5	50	50	70.71067811865476	50	100	0
xpSc0000794	13202	13426	Amillepora38135	2	0	0	0	0	0	0	0	0	0
xpSc0000738	7413	11966	Amillepora37998	2	0	0	0	0	0	0	0	0	0
xpSc0000577	121002	126359	Amillepora35648	4	0	0	0	0	0	0	0	0	0
xpSc0000642	4003	8119	Amillepora37300	1	1	1	1	100	100	NA	NA	100	100
xpSc0000642	744	1850	Amillepora37299	1	0	0	0	0	0	NA	NA	0	0
xpSc0000642	25354	26064	Amillepora37302	1	0	0	0	0	0	NA	NA	0	0
xpSc0000685	8043	14246	Amillepora37740	9	0	0	0	0	0	0	0	0	0
xpSc0000704	29761	31684	Amillepora37820	1	1	1	1	100	100	NA	NA	100	100
xpSc0000704	18173	19665	Amillepora37818	1	0	0	0	0	0	NA	NA	0	0
xpSc0000704	19668	23899	Amillepora37819	1	0	0	0	0	0	NA	NA	0	0
xpSc0000669	20841	25597	Amillepora37625	8	0	0	0	0	0	0	0	0	0
xpSc0000669	11140	11979	Amillepora37624	2	0	0	0	0	0	0	0	0	0
xpSc0000649	1617	2630	Amillepora37338	10	7	0.7	0.7	70	100	48.3045891539648	15.275252316519467	100	0
xpSc0000624	701	6517	Amillepora37039	2	0	0	0	0	0	0	0	0	0
xpSc0000624	38111	56372	Amillepora37045	14	0	0	0	0	0	0	0	0	0
xpSc0000624	48543	49828	Amillepora37046	1	0	0	0	0	0	NA	NA	0	0
xpSc0000696	11894	15397	Amillepora37776	1	0	0	0	0	0	NA	NA	0	0
xpSc0000633	14037	16911	Amillepora37208	2	0	0	0	0	0	0	0	0	0
xpSc0000633	72426	75290	Amillepora37217	1	0	0	0	0	0	NA	NA	0	0
xpSc0000633	70037	71025	Amillepora37215	1	0	0	0	0	0	NA	NA	0	0
xpSc0000633	17782	18231	Amillepora37209	1	0	0	0	0	0	NA	NA	0	0
xpSc0000633	36861	47840	Amillepora37213	7	4	0.5714285714285714	0.5714285714285714	57.142857142857146	100	53.452248382484875	20.203050891044217	100	0
xpSc0000633	18545	19777	Amillepora37210	1	0	0	0	0	0	NA	NA	0	0
xpSc0000625	16632	32243	Amillepora37070	6	4	0.6666666666666666	0.6666666666666666	66.66666666666667	100	51.63977794943223	21.081851067789195	100	0
xpSc0000625	33429	41190	Amillepora37085	8	0	0	0	0	0	0	0	0	0
xpSc0000625	45695	91655	Amillepora37086	17	4	0.23529411764705882	0.23529411764705882	23.529411764705884	0	43.723731609760314	10.604562574894086	100	0
xpSc0000625	5685	11840	Amillepora37068	6	0	0	0	0	0	0	0	0	0
xpSc0000625	12361	16504	Amillepora37069	2	1	0.5	0.5	50	50	70.71067811865476	50	100	0
xpSc0000539	45	48456	Amillepora32979	11	1	0.09090909090909091	0.09090909090909091	9.090909090909092	0	30.151134457776358	9.09090909090909	100	0
xpSc0000539	116449	126317	Amillepora32984	1	0	0	0	0	0	NA	NA	0	0
xpSc0000539	62819	112556	Amillepora32983	11	1	0.09090909090909091	0.09090909090909091	9.090909090909092	0	30.15113445777636	9.09090909090909	100	0
xpSc0000539	142464	148421	Amillepora33008	1	1	1	1	100	100	NA	NA	100	100
xpSc0000539	140529	141093	Amillepora33007	1	0	0	0	0	0	NA	NA	0	0
xpSc0000539	160118	165938	Amillepora33010	11	5	0.45454545454545453	0.45454545454545453	45.45454545454545	0	52.22329678670935	15.745916432444341	100	0
xpSc0000539	50576	95219	Amillepora32982	11	0	0	0	0	0	0	0	0	0
xpSc0000539	166921	167486	Amillepora33011	2	0	0	0	0	0	0	0	0	0
xpSc0000539	223303	263523	Amillepora33061	10	0	0	0	0	0	0	0	0	0
xpSc0000539	195488	204546	Amillepora33059	3	0	0	0	0	0	0	0	0	0
xpSc0000539	207145	239861	Amillepora33060	7	2	0.2857142857142857	0.2857142857142857	28.571428571428573	0	48.79500364742666	18.442777839082936	100	0
xpSc0000539	358767	362115	Amillepora33065	3	0	0	0	0	0	0	0	0	0
xpSc0000539	387490	389106	Amillepora33070	3	0	0	0	0	0	0	0	0	0
xpSc0000539	465674	478089	Amillepora33079	27	1	0.037037037037037035	0.037037037037037035	3.7037037037037037	0	19.24500897298754	3.703703703703704	100	0
xpSc0000539	420657	422657	Amillepora33076	4	0	0	0	0	0	0	0	0	0
xpSc0000539	398204	401424	Amillepora33073	3	1	0.3333333333333333	0.3333333333333333	33.333333333333336	0	57.735026918962575	33.333333333333336	100	0
xpSc0000539	328057	337119	Amillepora33064	3	1	0.3333333333333333	0.3333333333333333	33.333333333333336	0	57.735026918962575	33.333333333333336	100	0
xpSc0000539	265074	318314	Amillepora33062	13	2	0.15384615384615385	0.15384615384615385	15.384615384615385	0	37.553380809940535	10.415433852097385	100	0
xpSc0000539	375363	382607	Amillepora33069	1	1	1	1	100	100	NA	NA	100	100
xpSc0000539	439788	446007	Amillepora33077	3	2	0.6666666666666666	0.6666666666666666	66.66666666666667	100	57.735026918962575	33.333333333333336	100	0
xpSc0000539	414042	439471	Amillepora33074	10	0	0	0	0	0	0	0	0	0
xpSc0000539	460514	460899	Amillepora33078	1	0	0	0	0	0	NA	NA	0	0
xpSc0000536	6560	9235	Amillepora32855	1	0	0	0	0	0	NA	NA	0	0
xpSc0000536	14089	16503	Amillepora32856	1	1	1	1	100	100	NA	NA	100	100
xpSc0000536	31169	70288	Amillepora32858	6	1	0.16666666666666666	0.16666666666666666	16.666666666666668	0	40.8248290463863	16.66666666666667	100	0
xpSc0000536	147144	161374	Amillepora32864	3	0	0	0	0	0	0	0	0	0
xpSc0000536	464592	467160	Amillepora32876	2	0	0	0	0	0	0	0	0	0
xpSc0000637	42489	43820	Amillepora37264	3	1	0.3333333333333333	0.3333333333333333	33.333333333333336	0	57.735026918962575	33.333333333333336	100	0
xpSc0000637	18356	41522	Amillepora37263	9	0	0	0	0	0	0	0	0	0
xpSc0000787	290	2083	Amillepora38127	6	0	0	0	0	0	0	0	0	0
xpSc0000567	39044	45938	Amillepora34871	3	1	0.3333333333333333	0.3333333333333333	33.333333333333336	0	57.735026918962575	33.333333333333336	100	0
xpSc0000567	68074	69734	Amillepora34876	6	1	0.16666666666666666	0.16666666666666666	16.666666666666668	0	40.8248290463863	16.66666666666667	100	0
xpSc0000567	67184	67561	Amillepora34875	1	1	1	1	100	100	NA	NA	100	100
xpSc0000567	38713	40113	Amillepora34870	1	1	1	1	100	100	NA	NA	100	100
xpSc0000567	57537	59352	Amillepora34874	4	2	0.5	0.5	50	50	57.735026918962575	28.867513459481287	100	0
xpSc0000567	133353	134267	Amillepora34883	1	0	0	0	0	0	NA	NA	0	0
xpSc0000567	209975	228647	Amillepora34894	16	1	0.0625	0.0625	6.25	0	25	6.25	100	0
xpSc0000567	144492	145882	Amillepora34884	5	3	0.6	0.6	60	100	54.772255750516614	24.49489742783178	100	0
xpSc0000567	101601	110577	Amillepora34880	2	0	0	0	0	0	0	0	0	0
xpSc0000567	146167	152780	Amillepora34885	4	2	0.5	0.5	50	50	57.735026918962575	28.867513459481287	100	0
xpSc0000654	26470	33163	Amillepora37400	1	0	0	0	0	0	NA	NA	0	0
xpSc0000709	422	12177	Amillepora37850	20	1	0.05	0.05	5	0	22.360679774997898	5	100	0
xpSc0000709	20497	21576	Amillepora37852	2	0	0	0	0	0	0	0	0	0
xpSc0000709	14669	15695	Amillepora37851	1	0	0	0	0	0	NA	NA	0	0
xpSc0000676	6095	41143	Amillepora37657	16	6	0.375	0.35294117647058826	37.5	0	50	12.5	100	0
xpSc0000584	37843	39363	Amillepora35979	1	0	0	0	0	0	NA	NA	0	0
xpSc0000584	158896	159857	Amillepora35989	1	0	0	0	0	0	NA	NA	0	0
xpSc0000584	105555	116770	Amillepora35985	10	4	0.4	0.4	40	0	51.63977794943222	16.329931618554518	100	0
xpSc0000584	93109	96590	Amillepora35983	3	2	0.6666666666666666	0.6666666666666666	66.66666666666667	100	57.735026918962575	33.333333333333336	100	0
xpSc0000584	6708	8523	Amillepora35976	7	1	0.14285714285714285	0.14285714285714285	14.285714285714286	0	37.79644730092272	14.285714285714285	100	0
xpSc0000584	41419	43346	Amillepora35980	1	0	0	0	0	0	NA	NA	0	0
xpSc0000584	66763	72889	Amillepora35982	1	0	0	0	0	0	NA	NA	0	0
xpSc0000584	51908	54302	Amillepora35981	1	0	0	0	0	0	NA	NA	0	0
xpSc0000584	121663	129098	Amillepora35986	4	0	0	0	0	0	0	0	0	0
xpSc0000584	5719	7117	Amillepora35975	2	0	0	0	0	0	0	0	0	0
xpSc0000584	13305	14247	Amillepora35978	2	0	0	0	0	0	0	0	0	0
xpSc0000584	9042	12815	Amillepora35977	4	0	0	0	0	0	0	0	0	0
xpSc0000749	2152	9432	Amillepora38037	5	0	0	0	0	0	0	0	0	0
xpSc0000619	5701	7935	Amillepora36950	2	0	0	0	0	0	0	0	0	0
xpSc0000619	93681	95708	Amillepora36956	1	0	0	0	0	0	NA	NA	0	0
xpSc0000619	58838	60279	Amillepora36954	1	0	0	0	0	0	NA	NA	0	0
xpSc0000578	126936	130458	Amillepora35702	12	0	0	0	0	0	0	0	0	0
xpSc0000578	80972	83074	Amillepora35695	4	0	0	0	0	0	0	0	0	0
xpSc0000578	85612	86655	Amillepora35697	6	3	0.5	0.5	50	50	54.772255750516614	22.3606797749979	100	0
xpSc0000578	68736	80772	Amillepora35694	8	2	0.25	0.25	25	0	46.29100498862757	16.366341767699428	100	0
xpSc0000578	95765	97067	Amillepora35698	1	0	0	0	0	0	NA	NA	0	0
xpSc0000578	131784	145916	Amillepora35703	11	0	0	0	0	0	0	0	0	0
xpSc0000578	112658	116595	Amillepora35700	2	0	0	0	0	0	0	0	0	0
xpSc0000578	6620	21000	Amillepora35687	10	0	0	0	0	0	0	0	0	0
xpSc0000578	26867	31101	Amillepora35691	9	0	0	0	0	0	0	0	0	0
xpSc0000578	157008	164959	Amillepora35705	6	0	0	0	0	0	0	0	0	0
xpSc0000578	36845	49047	Amillepora35692	14	0	0	0	0	0	0	0	0	0
xpSc0000578	49255	67990	Amillepora35693	14	0	0	0	0	0	0	0	0	0
xpSc0000578	165213	174894	Amillepora35706	3	0	0	0	0	0	0	0	0	0
xpSc0000773	6013	7197	Amillepora38106	3	0	0	0	0	0	0	0	0	0
xpSc0000592	1538	20980	Amillepora36356	1	0	0	0	0	0	NA	NA	0	0
xpSc0000592	57538	62902	Amillepora36358	1	1	1	1	100	100	NA	NA	100	100
xpSc0000813	502	2658	Amillepora38171	1	0	0	0	0	0	NA	NA	0	0
xpSc0000813	3645	3977	Amillepora38172	1	0	0	0	0	0	NA	NA	0	0
xpSc0000761	13699	17732	Amillepora38079	1	1	1	1	100	100	NA	NA	100	100
xpSc0000641	28568	31710	Amillepora37298	1	0	0	0	0	0	NA	NA	0	0
xpSc0000641	10232	11111	Amillepora37296	1	0	0	0	0	0	NA	NA	0	0
xpSc0000677	32468	45295	Amillepora37661	1	0	0	0	0	0	NA	NA	0	0
xpSc0000677	18626	22003	Amillepora37660	1	1	1	1	100	100	NA	NA	100	100
xpSc0000677	9950	18562	Amillepora37659	5	2	0.4	0.4	40	0	54.772255750516614	24.49489742783178	100	0
xpSc0000579	12255	24140	Amillepora35738	1	0	0	0	0	0	NA	NA	0	0
xpSc0000579	89048	89950	Amillepora35742	2	0	0	0	0	0	0	0	0	0
xpSc0000579	95330	95936	Amillepora35743	1	0	0	0	0	0	NA	NA	0	0
xpSc0000579	7024	10713	Amillepora35736	1	0	0	0	0	0	NA	NA	0	0
xpSc0000687	20093	41386	Amillepora37750	6	2	0.3333333333333333	0.2857142857142857	33.333333333333336	0	51.63977794943222	21.081851067789195	100	0
xpSc0000687	36405	38886	Amillepora37752	2	1	0.5	0.5	50	50	70.71067811865476	50	100	0
xpSc0000687	14906	36082	Amillepora37749	2	1	0.5	0.5	50	50	70.71067811865476	50	100	0
xpSc0000656	12470	13756	Amillepora37411	1	1	1	1	100	100	NA	NA	100	100
xpSc0000656	3393	8801	Amillepora37410	15	2	0.13333333333333333	0.13333333333333333	13.333333333333334	0	35.18657752744984	9.085135251589959	100	0
xpSc0000656	19680	23541	Amillepora37412	1	0	0	0	0	0	NA	NA	0	0
xpSc0000555	17541	45541	Amillepora34043	10	0	0	0	0	0	0	0	0	0
xpSc0000555	67311	76480	Amillepora34045	6	0	0	0	0	0	0	0	0	0
xpSc0000555	45127	64473	Amillepora34044	12	3	0.25	0.25	25	0	45.22670168666454	13.055824196677337	100	0
xpSc0000555	16843	17499	Amillepora34042	1	0	0	0	0	0	NA	NA	0	0
xpSc0000555	3089	9023	Amillepora34041	3	0	0	0	0	0	0	0	0	0
xpSc0000555	141772	143659	Amillepora34052	1	0	0	0	0	0	NA	NA	0	0
xpSc0000555	186506	188808	Amillepora34058	9	1	0.1111111111111111	0.1111111111111111	11.11111111111111	0	33.333333333333336	11.111111111111112	100	0
xpSc0000555	179251	183557	Amillepora34057	5	0	0	0	0	0	0	0	0	0
xpSc0000555	145755	149793	Amillepora34053	4	0	0	0	0	0	0	0	0	0
xpSc0000555	165882	174632	Amillepora34056	6	2	0.3333333333333333	0.3333333333333333	33.333333333333336	0	51.63977794943222	21.081851067789195	100	0
xpSc0000555	153286	156117	Amillepora34055	3	0	0	0	0	0	0	0	0	0
xpSc0000555	132540	133715	Amillepora34050	4	0	0	0	0	0	0	0	0	0
xpSc0000555	85584	100280	Amillepora34046	8	5	0.625	0.625	62.5	100	51.75491695067657	18.298126367784995	100	0
xpSc0000555	150885	164788	Amillepora34054	23	0	0	0	0	0	0	0	0	0
xpSc0000555	103771	110677	Amillepora34047	5	5	1	1	100	100	0	0	100	100
xpSc0000555	112434	113421	Amillepora34048	1	0	0	0	0	0	NA	NA	0	0
xpSc0000555	245796	250833	Amillepora34063	4	1	0.25	0.25	25	0	50	25	100	0
xpSc0000555	259358	261941	Amillepora34065	2	1	0.5	0.5	50	50	70.71067811865476	50	100	0
xpSc0000555	305011	308874	Amillepora34073	1	0	0	0	0	0	NA	NA	0	0
xpSc0000555	227963	242342	Amillepora34062	6	0	0	0	0	0	0	0	0	0
xpSc0000555	310703	325417	Amillepora34074	1	0	0	0	0	0	NA	NA	0	0
xpSc0000555	281056	298651	Amillepora34070	11	5	0.45454545454545453	0.45454545454545453	45.45454545454545	0	52.223296786709355	15.745916432444341	100	0
xpSc0000555	262566	265127	Amillepora34066	2	0	0	0	0	0	0	0	0	0
xpSc0000555	271918	274997	Amillepora34068	1	0	0	0	0	0	NA	NA	0	0
xpSc0000555	214908	225715	Amillepora34061	4	0	0	0	0	0	0	0	0	0
xpSc0000555	191036	201062	Amillepora34059	14	0	0	0	0	0	0	0	0	0
xpSc0000555	298758	301162	Amillepora34072	4	0	0	0	0	0	0	0	0	0
xpSc0000555	250913	259281	Amillepora34064	3	3	1	1	100	100	0	0	100	100
xpSc0000561	57218	57667	Amillepora34432	2	0	0	0	0	0	0	0	0	0
xpSc0000561	23549	29099	Amillepora34431	1	0	0	0	0	0	NA	NA	0	0
xpSc0000561	190220	200630	Amillepora34440	7	0	0	0	0	0	0	0	0	0
xpSc0000561	265580	284301	Amillepora34442	3	1	0.3333333333333333	0.3333333333333333	33.333333333333336	0	57.735026918962575	33.333333333333336	100	0
xpSc0000561	164666	173875	Amillepora34438	1	0	0	0	0	0	NA	NA	0	0
xpSc0000561	126462	127867	Amillepora34435	1	0	0	0	0	0	NA	NA	0	0
xpSc0000561	62761	108271	Amillepora34433	8	0	0	0	0	0	0	0	0	0
xpSc0000574	163037	163660	Amillepora35553	1	0	0	0	0	0	NA	NA	0	0
xpSc0000574	100711	154095	Amillepora35538	58	7	0.1206896551724138	0.1206896551724138	12.068965517241379	0	32.8611443719994	4.314879647175586	100	0
xpSc0000574	164337	165487	Amillepora35554	2	0	0	0	0	0	0	0	0	0
xpSc0000574	169311	169681	Amillepora35557	2	0	0	0	0	0	0	0	0	0
xpSc0000672	34173	35639	Amillepora37640	2	0	0	0	0	0	0	0	0	0
xpSc0000661	51434	53679	Amillepora37454	1	1	1	1	100	100	NA	NA	100	100
xpSc0000661	44628	45408	Amillepora37453	1	0	0	0	0	0	NA	NA	0	0
xpSc0000601	826	2619	Amillepora36625	1	0	0	0	0	0	NA	NA	0	0
xpSc0000601	65050	65538	Amillepora36627	1	0	0	0	0	0	NA	NA	0	0
xpSc0000759	582	11814	Amillepora38060	2	0	0	0	0	0	0	0	0	0
xpSc0000630	16602	39737	Amillepora37178	8	2	0.25	0.25	25	0	46.29100498862757	16.366341767699428	100	0
xpSc0000630	40252	47429	Amillepora37180	2	0	0	0	0	0	0	0	0	0
xpSc0000675	3603	12348	Amillepora37647	16	0	0	0	0	0	0	0	0	0
xpSc0000587	28556	29806	Amillepora36140	1	0	0	0	0	0	NA	NA	0	0
xpSc0000587	53723	58154	Amillepora36142	1	0	0	0	0	0	NA	NA	0	0
xpSc0000587	38032	47771	Amillepora36141	8	1	0.125	0.125	12.5	0	35.35533905932738	12.5	100	0
xpSc0000587	92157	149038	Amillepora36147	40	6	0.15	0.15	15	0	36.16202853397895	5.717718748968656	100	0
xpSc0000587	75891	81423	Amillepora36144	2	0	0	0	0	0	0	0	0	0
xpSc0000587	84065	87704	Amillepora36146	6	1	0.16666666666666666	0.16666666666666666	16.666666666666668	0	40.82482904638629	16.66666666666667	100	0
xpSc0000660	37389	51461	Amillepora37444	6	0	0	0	0	0	0	0	0	0
xpSc0000660	1445	26872	Amillepora37442	4	0	0	0	0	0	0	0	0	0
xpSc0000768	8235	14412	Amillepora38093	3	0	0	0	0	0	0	0	0	0
xpSc0000550	17456	26580	Amillepora33541	8	1	0.125	0.125	12.5	0	35.35533905932738	12.5	100	0
xpSc0000550	73322	83970	Amillepora33548	7	0	0	0	0	0	0	0	0	0
xpSc0000550	51842	72014	Amillepora33545	18	5	0.2777777777777778	0.2777777777777778	27.77777777777778	0	46.08885989624768	10.86324845659782	100	0
xpSc0000550	41563	49440	Amillepora33542	12	1	0.08333333333333333	0.08333333333333333	8.333333333333334	0	28.867513459481298	8.333333333333334	100	0
xpSc0000550	87991	106749	Amillepora33550	12	2	0.16666666666666666	0.16666666666666666	16.666666666666668	0	38.92494720807614	11.236664374387368	100	0
xpSc0000550	106933	112421	Amillepora33551	5	0	0	0	0	0	0	0	0	0
xpSc0000550	113452	119589	Amillepora33552	5	0	0	0	0	0	0	0	0	0
xpSc0000550	155536	159087	Amillepora33555	1	0	0	0	0	0	NA	NA	0	0
xpSc0000550	122710	148695	Amillepora33554	12	3	0.25	0.25	25	0	45.22670168666454	13.055824196677337	100	0
xpSc0000550	346959	351434	Amillepora33567	6	0	0	0	0	0	0	0	0	0
xpSc0000550	256639	258805	Amillepora33564	3	0	0	0	0	0	0	0	0	0
xpSc0000550	163448	200607	Amillepora33557	12	4	0.3333333333333333	0.3333333333333333	33.333333333333336	0	49.23659639173309	14.213381090374028	100	0
xpSc0000550	207815	217170	Amillepora33560	3	2	0.6666666666666666	0.6666666666666666	66.66666666666667	100	57.73502691896258	33.333333333333336	100	0
xpSc0000550	354053	354556	Amillepora33568	3	0	0	0	0	0	0	0	0	0
xpSc0000550	355469	359130	Amillepora33569	2	0	0	0	0	0	0	0	0	0
xpSc0000550	316922	318708	Amillepora33566	2	0	0	0	0	0	0	0	0	0
xpSc0000550	362393	375561	Amillepora33570	24	0	0	0	0	0	0	0	0	0
xpSc0000550	225004	242042	Amillepora33562	1	1	1	1	100	100	NA	NA	100	100
xpSc0000550	220835	223843	Amillepora33561	1	0	0	0	0	0	NA	NA	0	0
xpSc0000550	274713	283377	Amillepora33565	17	0	0	0	0	0	0	0	0	0
xpSc0000550	244825	248598	Amillepora33563	15	0	0	0	0	0	0	0	0	0
xpSc0000643	804	6945	Amillepora37306	4	3	0.75	0.75	75	100	50	25	100	0
xpSc0000643	59252	60309	Amillepora37311	1	1	1	1	100	100	NA	NA	100	100
xpSc0000610	52607	53323	Amillepora36822	1	0	0	0	0	0	NA	NA	0	0
xpSc0000610	35674	48301	Amillepora36821	3	0	0	0	0	0	0	0	0	0
xpSc0000570	162065	163630	Amillepora35295	1	0	0	0	0	0	NA	NA	0	0
xpSc0000570	62175	63066	Amillepora35292	1	0	0	0	0	0	NA	NA	0	0
xpSc0000608	105905	108580	Amillepora36819	3	0	0	0	0	0	0	0	0	0
xpSc0000606	90650	91134	Amillepora36808	2	1	0.5	0.5	50	50	70.71067811865476	50	100	0
xpSc0000606	23597	89205	Amillepora36803	12	1	0.08333333333333333	0.08333333333333333	8.333333333333334	0	28.867513459481295	8.333333333333334	100	0
xpSc0000615	20971	26190	Amillepora36887	1	0	0	0	0	0	NA	NA	0	0
xpSc0000615	14420	15569	Amillepora36886	1	0	0	0	0	0	NA	NA	0	0
xpSc0000631	744	56582	Amillepora37183	21	5	0.23809523809523808	0.23809523809523808	23.80952380952381	0	43.64357804719847	9.523809523809524	100	0
xpSc0000631	71566	73023	Amillepora37186	5	1	0.2	0.2	20	0	44.721359549995796	20	100	0
xpSc0000931	1171	2460	Amillepora38231	1	0	0	0	0	0	NA	NA	0	0
xpSc0000638	51508	52311	Amillepora37277	2	1	0.5	0.5	50	50	70.71067811865476	50	100	0
xpSc0000638	13518	33028	Amillepora37274	6	3	0.5	0.5	50	50	54.772255750516614	22.3606797749979	100	0
xpSc0000638	10087	10655	Amillepora37272	1	0	0	0	0	0	NA	NA	0	0
xpSc0000699	7010	33682	Amillepora37794	6	1	0.16666666666666666	0.16666666666666666	16.666666666666668	0	40.8248290463863	16.66666666666667	100	0
xpSc0000635	35	12334	Amillepora37250	2	0	0	0	0	0	0	0	0	0
xpSc0000635	25515	59930	Amillepora37251	34	1	0.029411764705882353	0.029411764705882353	2.9411764705882355	0	17.149858514250884	2.941176470588235	100	0
xpSc0000635	66417	72269	Amillepora37253	5	0	0	0	0	0	0	0	0	0
xpSc0000635	72797	75667	Amillepora37254	4	0	0	0	0	0	0	0	0	0
xpSc0000635	60855	62332	Amillepora37252	1	0	0	0	0	0	NA	NA	0	0
xpSc0000650	3600	5045	Amillepora37341	1	0	0	0	0	0	NA	NA	0	0
xpSc0000650	37966	39541	Amillepora37346	1	0	0	0	0	0	NA	NA	0	0
xpSc0000650	43148	44578	Amillepora37347	1	0	0	0	0	0	NA	NA	0	0
xpSc0000650	63340	63863	Amillepora37349	1	0	0	0	0	0	NA	NA	0	0
xpSc0000650	29932	30894	Amillepora37344	1	0	0	0	0	0	NA	NA	0	0
xpSc0000589	75623	87760	Amillepora36220	1	0	0	0	0	0	NA	NA	0	0
xpSc0000554	22803	29979	Amillepora34022	1	0	0	0	0	0	NA	NA	0	0
xpSc0000554	101565	107196	Amillepora34027	1	0	0	0	0	0	NA	NA	0	0
xpSc0000554	212352	287986	Amillepora34035	22	0	0	0	0	0	0	0	0	0
xpSc0000554	211933	212294	Amillepora34034	1	0	0	0	0	0	NA	NA	0	0
xpSc0000718	1115	26556	Amillepora37934	9	0	0	0	0	0	0	0	0	0
xpSc0000548	49717	74983	Amillepora33371	15	10	0.6666666666666666	0.6666666666666666	66.66666666666667	100	48.795003647426654	12.598815766974239	100	0
xpSc0000548	26886	31161	Amillepora33370	6	1	0.16666666666666666	0.16666666666666666	16.666666666666668	0	40.8248290463863	16.66666666666667	100	0
xpSc0000548	84010	84705	Amillepora33372	3	0	0	0	0	0	0	0	0	0
xpSc0000548	95541	100182	Amillepora33373	1	0	0	0	0	0	NA	NA	0	0
xpSc0000548	104103	105991	Amillepora33374	1	0	0	0	0	0	NA	NA	0	0
xpSc0000548	161010	174726	Amillepora33380	6	0	0	0	0	0	0	0	0	0
xpSc0000548	175382	181272	Amillepora33381	1	1	1	1	100	100	NA	NA	100	100
xpSc0000548	214759	215618	Amillepora33384	2	0	0	0	0	0	0	0	0	0
xpSc0000548	385507	393381	Amillepora33399	4	0	0	0	0	0	0	0	0	0
xpSc0000548	351342	367445	Amillepora33396	14	1	0.07142857142857142	0.07142857142857142	7.142857142857143	0	26.72612419124244	7.142857142857143	100	0
xpSc0000548	289592	291814	Amillepora33392	1	0	0	0	0	0	NA	NA	0	0
xpSc0000548	343591	344423	Amillepora33394	6	0	0	0	0	0	0	0	0	0
xpSc0000613	101050	102597	Amillepora36873	1	0	0	0	0	0	NA	NA	0	0
xpSc0000613	102614	104776	Amillepora36874	2	0	0	0	0	0	0	0	0	0
xpSc0000613	52057	62043	Amillepora36869	14	0	0	0	0	0	0	0	0	0
xpSc0000613	34526	50604	Amillepora36866	13	4	0.3076923076923077	0.3076923076923077	30.76923076923077	0	48.03844614152614	13.323467750529826	100	0
xpSc0000613	68391	92789	Amillepora36870	10	1	0.1	0.1	10	0	31.622776601683793	10	100	0
xpSc0000716	22514	26815	Amillepora37929	3	0	0	0	0	0	0	0	0	0
xpSc0000716	603	10306	Amillepora37926	2	0	0	0	0	0	0	0	0	0
xpSc0000804	3197	6828	Amillepora38150	2	2	1	1	100	100	0	0	100	100
xpSc0000796	5408	6792	Amillepora38138	2	0	0	0	0	0	0	0	0	0
xpSc0000690	16597	20718	Amillepora37757	9	3	0.3333333333333333	0.3333333333333333	33.333333333333336	0	49.99999999999999	16.666666666666668	100	0
xpSc0000690	4983	15450	Amillepora37756	3	2	0.6666666666666666	0.6666666666666666	66.66666666666667	100	57.73502691896258	33.333333333333336	100	0
xpSc0000646	35613	38905	Amillepora37327	1	0	0	0	0	0	NA	NA	0	0
xpSc0000603	56324	64446	Amillepora36735	2	2	1	1	100	100	0	0	100	100
xpSc0000603	48597	50627	Amillepora36734	6	0	0	0	0	0	0	0	0	0
xpSc0000603	7596	23019	Amillepora36730	2	2	1	1	100	100	0	0	100	100
xpSc0000603	24963	33192	Amillepora36732	11	2	0.18181818181818182	0.18181818181818182	18.181818181818183	0	40.45199174779453	12.196734422726125	100	0
xpSc0000603	74081	75978	Amillepora36737	3	0	0	0	0	0	0	0	0	0
xpSc0000603	64917	70314	Amillepora36736	1	1	1	1	100	100	NA	NA	100	100
xpSc0000603	108130	110588	Amillepora36739	1	0	0	0	0	0	NA	NA	0	0
xpSc0000748	121	11183	Amillepora38035	2	2	1	1	100	100	0	0	100	100
xpSc0000682	34037	39877	Amillepora37705	1	0	0	0	0	0	NA	NA	0	0
xpSc0000682	3221	19572	Amillepora37704	3	0	0	0	0	0	0	0	0	0
xpSc0000553	70659	73866	Amillepora33996	1	0	0	0	0	0	NA	NA	0	0
xpSc0000553	41484	47127	Amillepora33993	6	0	0	0	0	0	0	0	0	0
xpSc0000553	85306	86756	Amillepora33997	2	0	0	0	0	0	0	0	0	0
xpSc0000553	122635	124024	Amillepora34007	2	0	0	0	0	0	0	0	0	0
xpSc0000553	151032	154063	Amillepora34013	1	0	0	0	0	0	NA	NA	0	0
xpSc0000553	162276	163226	Amillepora34017	1	1	1	1	100	100	NA	NA	100	100
xpSc0000553	64242	69581	Amillepora33995	7	0	0	0	0	0	0	0	0	0
xpSc0000553	166565	167805	Amillepora34019	2	0	0	0	0	0	0	0	0	0
xpSc0000553	127321	132028	Amillepora34010	1	0	0	0	0	0	NA	NA	0	0
xpSc0000553	181104	181397	Amillepora34020	1	0	0	0	0	0	NA	NA	0	0
xpSc0000553	86937	91087	Amillepora33998	2	1	0.5	0.5	50	50	70.71067811865476	50	100	0
xpSc0000652	38615	48219	Amillepora37376	3	0	0	0	0	0	0	0	0	0
xpSc0000779	7795	9351	Amillepora38111	3	1	0.3333333333333333	0.3333333333333333	33.333333333333336	0	57.735026918962575	33.333333333333336	100	0
xpSc0000772	7552	9703	Amillepora38104	1	0	0	0	0	0	NA	NA	0	0
xpSc0000772	4588	5466	Amillepora38103	1	1	1	1	100	100	NA	NA	100	100
xpSc0000590	61455	64177	Amillepora36238	13	1	0.07692307692307693	0.07142857142857142	7.6923076923076925	0	27.735009811261456	7.6923076923076925	100	0
xpSc0000590	74513	85864	Amillepora36243	2	0	0	0	0	0	0	0	0	0
xpSc0000573	135571	139103	Amillepora35500	8	1	0.125	0.125	12.5	0	35.35533905932738	12.5	100	0
xpSc0000573	119155	121074	Amillepora35496	3	2	0.6666666666666666	0.6666666666666666	66.66666666666667	100	57.73502691896258	33.333333333333336	100	0
xpSc0000573	48642	51561	Amillepora35488	1	0	0	0	0	0	NA	NA	0	0
xpSc0000573	75483	101520	Amillepora35490	7	0	0	0	0	0	0	0	0	0
xpSc0000573	173859	176549	Amillepora35503	1	0	0	0	0	0	NA	NA	0	0
xpSc0000573	163211	167619	Amillepora35502	4	0	0	0	0	0	0	0	0	0
xpSc0000573	137710	150003	Amillepora35501	2	0	0	0	0	0	0	0	0	0
xpSc0000573	97122	97334	Amillepora35492	1	0	0	0	0	0	NA	NA	0	0
xpSc0000573	121724	123506	Amillepora35497	1	0	0	0	0	0	NA	NA	0	0
xpSc0000599	78301	79162	Amillepora36594	1	0	0	0	0	0	NA	NA	0	0
xpSc0000599	7292	9399	Amillepora36590	1	0	0	0	0	0	NA	NA	0	0
xpSc0000599	87173	95529	Amillepora36595	1	0	0	0	0	0	NA	NA	0	0
xpSc0000599	115976	116311	Amillepora36603	1	1	1	1	100	100	NA	NA	100	100
xpSc0000599	12316	62415	Amillepora36591	11	9	0.8181818181818182	0.8181818181818182	81.81818181818181	100	40.45199174779453	12.196734422726125	100	0
xpSc0000599	101585	102185	Amillepora36597	1	0	0	0	0	0	NA	NA	0	0
